:RUN-5	LEVEL SWEEP	TEMP:NaN	2/15/2024	3:13 PM	HR:NaN:SW EAR: L	SW FREQ: 45.30	# AVERAGES: 512	REP RATE (/sec): 39	DRIVER: 	SAMPLE (µsec): 40	MASKER dB: 0:Threshold: 52.6:NOTES-:CHAMBER-Bach:Avgs: 512;512;512;512;512;512;512;512;512;512;512;512;512;512;512
:Tries: 588;580;584;570;578;592;582;573;572;567;572;569;572;566;564
:Log: :Vary signal level: TRUE :Control: NaN:CFTS Version: V2.37.2 (R3379):LEVELS:30;35;40;45;50;55;60;65;70;75;80;85;90;95;100;:DATA  0.036577	 -0.020616	  0.022361	  0.027439	  0.036110	  0.002277	 -0.107284	 -0.035407	  0.065438	 -0.106295	  0.020763	  0.010371	  0.005173	  0.069497	  0.053691
  0.048165	 -0.012282	 -0.011806	  0.019641	  0.020001	 -0.003083	 -0.090820	 -0.020072	  0.021010	 -0.075019	 -0.005150	  0.009364	  0.004559	  0.105220	  0.035018
  0.082708	  0.007393	 -0.026096	 -0.006027	  0.030502	 -0.015443	 -0.065161	 -0.032630	  0.018946	 -0.060726	  0.005423	  0.025250	 -0.010448	  0.104194	  0.039005
  0.084165	 -0.000150	 -0.019994	 -0.012270	  0.016098	 -0.009841	 -0.046631	 -0.038854	  0.016116	 -0.061345	  0.011745	  0.044375	 -0.008045	  0.081359	  0.030467
  0.083600	 -0.005505	 -0.002916	 -0.017483	  0.031159	 -0.006742	 -0.020981	 -0.031374	  0.001224	 -0.066956	  0.029221	  0.037281	 -0.046103	  0.067285	  0.029045
  0.096176	 -0.004923	  0.015486	 -0.016341	  0.049739	 -0.004842	  0.013553	 -0.046074	  0.011132	 -0.042483	  0.031678	 -0.002045	 -0.028515	  0.067530	  0.023083
  0.067005	 -0.011798	  0.000854	 -0.032307	  0.043080	  0.029315	  0.035404	 -0.030862	  0.024073	  0.004279	  0.010895	 -0.009283	 -0.034156	  0.066289	  0.053635
  0.041684	 -0.006474	  0.001793	 -0.033490	  0.043947	  0.023891	  0.043103	 -0.007112	 -0.008939	  0.023661	 -0.003381	 -0.027423	 -0.038025	  0.068922	  0.061693
  0.021783	 -0.012684	 -0.001007	 -0.035693	  0.047448	  0.005519	  0.030412	 -0.000886	 -0.008889	  0.010755	 -0.014879	 -0.032299	 -0.012320	  0.030727	  0.062428
 -0.037884	 -0.015514	  0.000427	 -0.003452	  0.060171	 -0.008104	  0.062554	  0.004406	 -0.018224	  0.016469	 -0.021694	 -0.013616	 -0.002654	  0.007328	  0.067958
 -0.059803	 -0.028509	  0.014479	  0.013725	  0.052366	 -0.011916	  0.083822	 -0.003940	 -0.030588	  0.048141	 -0.005955	  0.004674	  0.012230	  0.017145	  0.048119
 -0.044544	 -0.018828	  0.033840	  0.009681	  0.012830	 -0.014245	  0.032459	 -0.007309	 -0.026651	  0.059382	  0.005342	  0.008423	  0.013577	  0.006009	  0.020743
 -0.062335	  0.008908	  0.021920	  0.005406	  0.006053	 -0.029374	  0.009127	 -0.017733	 -0.018530	  0.059379	 -0.020035	  0.028647	  0.046481	 -0.035383	  0.008094
 -0.077858	  0.006114	  0.018486	  0.012753	 -0.000699	 -0.013082	  0.015285	  0.001391	 -0.021034	  0.045959	 -0.018605	  0.022690	  0.052932	 -0.064986	 -0.032733
 -0.067173	  0.001027	  0.015491	 -0.000145	 -0.031343	  0.031524	  0.032746	  0.016173	 -0.026533	  0.040526	 -0.017984	  0.013403	  0.046515	 -0.092907	 -0.055922
 -0.045351	  0.006510	 -0.001081	 -0.012752	 -0.072647	  0.026002	  0.017318	  0.034931	 -0.018854	  0.024222	 -0.017714	  0.026922	  0.036898	 -0.083455	 -0.064493
 -0.043165	  0.005136	 -0.005882	  0.001447	 -0.075836	  0.001635	 -0.013675	  0.041849	 -0.016643	  0.001991	 -0.010886	 -0.004638	  0.018593	 -0.071219	 -0.079080
 -0.055493	  0.006652	 -0.022909	  0.026692	 -0.075685	  0.001304	 -0.000764	  0.055502	  0.004641	  0.014724	  0.010221	 -0.029030	 -0.006351	 -0.087708	 -0.097885
 -0.049035	  0.037593	 -0.033319	  0.026257	 -0.096152	  0.007629	  0.001456	  0.063739	  0.018708	  0.041190	  0.001453	 -0.052386	 -0.026120	 -0.117477	 -0.105819
 -0.019223	  0.057951	 -0.020127	  0.026918	 -0.097142	 -0.012423	 -0.031922	  0.054260	  0.013597	  0.022145	  0.009541	 -0.060681	 -0.024220	 -0.138371	 -0.097047
 -0.021555	  0.058591	 -0.027916	  0.049773	 -0.112959	 -0.012144	 -0.047640	  0.044215	  0.019844	  0.012569	 -0.005544	 -0.066499	 -0.042286	 -0.148447	 -0.086942
 -0.032239	  0.072590	 -0.018335	  0.059484	 -0.088758	 -0.012126	 -0.046652	  0.004102	  0.019589	  0.029219	 -0.022941	 -0.061788	 -0.051787	 -0.141438	 -0.098920
 -0.047752	  0.069697	 -0.024519	  0.057715	 -0.073614	 -0.028098	 -0.052335	 -0.002116	  0.012283	  0.009376	 -0.020157	 -0.059249	 -0.055726	 -0.116732	 -0.099670
 -0.053660	  0.080528	 -0.011224	  0.066997	 -0.083769	 -0.029155	 -0.040019	  0.016300	  0.009036	 -0.012355	 -0.026172	 -0.096273	 -0.053462	 -0.155695	 -0.094748
 -0.058753	  0.044778	 -0.006195	  0.080053	 -0.097065	 -0.035311	 -0.021173	 -0.007235	  0.001394	 -0.024283	 -0.036772	 -0.130836	 -0.077753	 -0.181677	 -0.120753
 -0.060094	  0.032215	 -0.028292	  0.091576	 -0.097178	 -0.042638	 -0.048541	 -0.013414	 -0.025208	 -0.083168	 -0.010839	 -0.140818	 -0.067669	 -0.192878	 -0.116406
 -0.075578	  0.017927	 -0.070180	  0.095446	 -0.081067	 -0.018495	 -0.083600	 -0.043844	 -0.055667	 -0.132858	 -0.006428	 -0.164513	 -0.041134	 -0.182570	 -0.121903
 -0.104339	  0.000496	 -0.072337	  0.096597	 -0.077498	 -0.047403	 -0.086929	 -0.068712	 -0.067893	 -0.144088	 -0.004301	 -0.182262	 -0.051190	 -0.142025	 -0.128219
 -0.106820	 -0.008125	 -0.072425	  0.089579	 -0.072286	 -0.070692	 -0.094818	 -0.055659	 -0.091743	 -0.156103	 -0.019624	 -0.162902	 -0.079009	 -0.120535	 -0.114203
 -0.108290	  0.016169	 -0.081771	  0.070348	 -0.083154	 -0.062223	 -0.073945	 -0.044127	 -0.102849	 -0.158513	 -0.030245	 -0.153093	 -0.089144	 -0.104376	 -0.044570
 -0.121384	  0.008319	 -0.071889	  0.065206	 -0.078140	 -0.083463	 -0.067581	 -0.029518	 -0.090620	 -0.147913	 -0.042111	 -0.130214	 -0.065185	 -0.065357	 -0.006581
 -0.129979	 -0.000827	 -0.045942	  0.062037	 -0.091335	 -0.122813	 -0.075599	 -0.041278	 -0.063667	 -0.116305	 -0.017889	 -0.085643	 -0.086411	 -0.044528	  0.007324
 -0.109503	  0.004783	 -0.066103	  0.066064	 -0.074728	 -0.125059	 -0.102908	 -0.037607	 -0.035517	 -0.103719	  0.000210	 -0.065000	 -0.066582	 -0.031337	  0.033691
 -0.075016	 -0.004628	 -0.075705	  0.082945	 -0.062119	 -0.106350	 -0.102446	 -0.021963	 -0.023611	 -0.092888	  0.017858	 -0.042857	 -0.026362	 -0.009387	  0.070810
 -0.062349	 -0.013801	 -0.062132	  0.117412	 -0.035893	 -0.078921	 -0.088271	 -0.008890	 -0.000533	 -0.057436	  0.009053	 -0.026535	  0.019779	  0.003514	  0.084828
 -0.093050	 -0.024825	 -0.046797	  0.133765	 -0.012903	 -0.081130	 -0.084360	 -0.021963	  0.037769	 -0.048324	  0.014174	 -0.035085	  0.034462	 -0.015160	  0.078391
 -0.071948	 -0.021240	 -0.043691	  0.084824	 -0.015740	 -0.049469	 -0.078259	 -0.023891	  0.014058	 -0.043112	  0.006968	 -0.039650	  0.035192	 -0.038048	  0.067473
 -0.067066	 -0.027444	 -0.059454	  0.093828	 -0.012745	 -0.021588	 -0.104507	 -0.018299	  0.002319	 -0.071048	 -0.018547	 -0.000872	  0.023575	 -0.065064	  0.014665
 -0.070903	 -0.007507	 -0.071086	  0.099967	 -0.039046	 -0.009849	 -0.144928	 -0.051032	  0.004082	 -0.058247	 -0.003177	 -0.031961	 -0.002689	 -0.107671	 -0.032364
 -0.058072	  0.008383	 -0.049145	  0.089986	 -0.043339	  0.007486	 -0.140431	 -0.057894	  0.021295	 -0.051228	  0.031659	 -0.038138	 -0.065045	 -0.137962	 -0.048837
 -0.051047	  0.017766	 -0.021320	  0.098018	 -0.006735	  0.047258	 -0.127577	 -0.046876	  0.020623	 -0.042457	  0.027462	 -0.046280	 -0.110341	 -0.152642	 -0.034759
 -0.054607	 -0.010320	 -0.012467	  0.122891	 -0.000744	  0.080316	 -0.103611	 -0.073747	  0.004548	 -0.020120	  0.007222	 -0.082374	 -0.102209	 -0.159445	 -0.025049
 -0.033552	 -0.029157	 -0.010468	  0.136114	 -0.037296	  0.087818	 -0.044776	 -0.087928	 -0.020587	 -0.041098	  0.014698	 -0.110736	 -0.117671	 -0.177086	 -0.070378
 -0.025159	  0.002084	 -0.001751	  0.148299	 -0.081668	  0.071494	 -0.043719	 -0.090909	 -0.043551	 -0.052990	  0.013947	 -0.134332	 -0.099399	 -0.158565	 -0.115346
 -0.057921	  0.018984	 -0.019544	  0.129743	 -0.096397	  0.063434	 -0.056571	 -0.101421	 -0.087746	 -0.052590	  0.007938	 -0.140665	 -0.110835	 -0.180426	 -0.107340
 -0.075165	  0.017923	 -0.040452	  0.111604	 -0.121169	  0.093833	 -0.050983	 -0.137797	 -0.123725	 -0.084446	 -0.021650	 -0.148539	 -0.122694	 -0.229513	 -0.105189
 -0.081396	  0.017288	 -0.020139	  0.094477	 -0.141600	  0.089099	 -0.066202	 -0.142363	 -0.111596	 -0.130430	 -0.036274	 -0.146113	 -0.153891	 -0.258567	 -0.134814
 -0.086051	  0.035673	 -0.038641	  0.098883	 -0.174958	  0.079727	 -0.074747	 -0.140087	 -0.093683	 -0.159938	 -0.037073	 -0.152580	 -0.185736	 -0.295033	 -0.183543
 -0.087797	  0.026966	 -0.033390	  0.099517	 -0.182000	  0.079904	 -0.075192	 -0.139595	 -0.089409	 -0.172427	 -0.056873	 -0.186929	 -0.214770	 -0.347160	 -0.195571
 -0.070932	 -0.010783	 -0.014299	  0.097971	 -0.176815	  0.057937	 -0.114260	 -0.171485	 -0.094463	 -0.171579	 -0.085736	 -0.211926	 -0.228718	 -0.366665	 -0.222473
 -0.072874	 -0.030675	 -0.017673	  0.098905	 -0.177208	  0.033221	 -0.115286	 -0.185038	 -0.086441	 -0.178246	 -0.113608	 -0.233288	 -0.242336	 -0.355723	 -0.221293
 -0.105620	 -0.025737	 -0.039830	  0.077188	 -0.208621	  0.012511	 -0.113395	 -0.143962	 -0.110954	 -0.207741	 -0.118586	 -0.272818	 -0.264383	 -0.331962	 -0.179882
 -0.104595	  0.020568	 -0.022627	  0.081634	 -0.201354	 -0.000366	 -0.138072	 -0.140288	 -0.150471	 -0.236746	 -0.148662	 -0.262149	 -0.267813	 -0.341960	 -0.134352
 -0.076660	  0.027519	 -0.025914	  0.107111	 -0.184588	  0.020677	 -0.131336	 -0.146032	 -0.166437	 -0.256464	 -0.150897	 -0.279143	 -0.262715	 -0.346989	 -0.105546
 -0.032462	  0.017637	 -0.019611	  0.106116	 -0.186461	  0.030027	 -0.123987	 -0.139416	 -0.176954	 -0.267627	 -0.145573	 -0.263570	 -0.234460	 -0.318817	 -0.106026
 -0.041124	  0.011567	 -0.024143	  0.108333	 -0.177226	  0.030158	 -0.112365	 -0.147190	 -0.177920	 -0.246168	 -0.102314	 -0.253251	 -0.229714	 -0.279929	 -0.085063
 -0.047710	  0.005159	 -0.027688	  0.135135	 -0.170406	  0.047437	 -0.101416	 -0.148127	 -0.189486	 -0.230438	 -0.102548	 -0.252268	 -0.203284	 -0.236983	 -0.085723
 -0.029680	  0.000759	 -0.021099	  0.132169	 -0.132113	  0.048817	 -0.081402	 -0.159651	 -0.170625	 -0.221852	 -0.125602	 -0.233579	 -0.168122	 -0.192297	 -0.086131
 -0.033468	  0.007285	 -0.017455	  0.124691	 -0.098142	  0.041794	 -0.091965	 -0.174417	 -0.170086	 -0.215915	 -0.084229	 -0.197838	 -0.150377	 -0.116402	 -0.051033
 -0.036027	  0.007029	 -0.028610	  0.119394	 -0.096663	  0.037598	 -0.107474	 -0.153764	 -0.161378	 -0.216746	 -0.077337	 -0.163478	 -0.122546	 -0.057196	 -0.014253
 -0.051393	 -0.009551	 -0.018304	  0.120370	 -0.069017	  0.030123	 -0.130004	 -0.138424	 -0.142728	 -0.192279	 -0.055020	 -0.143185	 -0.045734	 -0.003394	  0.029770
 -0.085163	 -0.055508	  0.019076	  0.111957	 -0.043336	  0.028174	 -0.119371	 -0.130318	 -0.132015	 -0.182641	  0.029693	 -0.092519	 -0.014077	  0.064201	  0.072936
 -0.088382	 -0.089585	  0.019744	  0.119482	 -0.070336	  0.001008	 -0.122493	 -0.113365	 -0.127400	 -0.125592	  0.049844	 -0.006687	  0.006170	  0.097115	  0.118591
 -0.084937	 -0.124977	  0.025157	  0.125431	 -0.154275	 -0.024032	 -0.153452	 -0.089205	 -0.120670	 -0.047225	  0.071690	  0.070232	  0.042895	  0.179383	  0.144936
 -0.088563	 -0.117578	  0.000158	  0.120549	 -0.158083	 -0.060873	 -0.145537	 -0.067350	 -0.114439	 -0.018562	  0.107536	  0.118578	  0.070566	  0.227031	  0.153077
 -0.088934	 -0.087665	  0.000817	  0.160056	 -0.128648	 -0.076194	 -0.130946	 -0.038010	 -0.071246	 -0.003111	  0.129487	  0.135066	  0.076360	  0.189632	  0.137535
 -0.062378	 -0.106831	  0.027041	  0.157884	 -0.121440	 -0.047943	 -0.126407	 -0.013891	 -0.048197	  0.036341	  0.153616	  0.155739	  0.061067	  0.145015	  0.115619
 -0.072638	 -0.127681	  0.014293	  0.154885	 -0.118009	 -0.040346	 -0.098873	  0.003619	 -0.023837	  0.068036	  0.191246	  0.172495	  0.064072	  0.111995	  0.122948
 -0.106061	 -0.122548	  0.020815	  0.130166	 -0.124603	 -0.054658	 -0.058872	  0.027731	 -0.003574	  0.072720	  0.197389	  0.151933	  0.044654	  0.074692	  0.121720
 -0.114620	 -0.134424	  0.044755	  0.097002	 -0.114153	 -0.068341	 -0.049706	  0.073988	 -0.034123	  0.055556	  0.181900	  0.084257	  0.022556	  0.039326	  0.103596
 -0.107791	 -0.132576	  0.037180	  0.072712	 -0.109105	 -0.048620	 -0.041461	  0.083963	 -0.029377	  0.070574	  0.195535	  0.062961	 -0.017590	  0.018971	  0.096884
 -0.054301	 -0.123042	  0.047914	  0.042541	 -0.097961	 -0.054794	 -0.020374	  0.110742	 -0.021340	  0.074469	  0.225800	  0.057407	 -0.012442	  0.023650	  0.071457
 -0.027322	 -0.128110	  0.052284	  0.021786	 -0.104033	 -0.049822	 -0.033120	  0.125607	 -0.016145	  0.046317	  0.230393	  0.035162	 -0.009561	  0.009419	  0.055098
 -0.025791	 -0.110252	  0.049872	  0.028420	 -0.099735	 -0.019865	 -0.019035	  0.128977	 -0.000257	  0.028323	  0.206160	  0.019974	 -0.023941	  0.031041	  0.049464
 -0.007022	 -0.095290	  0.055399	  0.053974	 -0.072233	 -0.003575	 -0.022061	  0.133030	  0.007964	  0.061814	  0.191665	  0.005177	 -0.020026	  0.039296	  0.069138
  0.015957	 -0.091567	  0.067601	  0.044204	 -0.066880	  0.007563	 -0.014041	  0.139659	  0.042833	  0.086509	  0.180432	  0.004125	  0.005718	  0.067114	  0.107319
  0.018700	 -0.066190	  0.074084	  0.018334	 -0.083834	  0.010672	  0.001149	  0.162087	  0.064410	  0.086626	  0.167524	  0.016637	  0.030517	  0.115090	  0.166710
  0.003433	 -0.078477	  0.066814	  0.052617	 -0.070642	  0.030115	 -0.011752	  0.147440	  0.064013	  0.122060	  0.189370	  0.010149	  0.055786	  0.112259	  0.229873
  0.008902	 -0.088250	  0.063384	  0.079802	 -0.068132	  0.022457	 -0.042757	  0.169637	  0.068045	  0.142939	  0.225364	  0.012108	  0.105493	  0.130260	  0.264849
  0.003714	 -0.065730	  0.040540	  0.090079	 -0.061097	  0.065796	 -0.041854	  0.171425	  0.079603	  0.174401	  0.270670	  0.068778	  0.145428	  0.173506	  0.301987
  0.010064	 -0.042027	  0.008161	  0.095961	 -0.061304	  0.116845	  0.010569	  0.185342	  0.110177	  0.180803	  0.308683	  0.082658	  0.178711	  0.175529	  0.312718
  0.016842	 -0.030817	  0.000299	  0.097315	 -0.080212	  0.175464	  0.060730	  0.186703	  0.151958	  0.190927	  0.307083	  0.092328	  0.202559	  0.147322	  0.281705
  0.015624	 -0.015583	  0.019573	  0.092904	 -0.060672	  0.208923	  0.058252	  0.194873	  0.176234	  0.206095	  0.310175	  0.120909	  0.207132	  0.128653	  0.256021
  0.030595	 -0.006377	  0.027475	  0.097118	 -0.037461	  0.249352	  0.044138	  0.209567	  0.144078	  0.209442	  0.299821	  0.112005	  0.192804	  0.057232	  0.198701
  0.025954	 -0.003234	  0.033900	  0.094106	 -0.003800	  0.258846	  0.042119	  0.199583	  0.133915	  0.201569	  0.299846	  0.080708	  0.111689	 -0.023967	  0.129296
 -0.003008	 -0.009769	  0.034598	  0.134839	  0.002173	  0.247220	  0.031543	  0.170591	  0.139567	  0.154866	  0.246273	  0.037445	  0.060841	 -0.098807	  0.059623
 -0.016932	 -0.000103	  0.034319	  0.165053	 -0.000426	  0.247544	  0.045051	  0.188957	  0.130014	  0.116374	  0.153672	 -0.027756	  0.021011	 -0.160741	 -0.009944
  0.006832	 -0.001997	  0.031299	  0.146414	 -0.002088	  0.232154	  0.041563	  0.190594	  0.116251	  0.084394	  0.085786	 -0.100027	 -0.036573	 -0.192792	 -0.054273
  0.000540	  0.002788	  0.034700	  0.131060	 -0.011707	  0.228571	  0.002261	  0.164102	  0.069557	  0.033547	  0.038108	 -0.175379	 -0.061883	 -0.187485	 -0.059263
 -0.009332	 -0.029612	  0.035048	  0.143477	 -0.004072	  0.218525	 -0.010732	  0.132857	  0.031877	 -0.004165	  0.003155	 -0.196899	 -0.099222	 -0.188141	 -0.072092
  0.002829	 -0.092011	  0.037867	  0.152529	 -0.024512	  0.190205	 -0.053076	  0.106521	  0.015950	 -0.046149	 -0.009048	 -0.169884	 -0.121379	 -0.165519	 -0.050666
 -0.011645	 -0.103096	  0.030313	  0.158282	 -0.045378	  0.159686	 -0.098202	  0.062091	  0.024459	 -0.056571	  0.006481	 -0.159887	 -0.088658	 -0.139807	 -0.023213
 -0.003082	 -0.086788	  0.034237	  0.169912	 -0.066016	  0.126596	 -0.108958	  0.021780	  0.016534	 -0.045285	  0.027338	 -0.142422	 -0.084338	 -0.101355	  0.044338
 -0.031651	 -0.059256	  0.051173	  0.159142	 -0.099920	  0.101274	 -0.109853	  0.009458	 -0.014378	 -0.028453	  0.023380	 -0.101782	 -0.040598	 -0.042278	  0.077033
 -0.045960	 -0.081717	  0.033768	  0.141149	 -0.106541	  0.059480	 -0.098165	  0.009413	  0.008078	 -0.022951	  0.069465	 -0.041821	  0.010879	  0.017128	  0.092491
 -0.017421	 -0.092626	  0.029250	  0.139852	 -0.096998	  0.040874	 -0.119586	  0.040311	  0.072571	 -0.011095	  0.136868	  0.010246	  0.058915	  0.060123	  0.125773
  0.011064	 -0.075038	  0.023530	  0.140573	 -0.098064	  0.040302	 -0.116236	  0.076399	  0.122196	  0.011014	  0.169628	  0.039757	  0.074991	  0.090738	  0.162671
  0.039438	 -0.028962	  0.046507	  0.151433	 -0.144383	  0.037500	 -0.078896	  0.100213	  0.139590	  0.014723	  0.187376	  0.038171	  0.073949	  0.112011	  0.164731
  0.037023	  0.001001	  0.059298	  0.155431	 -0.147504	  0.062845	 -0.048372	  0.136454	  0.140071	  0.013256	  0.203204	  0.036013	  0.069357	  0.139742	  0.180201
  0.042068	  0.019617	  0.052434	  0.160410	 -0.123987	  0.110798	 -0.008054	  0.152531	  0.143053	  0.042337	  0.216007	  0.034845	  0.090285	  0.138331	  0.188752
  0.028607	  0.029130	  0.043510	  0.160806	 -0.105141	  0.127293	  0.023101	  0.147987	  0.126798	  0.073086	  0.208876	  0.053926	  0.084336	  0.114209	  0.196618
  0.013570	  0.007097	  0.017396	  0.157169	 -0.082816	  0.173904	  0.061942	  0.149812	  0.133589	  0.072433	  0.194081	  0.053238	  0.048813	  0.094455	  0.191558
 -0.014035	 -0.014365	  0.018976	  0.162010	 -0.075584	  0.210507	  0.115776	  0.127727	  0.123232	  0.051979	  0.154259	  0.039609	  0.025623	  0.054834	  0.115012
 -0.039163	 -0.014379	  0.021022	  0.180668	 -0.034192	  0.206303	  0.123702	  0.134195	  0.131091	  0.022704	  0.149905	  0.034153	  0.035997	 -0.006535	  0.053677
 -0.032276	 -0.047277	  0.011057	  0.181043	 -0.009581	  0.236533	  0.115298	  0.130603	  0.130387	  0.006543	  0.133901	  0.017381	  0.033177	 -0.047435	  0.021294
 -0.037689	 -0.045060	 -0.026551	  0.188540	  0.007398	  0.245262	  0.111185	  0.116835	  0.105141	 -0.008019	  0.078413	  0.007086	 -0.009442	 -0.079645	 -0.029896
 -0.059331	 -0.025177	 -0.037796	  0.196608	  0.030529	  0.244859	  0.086976	  0.103766	  0.094118	 -0.004362	  0.041921	 -0.035163	 -0.044834	 -0.107773	 -0.051388
 -0.059306	 -0.003670	 -0.023132	  0.203489	  0.022666	  0.224137	  0.057593	  0.119420	  0.100147	 -0.016335	  0.054252	 -0.075392	 -0.083802	 -0.107376	 -0.048596
 -0.082651	  0.001981	 -0.024635	  0.225920	 -0.007094	  0.180675	  0.011871	  0.101063	  0.113330	 -0.032545	  0.048344	 -0.074287	 -0.132861	 -0.122640	 -0.089952
 -0.095008	  0.013084	 -0.023312	  0.232874	  0.000164	  0.169273	 -0.029974	  0.055351	  0.066475	 -0.031915	  0.031782	 -0.084380	 -0.148184	 -0.129322	 -0.126642
 -0.073233	  0.013461	 -0.016616	  0.245577	  0.034582	  0.164397	 -0.036852	  0.023641	  0.042177	 -0.052997	  0.055806	 -0.097689	 -0.117565	 -0.131025	 -0.134065
 -0.047159	  0.038374	 -0.033457	  0.238763	  0.029953	  0.139223	 -0.044139	 -0.003780	  0.007843	 -0.043520	  0.060882	 -0.109202	 -0.137842	 -0.147139	 -0.168906
 -0.028682	  0.079337	 -0.024985	  0.225682	  0.056471	  0.140005	 -0.014770	 -0.005966	 -0.003095	 -0.051525	  0.044877	 -0.121154	 -0.170942	 -0.154847	 -0.196237
 -0.024542	  0.098783	 -0.004733	  0.201522	  0.052927	  0.108356	 -0.007152	 -0.015414	 -0.020607	 -0.087427	  0.041734	 -0.113515	 -0.197282	 -0.163871	 -0.202018
 -0.032066	  0.110679	  0.016935	  0.187071	  0.040565	  0.103975	 -0.046512	 -0.033902	 -0.030477	 -0.105533	  0.018317	 -0.128506	 -0.225326	 -0.178850	 -0.223515
 -0.044167	  0.120925	  0.026394	  0.191324	  0.034454	  0.088127	 -0.078529	 -0.065883	 -0.041730	 -0.108145	  0.013849	 -0.185724	 -0.215420	 -0.192352	 -0.209978
 -0.037177	  0.146456	  0.039945	  0.192443	  0.027229	  0.072773	 -0.103682	 -0.064098	 -0.067678	 -0.124809	  0.017018	 -0.224983	 -0.212943	 -0.177302	 -0.203772
 -0.043110	  0.160825	  0.038172	  0.182265	  0.006162	  0.062654	 -0.135756	 -0.058151	 -0.096029	 -0.115622	  0.006989	 -0.240600	 -0.228409	 -0.167192	 -0.214570
 -0.040693	  0.175102	  0.049051	  0.180951	 -0.004724	  0.048445	 -0.139435	 -0.087072	 -0.110989	 -0.137348	  0.003115	 -0.241902	 -0.216616	 -0.165017	 -0.190059
 -0.034744	  0.157901	  0.031928	  0.178884	 -0.018911	  0.034421	 -0.137300	 -0.103218	 -0.101480	 -0.158670	 -0.033266	 -0.214904	 -0.154871	 -0.152706	 -0.176776
 -0.012243	  0.115587	  0.028759	  0.163475	 -0.049389	  0.013431	 -0.132807	 -0.088655	 -0.114731	 -0.142973	 -0.037248	 -0.221525	 -0.136507	 -0.155964	 -0.143459
  0.019441	  0.107779	  0.061980	  0.172874	 -0.054244	  0.011418	 -0.144835	 -0.081261	 -0.099943	 -0.130238	 -0.017743	 -0.190381	 -0.103441	 -0.118406	 -0.114379
  0.025001	  0.111598	  0.077180	  0.172347	 -0.068313	 -0.006128	 -0.151239	 -0.087192	 -0.113054	 -0.144279	 -0.026046	 -0.166666	 -0.075264	 -0.089831	 -0.057918
  0.033345	  0.085315	  0.099313	  0.150189	 -0.078557	 -0.030322	 -0.176134	 -0.111775	 -0.122786	 -0.142646	  0.001250	 -0.132345	 -0.040240	 -0.074834	 -0.005759
  0.036569	  0.066179	  0.108456	  0.158144	 -0.085349	 -0.019566	 -0.202239	 -0.108280	 -0.106128	 -0.131040	  0.048716	 -0.117615	 -0.007497	 -0.067387	  0.039532
  0.073232	  0.062379	  0.100851	  0.138436	 -0.086668	 -0.007154	 -0.206870	 -0.069382	 -0.112592	 -0.131415	  0.051382	 -0.074062	 -0.004973	 -0.072900	  0.073673
  0.078970	  0.048455	  0.102909	  0.114762	 -0.093460	  0.030046	 -0.184980	 -0.017253	 -0.084653	 -0.099589	  0.058197	 -0.052646	  0.018555	 -0.062595	  0.101111
  0.060313	 -0.007149	  0.110234	  0.069321	 -0.080012	  0.062766	 -0.160407	  0.030900	 -0.042254	 -0.070380	  0.106956	 -0.035753	  0.037273	 -0.015240	  0.133342
  0.046672	 -0.055821	  0.120241	  0.017666	 -0.072305	  0.070931	 -0.151107	  0.015307	 -0.028336	 -0.020874	  0.124636	 -0.002509	  0.056193	  0.017207	  0.158997
  0.050875	 -0.044546	  0.108092	 -0.013644	 -0.059914	  0.076433	 -0.142468	  0.026004	 -0.008648	  0.004726	  0.153667	  0.034696	  0.080343	  0.046950	  0.170305
  0.046743	 -0.045574	  0.120295	 -0.001606	 -0.043410	  0.100563	 -0.118849	  0.048847	  0.019989	  0.022062	  0.207972	  0.060236	  0.087940	  0.056607	  0.187732
  0.042770	 -0.035772	  0.127889	  0.009985	 -0.078297	  0.107453	 -0.081167	  0.064939	  0.040485	  0.063861	  0.241207	  0.046122	  0.045362	  0.034475	  0.207085
  0.062971	 -0.059592	  0.130105	 -0.001219	 -0.085856	  0.081065	 -0.028838	  0.076234	  0.040078	  0.081040	  0.269062	  0.022443	  0.019323	  0.040786	  0.194899
  0.068045	 -0.069895	  0.146619	  0.021402	 -0.097834	  0.082470	 -0.016454	  0.113596	  0.045596	  0.071006	  0.262151	  0.022392	  0.027921	  0.018820	  0.183597
  0.060432	 -0.098234	  0.144942	  0.017526	 -0.104070	  0.081648	 -0.003497	  0.145283	  0.040765	  0.075367	  0.260317	  0.020322	  0.034421	  0.011751	  0.155633
  0.054156	 -0.108310	  0.158028	  0.046106	 -0.072068	  0.079137	  0.020458	  0.136238	  0.030171	  0.072313	  0.246719	 -0.004952	  0.016325	  0.002035	  0.143389
  0.043120	 -0.128133	  0.185919	  0.069555	 -0.051145	  0.088093	  0.026621	  0.164473	  0.025506	  0.079976	  0.233505	  0.000515	  0.017231	  0.013580	  0.126970
  0.026912	 -0.120544	  0.185938	  0.102275	 -0.032063	  0.070808	  0.027936	  0.148040	  0.028290	  0.082824	  0.220200	  0.007884	  0.025934	  0.028948	  0.116441
 -0.005857	 -0.104577	  0.166327	  0.111911	 -0.035095	  0.039089	  0.025536	  0.133488	  0.047877	  0.074598	  0.234353	  0.020397	  0.023980	  0.013681	  0.094740
 -0.022253	 -0.136702	  0.159299	  0.129359	 -0.021553	  0.021853	  0.034339	  0.143388	  0.037055	  0.060946	  0.254320	  0.038250	  0.017410	 -0.001252	  0.052251
 -0.033754	 -0.120949	  0.146686	  0.134820	 -0.008980	  0.006493	  0.054528	  0.129962	  0.028571	  0.045610	  0.255976	  0.021059	  0.018016	 -0.030746	  0.023872
 -0.032819	 -0.096457	  0.153394	  0.190538	 -0.012811	  0.009005	  0.081968	  0.111791	  0.036843	 -0.003761	  0.229511	 -0.016197	  0.028263	 -0.020198	 -0.012378
 -0.031192	 -0.087682	  0.160384	  0.218812	 -0.016202	  0.026824	  0.044842	  0.097515	  0.033812	  0.006694	  0.182115	 -0.015981	  0.033584	  0.002862	 -0.036198
 -0.033099	 -0.058934	  0.138643	  0.215479	 -0.005572	  0.065323	  0.016400	  0.085455	  0.024745	  0.021760	  0.164214	 -0.013274	  0.035665	  0.017406	 -0.053493
 -0.024152	 -0.026926	  0.155729	  0.212949	  0.000632	  0.057090	 -0.002732	  0.070507	  0.032511	  0.007626	  0.148416	 -0.020803	  0.016619	  0.000894	 -0.042189
 -0.021096	 -0.001654	  0.148911	  0.213289	  0.016926	  0.048557	  0.016479	  0.030098	  0.045941	 -0.005576	  0.123424	 -0.024636	 -0.007873	 -0.017831	 -0.046497
 -0.041455	  0.022247	  0.161152	  0.229042	  0.030698	  0.039657	  0.039790	 -0.003049	  0.015296	 -0.031760	  0.134452	 -0.035297	 -0.041183	 -0.022077	 -0.053901
 -0.047451	  0.023570	  0.136999	  0.227903	  0.017452	  0.025125	  0.020938	  0.005895	 -0.001955	 -0.031238	  0.129652	 -0.034717	 -0.029256	 -0.027546	 -0.035169
 -0.067052	  0.029132	  0.123383	  0.205320	  0.006952	  0.016221	 -0.008420	 -0.005681	 -0.010344	 -0.037431	  0.115649	 -0.016539	 -0.023469	 -0.035582	  0.023533
 -0.097438	  0.003943	  0.103403	  0.202932	 -0.015137	  0.003036	 -0.011436	 -0.002466	 -0.015863	 -0.025290	  0.082215	 -0.016307	 -0.016753	 -0.033977	  0.039397
 -0.076168	 -0.005375	  0.081030	  0.233543	 -0.051643	  0.019907	 -0.025907	  0.004301	 -0.032655	 -0.028747	  0.050288	 -0.030632	 -0.004908	 -0.004902	  0.073994
 -0.086038	  0.005818	  0.103236	  0.232003	 -0.071280	  0.029432	 -0.046462	  0.027991	 -0.037284	 -0.006471	  0.074840	 -0.037913	  0.017198	  0.054041	  0.083787
 -0.090929	  0.014193	  0.091030	  0.205162	 -0.085254	  0.021483	 -0.054567	  0.062574	 -0.041474	  0.002352	  0.098697	 -0.038989	  0.008909	  0.085898	  0.132342
 -0.086652	  0.036708	  0.080139	  0.201417	 -0.088485	  0.026720	 -0.066205	  0.053642	 -0.024632	  0.047729	  0.106716	 -0.001717	 -0.001413	  0.097296	  0.166479
 -0.049432	  0.056327	  0.080365	  0.208452	 -0.050050	  0.062938	 -0.066112	  0.063547	 -0.001588	  0.083663	  0.123334	  0.039477	  0.009941	  0.076649	  0.131740
 -0.019276	  0.068014	  0.079436	  0.218709	 -0.028693	  0.087762	 -0.069023	  0.081730	  0.005481	  0.067974	  0.143807	  0.048011	  0.009386	  0.087343	  0.120089
 -0.003930	  0.105492	  0.054737	  0.205647	  0.013428	  0.116071	 -0.081061	  0.107390	  0.023885	  0.056811	  0.156330	  0.046717	  0.028051	  0.116748	  0.104073
  0.030125	  0.113257	  0.028294	  0.201361	  0.042044	  0.129338	 -0.091700	  0.114001	  0.039922	  0.076878	  0.158452	  0.028746	  0.059810	  0.098020	  0.101719
  0.057912	  0.091366	 -0.010383	  0.195108	  0.062050	  0.108990	 -0.091695	  0.104661	  0.079053	  0.073478	  0.140283	  0.048863	  0.063108	  0.111973	  0.106115
  0.048013	  0.082752	 -0.036961	  0.155597	  0.076723	  0.134735	 -0.059137	  0.117510	  0.056017	  0.084228	  0.099873	  0.070179	  0.043746	  0.118881	  0.110779
  0.058814	  0.101785	 -0.021340	  0.158547	  0.073142	  0.103937	 -0.017973	  0.142338	  0.042531	  0.088194	  0.119323	  0.091069	  0.062436	  0.085621	  0.104329
  0.106725	  0.113892	  0.006137	  0.162264	  0.061852	  0.097520	  0.005467	  0.153259	  0.084367	  0.093008	  0.135134	  0.088583	  0.080762	  0.102896	  0.111420
  0.122305	  0.099182	  0.031745	  0.150093	  0.042277	  0.129782	  0.013039	  0.143921	  0.110768	  0.104791	  0.155632	  0.076704	  0.082843	  0.112856	  0.117452
  0.119896	  0.093777	  0.029594	  0.146487	  0.011452	  0.118787	  0.034967	  0.131344	  0.095670	  0.102534	  0.152326	  0.094916	  0.084874	  0.116772	  0.132714
  0.140503	  0.064202	  0.013088	  0.162846	  0.031955	  0.115676	  0.056767	  0.141746	  0.112851	  0.114724	  0.130856	  0.144679	  0.091665	  0.110640	  0.138032
  0.152094	  0.051046	 -0.005304	  0.164498	  0.058409	  0.123989	  0.056424	  0.161155	  0.148152	  0.147555	  0.136777	  0.143085	  0.087810	  0.082936	  0.187148
  0.156641	  0.052766	 -0.002546	  0.161736	  0.049314	  0.135676	  0.044706	  0.143110	  0.158231	  0.132328	  0.168463	  0.133172	  0.115643	  0.057776	  0.227391
  0.164018	  0.057161	  0.009449	  0.179034	  0.035856	  0.161750	  0.047856	  0.150254	  0.178162	  0.140832	  0.161791	  0.126046	  0.125895	  0.048190	  0.232421
  0.130659	  0.068845	  0.001057	  0.184089	  0.032166	  0.165222	  0.076714	  0.139714	  0.152109	  0.166584	  0.165022	  0.105482	  0.138715	  0.057387	  0.232617
  0.098667	  0.068569	  0.011056	  0.156642	  0.010140	  0.177406	  0.076434	  0.123873	  0.122169	  0.162445	  0.170815	  0.129559	  0.140182	  0.075452	  0.251224
  0.098068	  0.075233	  0.026371	  0.148902	  0.004677	  0.177046	  0.076454	  0.119040	  0.104818	  0.140220	  0.148275	  0.114183	  0.124812	  0.093739	  0.270465
  0.082900	  0.081959	  0.046207	  0.131992	  0.006027	  0.173336	  0.080668	  0.128033	  0.116945	  0.143770	  0.143741	  0.107232	  0.121300	  0.081126	  0.287227
  0.036893	  0.101889	  0.054005	  0.121399	 -0.015034	  0.177303	  0.065731	  0.150598	  0.096900	  0.172171	  0.155517	  0.133850	  0.122616	  0.096495	  0.273969
  0.000322	  0.107608	  0.057129	  0.153848	 -0.017981	  0.172741	  0.048088	  0.164028	  0.098709	  0.200842	  0.162527	  0.124598	  0.116193	  0.105338	  0.252039
 -0.021052	  0.111576	  0.043624	  0.148943	 -0.014957	  0.175974	  0.060084	  0.179835	  0.121180	  0.202148	  0.184245	  0.117275	  0.119617	  0.132715	  0.231762
 -0.007662	  0.138753	  0.023156	  0.168784	  0.003809	  0.155928	  0.057403	  0.180632	  0.131383	  0.183449	  0.213379	  0.122653	  0.136911	  0.157495	  0.230798
 -0.014586	  0.152876	  0.060195	  0.153061	  0.035708	  0.149946	  0.062669	  0.153819	  0.132997	  0.156035	  0.207158	  0.115786	  0.159198	  0.150849	  0.230895
 -0.036121	  0.147850	  0.094731	  0.140616	  0.068012	  0.140823	  0.080912	  0.141646	  0.103352	  0.145546	  0.208701	  0.125092	  0.140438	  0.160052	  0.233208
 -0.053780	  0.122449	  0.075594	  0.167853	  0.084120	  0.124540	  0.089086	  0.110701	  0.097743	  0.167554	  0.228542	  0.141546	  0.142814	  0.139322	  0.202240
 -0.102526	  0.098392	  0.071504	  0.164110	  0.086144	  0.132935	  0.087078	  0.067756	  0.088744	  0.177038	  0.248403	  0.137268	  0.118197	  0.126224	  0.172890
 -0.110812	  0.116170	  0.083181	  0.181869	  0.082260	  0.123286	  0.078965	  0.043141	  0.101305	  0.180141	  0.223517	  0.152142	  0.105299	  0.109583	  0.217272
 -0.081116	  0.110182	  0.100043	  0.168024	  0.070973	  0.089160	  0.081368	  0.043819	  0.103724	  0.163428	  0.211570	  0.154242	  0.128204	  0.124546	  0.239406
 -0.052430	  0.107017	  0.108090	  0.167466	  0.083517	  0.084732	  0.072793	  0.043824	  0.089000	  0.150421	  0.173393	  0.152924	  0.148319	  0.142125	  0.276131
 -0.018963	  0.103141	  0.133547	  0.183499	  0.087527	  0.086624	  0.079584	  0.054943	  0.096187	  0.127082	  0.162819	  0.136247	  0.115134	  0.127348	  0.261384
 -0.007496	  0.106721	  0.152622	  0.202391	  0.094702	  0.084641	  0.102430	  0.071141	  0.105525	  0.135364	  0.184490	  0.129681	  0.080158	  0.131610	  0.261739
 -0.010261	  0.100796	  0.162582	  0.215444	  0.111552	  0.065056	  0.111768	  0.062532	  0.129217	  0.150063	  0.199704	  0.133384	  0.080799	  0.125450	  0.272590
 -0.025883	  0.083225	  0.162393	  0.235154	  0.110246	  0.086327	  0.101439	  0.089972	  0.083829	  0.146086	  0.213459	  0.102780	  0.066271	  0.125328	  0.287492
 -0.035329	  0.086361	  0.163917	  0.230057	  0.095859	  0.113625	  0.086279	  0.088997	  0.051698	  0.126709	  0.218526	  0.104696	  0.069255	  0.126126	  0.272072
 -0.012515	  0.104040	  0.175184	  0.228979	  0.105352	  0.131080	  0.099638	  0.121405	  0.064345	  0.113922	  0.232803	  0.111751	  0.091156	  0.142410	  0.256781
  0.009626	  0.128767	  0.197742	  0.243125	  0.106448	  0.117432	  0.099091	  0.124406	  0.087880	  0.104060	  0.210272	  0.087266	  0.094362	  0.114681	  0.248643
  0.016854	  0.145162	  0.200256	  0.236610	  0.133505	  0.099686	  0.079972	  0.149479	  0.080432	  0.109820	  0.212891	  0.103992	  0.070237	  0.116209	  0.234626
 -0.011057	  0.152071	  0.188642	  0.248358	  0.139983	  0.101926	  0.073985	  0.157892	  0.061206	  0.121528	  0.216068	  0.130816	  0.066931	  0.128011	  0.223549
 -0.016621	  0.159704	  0.200465	  0.260791	  0.129976	  0.064782	  0.110407	  0.166441	  0.075665	  0.110870	  0.238872	  0.128502	  0.084008	  0.125644	  0.218893
 -0.026104	  0.171594	  0.207551	  0.252456	  0.109634	  0.035390	  0.136375	  0.184790	  0.054854	  0.098091	  0.240030	  0.111689	  0.104267	  0.125864	  0.228927
 -0.039107	  0.162427	  0.189216	  0.259060	  0.108673	  0.056039	  0.154265	  0.171162	  0.044511	  0.115460	  0.224266	  0.104598	  0.114805	  0.130541	  0.217346
 -0.021534	  0.149839	  0.193301	  0.243705	  0.103738	  0.064465	  0.176355	  0.126011	  0.044344	  0.102044	  0.229674	  0.132697	  0.133783	  0.155940	  0.214662
  0.030077	  0.151315	  0.194028	  0.235638	  0.107922	  0.052215	  0.200810	  0.119742	  0.042945	  0.065831	  0.230555	  0.149288	  0.132622	  0.176255	  0.222470
  0.046903	  0.181477	  0.163300	  0.214332	  0.130625	  0.039745	  0.195108	  0.098270	  0.074626	  0.057133	  0.263741	  0.150443	  0.127609	  0.162299	  0.233473
  0.049867	  0.171861	  0.112986	  0.215861	  0.135713	  0.062279	  0.174399	  0.119355	  0.065104	  0.068410	  0.292311	  0.135294	  0.150341	  0.169040	  0.244359
  0.064851	  0.145342	  0.098403	  0.206870	  0.109469	  0.092127	  0.175944	  0.132268	  0.099911	  0.058322	  0.308659	  0.134839	  0.145582	  0.171913	  0.242718
  0.089985	  0.161308	  0.091314	  0.202124	  0.082296	  0.103601	  0.148028	  0.112963	  0.135126	  0.050350	  0.310543	  0.167543	  0.148101	  0.189611	  0.235612
  0.112853	  0.175853	  0.053003	  0.170184	  0.075816	  0.138449	  0.134002	  0.138866	  0.140113	  0.066312	  0.309339	  0.155750	  0.167884	  0.178610	  0.223283
  0.114026	  0.160272	  0.049590	  0.146851	  0.098557	  0.169884	  0.149247	  0.163726	  0.129126	  0.077499	  0.331892	  0.155797	  0.156381	  0.171298	  0.201091
  0.126089	  0.179155	  0.022727	  0.180503	  0.092934	  0.178544	  0.153872	  0.186021	  0.098777	  0.087591	  0.351952	  0.179065	  0.147540	  0.178184	  0.190955
  0.150240	  0.174458	  0.034536	  0.192305	  0.088742	  0.153889	  0.123505	  0.196568	  0.102407	  0.095057	  0.306443	  0.167809	  0.145503	  0.148383	  0.202895
  0.129962	  0.158506	  0.058087	  0.205114	  0.063222	  0.154074	  0.093252	  0.199441	  0.134607	  0.101877	  0.311515	  0.157145	  0.139601	  0.155073	  0.204093
  0.085890	  0.149867	  0.044830	  0.221217	  0.030583	  0.180769	  0.080552	  0.184131	  0.130232	  0.093403	  0.327762	  0.146122	  0.154066	  0.156644	  0.220491
  0.066261	  0.137261	  0.034985	  0.236893	  0.032372	  0.206587	  0.096392	  0.201219	  0.138814	  0.104371	  0.321202	  0.135955	  0.119960	  0.135860	  0.252377
  0.058402	  0.131629	  0.047910	  0.244183	  0.034500	  0.223405	  0.103736	  0.202539	  0.145935	  0.118666	  0.287823	  0.155165	  0.096281	  0.122528	  0.256417
  0.077800	  0.129131	  0.055174	  0.276396	  0.023095	  0.230622	  0.112953	  0.177864	  0.148587	  0.119957	  0.279291	  0.148286	  0.101825	  0.131159	  0.281978
  0.059778	  0.115480	  0.042803	  0.299314	  0.036401	  0.218196	  0.101401	  0.160250	  0.174972	  0.139293	  0.303265	  0.120482	  0.092403	  0.130329	  0.270984
  0.028549	  0.121186	  0.068032	  0.310589	  0.058545	  0.220227	  0.104931	  0.188436	  0.184909	  0.142097	  0.304823	  0.123836	  0.106226	  0.143542	  0.257274
  0.042374	  0.142303	  0.057601	  0.317629	  0.054220	  0.238110	  0.149131	  0.194073	  0.185770	  0.163119	  0.338675	  0.132534	  0.123969	  0.136632	  0.254135
  0.057043	 -0.039758	  0.013800	 -0.041125	 -0.008173	 -0.055271	  0.055635	 -0.013810	  0.019658	  0.043482	  0.070410	 -0.002426	  0.018730	 -0.008049	 -0.027609
  0.059649	 -0.054373	  0.019591	 -0.032049	 -0.026630	 -0.019587	  0.030787	 -0.003054	  0.000833	  0.052160	  0.049706	 -0.015021	 -0.006103	  0.007693	 -0.056113
  0.037593	 -0.014891	  0.021144	 -0.013897	 -0.018908	 -0.028049	  0.002158	  0.004022	 -0.011911	  0.042967	  0.041854	 -0.015781	 -0.018352	  0.023687	 -0.063374
  0.037281	  0.024305	  0.022200	 -0.000400	 -0.009585	 -0.045711	  0.019431	 -0.006408	 -0.022786	  0.031910	  0.044731	 -0.021355	 -0.024952	  0.037929	 -0.057022
  0.017674	  0.017381	  0.001776	 -0.003098	 -0.010062	 -0.030785	  0.036532	 -0.004865	 -0.005024	  0.010831	  0.037144	 -0.020296	 -0.017475	  0.031871	 -0.041423
  0.006483	 -0.003806	 -0.035613	  0.017846	 -0.010538	 -0.014538	  0.014345	  0.001912	 -0.040174	  0.013045	  0.046926	 -0.040585	 -0.017334	  0.020843	 -0.017140
 -0.012595	 -0.002922	 -0.042608	  0.042605	 -0.031324	  0.002634	 -0.013374	 -0.005509	 -0.034366	  0.017086	  0.039457	 -0.063281	 -0.029337	 -0.005748	 -0.000790
 -0.007674	  0.026927	 -0.057057	  0.035050	 -0.032097	 -0.015819	 -0.000445	 -0.022108	 -0.033095	 -0.004429	  0.036668	 -0.069307	 -0.027287	  0.016731	  0.009603
 -0.021410	  0.017167	 -0.062746	  0.045708	 -0.013556	 -0.004514	 -0.005500	 -0.028967	 -0.046734	 -0.016135	  0.009539	 -0.045044	 -0.023096	  0.004197	  0.000782
 -0.062967	 -0.010072	 -0.075606	  0.033343	  0.008352	 -0.023680	  0.006822	 -0.023128	 -0.050425	 -0.020642	  0.006929	 -0.046355	 -0.024113	  0.002148	  0.027173
 -0.068895	 -0.001530	 -0.054059	  0.025525	  0.036855	 -0.003455	  0.013249	 -0.010073	 -0.048583	 -0.026047	  0.001460	 -0.061085	 -0.035088	  0.009678	  0.025556
 -0.049984	  0.034716	 -0.044420	  0.037597	  0.047069	  0.016022	  0.021086	 -0.006575	 -0.041437	 -0.023310	 -0.012834	 -0.070290	 -0.018080	 -0.020648	  0.002492
 -0.016059	  0.035403	 -0.022825	  0.026715	  0.060082	  0.019085	  0.013883	 -0.017017	 -0.035683	 -0.006248	 -0.041935	 -0.042008	  0.013184	 -0.028653	 -0.009966
 -0.021246	  0.019136	 -0.000209	 -0.015621	  0.048115	  0.020076	 -0.007562	 -0.001236	 -0.010868	  0.003225	 -0.078756	 -0.004992	  0.030628	 -0.015329	 -0.008274
 -0.023469	 -0.006516	  0.023385	 -0.036304	  0.034136	  0.015606	 -0.035559	 -0.004185	  0.006968	 -0.004668	 -0.065003	  0.033031	  0.022816	 -0.024969	  0.022443
  0.003415	 -0.003615	  0.039562	 -0.036406	  0.038443	  0.024954	 -0.015290	  0.019573	  0.037041	 -0.029617	 -0.045248	  0.065243	  0.010803	 -0.018842	  0.044992
  0.010496	 -0.005803	  0.065598	 -0.035752	 -0.015502	  0.030855	 -0.030342	  0.030810	  0.063324	 -0.032664	 -0.044306	  0.090669	  0.029311	 -0.016020	  0.047881
  0.011179	 -0.018761	  0.086483	 -0.030131	 -0.033459	  0.050891	 -0.035225	  0.034204	  0.095085	 -0.011474	 -0.027382	  0.080818	  0.053828	 -0.017298	  0.042468
  0.016232	 -0.012647	  0.054075	 -0.030568	 -0.031988	  0.044363	 -0.030249	  0.020806	  0.079476	 -0.012814	 -0.028369	  0.110708	  0.048263	 -0.005138	  0.033460
  0.027255	 -0.000342	  0.047530	  0.010961	 -0.031231	  0.016923	 -0.040382	  0.035608	  0.078700	 -0.026661	 -0.040992	  0.137355	  0.013655	  0.005918	  0.024861
  0.035955	  0.008325	  0.049239	  0.004675	 -0.036302	 -0.007031	 -0.037278	  0.025052	  0.088364	 -0.046439	 -0.040752	  0.135883	  0.006312	  0.011577	  0.024205
  0.045235	  0.024695	  0.043245	  0.004057	 -0.029012	 -0.006877	 -0.066371	  0.004801	  0.073161	 -0.066304	 -0.043555	  0.116974	  0.003256	 -0.000456	  0.044158
  0.042241	  0.038034	  0.059679	  0.025049	 -0.014941	 -0.001937	 -0.066934	 -0.025678	  0.047777	 -0.052879	 -0.033220	  0.097185	 -0.002897	 -0.016575	  0.074978
  0.031316	  0.077379	  0.063677	 -0.013529	 -0.017765	  0.004628	 -0.054166	 -0.051782	  0.012339	 -0.066618	 -0.032426	  0.069845	 -0.025648	 -0.025119	  0.068500
  0.082481	  0.084741	  0.056091	 -0.047106	 -0.006264	  0.012346	 -0.088827	 -0.059192	 -0.009991	 -0.083165	 -0.068148	  0.031948	 -0.037798	 -0.037218	  0.036840
  0.067931	  0.079774	  0.070158	 -0.016474	  0.027121	  0.010784	 -0.087779	 -0.052267	 -0.030297	 -0.051020	 -0.047453	  0.033364	 -0.049981	 -0.036264	  0.050546
  0.058227	  0.075925	  0.076574	 -0.000850	  0.028753	  0.016859	 -0.065702	 -0.035376	 -0.028141	 -0.014139	 -0.048839	  0.045907	 -0.041360	 -0.023814	  0.058950
  0.080336	  0.056089	  0.065633	  0.009702	  0.006218	  0.022210	 -0.011062	 -0.030754	 -0.030491	  0.009148	 -0.047085	  0.035525	 -0.039767	 -0.011687	  0.051493
  0.083304	  0.044260	  0.042180	  0.023209	  0.010579	  0.026258	  0.006673	 -0.023718	 -0.026991	  0.025615	 -0.037576	  0.033102	 -0.028341	 -0.020724	  0.035560
  0.103813	  0.012047	  0.035150	  0.037140	  0.031702	  0.025821	 -0.021021	 -0.048427	 -0.004856	  0.010304	 -0.033552	  0.028163	 -0.031659	 -0.016353	  0.041543
  0.107190	  0.015486	  0.020945	  0.029645	  0.029513	  0.004130	 -0.050988	 -0.040821	 -0.000821	  0.034089	  0.005181	  0.017908	 -0.039255	 -0.003733	  0.043010
  0.113047	  0.029867	  0.013263	  0.011350	  0.034160	 -0.012769	 -0.009164	 -0.053074	  0.003515	  0.027843	  0.025189	  0.017247	 -0.015021	  0.007360	  0.035409
  0.093769	  0.006215	  0.006459	  0.019632	  0.031855	  0.010364	  0.000450	 -0.046774	  0.006513	  0.006671	  0.029363	  0.003330	 -0.009568	 -0.016541	  0.030672
  0.064145	  0.010107	  0.004079	  0.043899	  0.036011	  0.027768	  0.019077	 -0.074922	  0.019568	  0.001861	  0.027138	  0.005011	  0.022404	  0.002998	  0.008868
  0.054059	 -0.020803	 -0.011548	  0.043923	  0.038864	  0.033283	  0.042865	 -0.079605	  0.012538	 -0.015296	  0.027009	  0.009122	  0.050770	  0.010236	 -0.002975
  0.051837	 -0.043803	 -0.027059	  0.014054	  0.036809	  0.018122	  0.024931	 -0.068295	  0.030303	 -0.032502	 -0.001669	  0.022160	  0.065238	  0.005289	  0.015660
  0.015133	 -0.062416	 -0.029400	  0.006486	  0.020521	 -0.001824	  0.035127	 -0.069125	  0.054517	 -0.011251	  0.000375	  0.016605	  0.071015	 -0.016197	  0.022365
  0.012755	 -0.077733	 -0.024719	  0.023211	  0.015358	  0.012325	  0.018219	 -0.046705	  0.050204	 -0.023166	  0.009301	 -0.014767	  0.081976	 -0.030880	  0.020548
  0.041068	 -0.098380	 -0.010335	  0.018951	 -0.008523	 -0.022317	  0.017964	 -0.039295	  0.043285	 -0.050624	  0.016497	 -0.015207	  0.106614	 -0.028791	  0.018858
  0.053169	 -0.103616	 -0.002102	  0.027847	 -0.009489	 -0.045780	  0.026824	 -0.029550	  0.030084	 -0.021629	  0.026241	 -0.019248	  0.088448	 -0.040653	  0.006704
  0.071326	 -0.089270	 -0.037168	  0.052275	 -0.003269	 -0.051214	  0.028516	 -0.019311	  0.012990	 -0.015703	  0.037839	 -0.015847	  0.070959	 -0.016459	  0.002573
  0.051517	 -0.084638	 -0.047472	  0.045793	 -0.030514	 -0.036512	  0.028393	  0.005340	  0.029694	 -0.046279	  0.037497	 -0.006385	  0.083092	  0.011169	  0.021429
  0.039478	 -0.093759	 -0.046795	  0.031118	 -0.025982	 -0.017549	  0.022987	  0.036731	  0.051484	 -0.039617	  0.024342	  0.007981	  0.069674	 -0.002772	 -0.000741
  0.032189	 -0.078444	 -0.060296	  0.024862	 -0.015997	 -0.015037	  0.016528	  0.059389	  0.072676	 -0.049749	  0.000650	  0.016112	  0.039699	  0.024494	 -0.007644
  0.001265	 -0.051641	 -0.053961	  0.026878	 -0.041249	 -0.015165	  0.015168	  0.039632	  0.097005	 -0.086148	 -0.009015	 -0.006579	  0.003930	  0.056091	  0.016325
  0.011455	 -0.052354	 -0.042468	  0.020778	 -0.077952	 -0.028317	  0.006206	  0.035469	  0.104254	 -0.064586	  0.029296	  0.027574	 -0.015712	  0.061335	  0.025090
  0.022030	 -0.046770	 -0.045870	  0.026732	 -0.069258	 -0.017796	 -0.012618	  0.031852	  0.126432	 -0.063083	 -0.001396	  0.040417	 -0.002977	  0.058207	  0.041406
  0.039655	 -0.052559	 -0.039344	 -0.012493	 -0.034836	 -0.002499	 -0.013201	  0.026617	  0.131211	 -0.083076	 -0.004354	  0.040591	 -0.003902	  0.027745	  0.057494
  0.023729	 -0.025154	 -0.019439	 -0.026281	 -0.010597	  0.005660	 -0.018142	  0.036220	  0.108223	 -0.087159	  0.006758	  0.027176	  0.005086	  0.022518	  0.056069
  0.009232	 -0.034440	  0.004980	  0.018004	 -0.025484	  0.019635	 -0.026534	  0.030709	  0.091815	 -0.064043	 -0.002632	  0.003382	  0.014224	  0.001099	  0.059079
  0.013687	 -0.037481	  0.005492	  0.026666	 -0.034420	  0.004089	 -0.041987	  0.055555	  0.078513	 -0.057708	  0.019181	 -0.013927	  0.008800	  0.009608	  0.063734
  0.016924	 -0.043997	 -0.001007	  0.008941	 -0.036648	 -0.017824	 -0.017958	  0.070924	  0.066722	 -0.045527	  0.016397	 -0.025713	  0.032263	  0.004161	  0.059677
  0.011542	 -0.048677	 -0.006998	  0.014371	 -0.049546	 -0.039888	 -0.012669	  0.036963	  0.049680	 -0.026122	  0.013207	 -0.039274	  0.049880	 -0.009412	  0.057029
  0.029952	 -0.050629	 -0.018881	  0.029867	 -0.075931	 -0.024600	 -0.037811	  0.054680	  0.002346	 -0.035601	  0.014207	 -0.055557	  0.056504	 -0.034717	  0.044182
  0.045760	 -0.050486	 -0.025207	  0.046172	 -0.090764	 -0.029600	 -0.028314	  0.030658	 -0.028284	 -0.041084	  0.023093	 -0.050501	  0.058909	 -0.012651	  0.028187
  0.020862	 -0.055911	 -0.021614	  0.053637	 -0.091380	 -0.037621	 -0.045514	  0.020430	 -0.034339	 -0.020918	  0.010560	 -0.038775	  0.054816	  0.005490	  0.028238
 -0.000092	 -0.031355	 -0.015604	  0.054092	 -0.097286	 -0.059869	 -0.052291	  0.025076	 -0.013990	 -0.002805	  0.023721	 -0.060556	  0.051685	 -0.003143	  0.010566
  0.033725	 -0.033106	 -0.010821	  0.065367	 -0.093803	 -0.046142	 -0.047994	  0.024071	 -0.004526	 -0.005028	  0.004174	 -0.068727	  0.097833	 -0.005679	  0.011299
  0.059209	 -0.044172	 -0.008956	  0.035222	 -0.076011	 -0.039732	 -0.056282	  0.031144	 -0.016792	  0.004507	 -0.004063	 -0.048638	  0.083086	 -0.013275	  0.011108
  0.057457	 -0.084647	 -0.009568	  0.012448	 -0.082475	 -0.033794	 -0.035584	  0.023226	 -0.000205	  0.002681	 -0.022951	 -0.053672	  0.064960	 -0.019016	 -0.000038
  0.073428	 -0.121795	 -0.032844	  0.005689	 -0.079958	 -0.028023	 -0.046392	  0.003243	  0.020432	 -0.006133	 -0.012705	 -0.061709	  0.038352	 -0.032912	 -0.014600
  0.062105	 -0.121915	 -0.030764	  0.017111	 -0.079267	 -0.020836	 -0.061113	  0.018875	  0.050576	  0.014675	 -0.023676	 -0.033440	  0.000341	 -0.021754	 -0.017906
  0.054732	 -0.122587	 -0.018628	  0.036109	 -0.095748	  0.004562	 -0.052349	  0.040103	  0.047286	  0.019930	 -0.050294	 -0.003363	 -0.031852	 -0.022810	 -0.022163
  0.050433	 -0.121860	 -0.021437	  0.036794	 -0.092189	  0.004394	 -0.048241	  0.039023	  0.042478	  0.027272	 -0.060482	  0.008876	 -0.037187	 -0.008077	 -0.008544
  0.081749	 -0.130511	 -0.001417	  0.048120	 -0.085231	 -0.010207	 -0.022084	  0.036492	  0.047328	  0.029451	 -0.078650	 -0.005783	  0.010982	 -0.025172	 -0.003851
  0.079087	 -0.134783	  0.021063	  0.057096	 -0.082799	 -0.022316	 -0.051756	  0.016515	  0.044563	  0.035377	 -0.064802	 -0.018631	  0.000560	 -0.025888	 -0.029195
  0.050137	 -0.133743	  0.025421	  0.062851	 -0.078746	 -0.014790	 -0.042841	  0.007775	  0.072362	  0.045782	 -0.058792	 -0.006753	 -0.009962	 -0.011151	 -0.040513
  0.039928	 -0.117043	  0.033484	  0.034941	 -0.067026	 -0.018228	 -0.047797	  0.020152	  0.069348	  0.053633	 -0.065871	  0.021775	 -0.023370	 -0.014179	 -0.040865
  0.032901	 -0.092655	  0.027520	  0.021073	 -0.068729	 -0.033280	 -0.046043	 -0.004360	  0.078264	  0.031554	 -0.021900	  0.012349	 -0.029280	 -0.016616	 -0.042790
  0.031071	 -0.092207	  0.033779	  0.028969	 -0.053288	 -0.053841	 -0.029406	 -0.012932	  0.090598	  0.018621	  0.011694	 -0.024856	 -0.024685	 -0.023601	 -0.040475
  0.035799	 -0.074118	  0.024323	  0.050651	 -0.025640	 -0.054378	 -0.007456	 -0.008065	  0.068830	 -0.027123	 -0.000640	 -0.029878	 -0.024150	 -0.042835	 -0.050227
  0.041382	 -0.055056	 -0.004117	  0.051045	 -0.040555	 -0.087728	 -0.024848	  0.000587	  0.064948	 -0.032820	 -0.013934	 -0.010208	 -0.012707	 -0.040980	 -0.037419
  0.060101	 -0.050081	 -0.017296	  0.023989	 -0.032655	 -0.071658	 -0.010624	  0.013590	  0.048441	 -0.008222	 -0.001864	  0.003479	 -0.017533	 -0.055981	 -0.031748
  0.072294	 -0.030420	 -0.030318	  0.003525	 -0.017544	 -0.075285	  0.027321	  0.028355	  0.036565	  0.006952	  0.005461	  0.020943	 -0.006616	 -0.055556	 -0.025703
  0.099757	 -0.026069	 -0.013444	 -0.015952	  0.000766	 -0.061976	  0.023612	  0.039218	  0.068871	 -0.002119	  0.005410	  0.006719	 -0.013487	 -0.045314	 -0.025038
  0.117434	 -0.038810	 -0.020094	 -0.035361	  0.007355	 -0.030868	  0.028433	  0.022415	  0.084986	 -0.019949	  0.013729	  0.002489	 -0.003038	 -0.057950	 -0.023843
  0.099160	 -0.054555	 -0.023681	 -0.027163	  0.015690	 -0.034344	  0.044023	  0.008644	  0.107213	 -0.028845	  0.017155	  0.001666	 -0.010035	 -0.081223	 -0.035235
  0.132790	 -0.052553	 -0.002749	 -0.038701	 -0.016024	 -0.038555	  0.072087	  0.001886	  0.108300	 -0.028831	 -0.024335	 -0.016260	  0.000436	 -0.052872	 -0.035478
  0.138589	 -0.050444	 -0.010621	 -0.008873	  0.011109	 -0.056561	  0.061890	 -0.000931	  0.088719	 -0.003386	 -0.018093	  0.003578	  0.001440	 -0.028775	 -0.046697
  0.142932	 -0.064890	 -0.027861	  0.023232	  0.059957	 -0.052605	  0.052795	 -0.015843	  0.104365	 -0.014862	 -0.005046	  0.021507	 -0.000170	 -0.037601	 -0.033800
  0.129337	 -0.054076	 -0.034296	  0.024681	  0.041052	 -0.040649	  0.037373	 -0.032710	  0.083318	 -0.020120	 -0.017417	  0.026027	 -0.002091	 -0.064486	 -0.025317
  0.110424	 -0.047400	 -0.019878	  0.016015	  0.033064	 -0.034182	  0.031570	 -0.042054	  0.071535	 -0.001796	 -0.030717	  0.045967	 -0.014001	 -0.050280	 -0.025953
  0.125550	 -0.052821	 -0.003009	  0.014329	 -0.000107	 -0.012752	 -0.003004	 -0.019991	  0.093869	  0.010519	 -0.053611	  0.079382	 -0.019630	 -0.025520	 -0.042339
  0.111857	 -0.049457	  0.001865	  0.019807	 -0.014408	  0.024519	 -0.008592	  0.006966	  0.117058	  0.004450	 -0.051872	  0.083757	 -0.010198	 -0.032122	 -0.029437
  0.072595	 -0.038186	 -0.020363	  0.004720	 -0.037564	  0.021856	 -0.007519	  0.040912	  0.104096	  0.019481	 -0.028704	  0.113649	  0.012893	  0.001735	 -0.000154
  0.041718	 -0.022467	 -0.011660	  0.010401	 -0.049222	  0.041140	 -0.018469	  0.070662	  0.080080	  0.019256	  0.001051	  0.104487	  0.012258	  0.000314	  0.007072
  0.042615	 -0.026459	 -0.031597	 -0.006883	 -0.075997	  0.059853	 -0.040684	  0.087664	  0.086218	  0.023466	  0.016820	  0.078344	 -0.004390	 -0.012162	  0.036365
  0.032325	 -0.030926	 -0.077545	 -0.021581	 -0.092931	  0.060507	 -0.047031	  0.077941	  0.100269	  0.008546	  0.016869	  0.074576	 -0.005418	 -0.006616	  0.055358
  0.027647	 -0.041627	 -0.110323	 -0.017398	 -0.102487	  0.035566	 -0.012208	  0.059537	  0.108166	 -0.002522	  0.049067	  0.071555	 -0.002655	 -0.000954	  0.063982
  0.025707	 -0.060316	 -0.117017	 -0.001161	 -0.106228	  0.031649	  0.007714	  0.052128	  0.113488	 -0.010658	  0.071028	  0.045550	 -0.021289	  0.001750	  0.059167
  0.025145	 -0.065629	 -0.114325	  0.005623	 -0.089804	  0.041283	  0.017424	  0.041900	  0.112019	 -0.002968	  0.060160	  0.033300	 -0.000073	  0.010133	  0.053366
  0.041185	 -0.070837	 -0.093603	 -0.017409	 -0.088040	  0.016485	  0.034762	  0.018730	  0.106545	 -0.037651	  0.079364	  0.017715	  0.039989	  0.033544	  0.023526
  0.046671	 -0.075195	 -0.110939	  0.021020	 -0.100005	  0.021874	  0.043090	  0.028740	  0.072836	 -0.065127	  0.108275	 -0.010915	  0.061604	  0.011744	  0.016405
  0.027789	 -0.050400	 -0.143524	 -0.001893	 -0.103992	  0.029460	  0.070364	  0.014139	  0.070702	 -0.066087	  0.124218	 -0.025520	  0.042096	 -0.002858	  0.040238
  0.008903	 -0.051947	 -0.129863	 -0.028927	 -0.104644	  0.024114	  0.062392	 -0.007580	  0.084088	 -0.072197	  0.098723	 -0.006205	  0.028201	  0.002909	  0.035072
  0.015765	 -0.033108	 -0.121046	 -0.024907	 -0.125569	  0.024166	  0.077351	 -0.020959	  0.108410	 -0.071709	  0.071162	  0.024291	  0.046987	 -0.006776	  0.035053
  0.024279	 -0.006734	 -0.087208	 -0.034553	 -0.146484	  0.035410	  0.078692	 -0.043094	  0.109162	 -0.046385	  0.028357	  0.015951	  0.030288	 -0.015648	  0.032222
  0.047328	 -0.016311	 -0.059463	 -0.014576	 -0.147987	  0.032345	  0.066243	 -0.070091	  0.082539	 -0.040654	 -0.005065	  0.023093	  0.037089	 -0.007261	  0.042356
  0.067401	  0.001360	 -0.052629	 -0.006464	 -0.132305	  0.040966	  0.088387	 -0.072628	  0.057719	 -0.013297	 -0.011921	  0.036097	  0.033901	  0.002714	  0.035124
  0.062610	 -0.004047	 -0.036609	 -0.005777	 -0.113465	  0.018867	  0.080414	 -0.075018	  0.038604	  0.022676	 -0.014175	  0.037851	 -0.011765	  0.017398	  0.000747
  0.060975	 -0.003367	 -0.032863	  0.024990	 -0.112478	  0.027012	  0.069967	 -0.062087	  0.023127	  0.018658	 -0.018264	  0.044474	 -0.044878	  0.027597	  0.002034
  0.032852	  0.001956	 -0.024293	  0.059472	 -0.107123	  0.023656	  0.034546	 -0.045984	 -0.002406	  0.027286	 -0.031967	  0.025357	 -0.052508	  0.029881	 -0.006926
  0.013235	  0.010586	 -0.019702	  0.056413	 -0.109386	 -0.004987	  0.020836	 -0.070075	  0.003062	  0.034239	 -0.028375	  0.023642	 -0.038550	  0.011518	  0.022346
 -0.002298	  0.004499	 -0.002948	  0.029080	 -0.098198	  0.012577	  0.038443	 -0.068060	 -0.016345	  0.038380	 -0.005407	  0.029061	 -0.018722	 -0.001746	  0.030727
 -0.005457	  0.006892	 -0.002302	  0.032645	 -0.091580	  0.039219	  0.057720	 -0.051262	 -0.008695	  0.031697	  0.012263	  0.026395	 -0.004383	 -0.008197	 -0.002378
 -0.016984	  0.010811	 -0.017841	  0.037356	 -0.096722	  0.054514	  0.048100	 -0.061428	  0.015026	  0.031667	  0.046958	  0.011542	 -0.001084	  0.008897	 -0.046308
 -0.019473	 -0.016840	  0.004783	  0.047497	 -0.074195	  0.082974	  0.040064	 -0.079366	  0.031396	  0.033361	  0.041328	  0.024864	 -0.021281	  0.042750	 -0.059171
 -0.015039	 -0.025025	  0.025675	  0.026144	 -0.087956	  0.098915	  0.042495	 -0.067798	  0.016788	  0.043295	  0.060906	  0.043738	 -0.028819	  0.042094	 -0.040180
 -0.000028	 -0.032085	  0.004328	  0.004203	 -0.085406	  0.096331	  0.025208	 -0.040764	 -0.017731	  0.032873	  0.066716	  0.028873	 -0.042015	  0.023696	 -0.024799
 -0.052556	 -0.041698	 -0.020430	 -0.025356	 -0.092449	  0.080616	  0.038027	 -0.002974	 -0.036240	  0.025433	  0.029165	  0.013181	 -0.014956	  0.014561	 -0.019634
 -0.071580	 -0.057192	 -0.014297	 -0.034841	 -0.087084	  0.085067	  0.045814	 -0.013160	 -0.009048	  0.006120	  0.021449	 -0.002532	  0.004526	  0.021209	 -0.018624
 -0.058579	 -0.047919	 -0.030667	 -0.046911	 -0.072117	  0.081409	  0.034204	 -0.014796	 -0.009745	 -0.015128	  0.009315	 -0.003719	  0.028193	  0.029922	 -0.027056
 -0.036477	 -0.025996	 -0.019653	 -0.040679	 -0.056584	  0.065554	  0.049081	 -0.013514	  0.020354	  0.001707	  0.004794	  0.021944	  0.026467	  0.009575	 -0.018479
 -0.024925	  0.005713	 -0.015763	 -0.060160	 -0.078186	  0.047726	  0.069749	 -0.021641	  0.043153	 -0.010357	  0.011982	  0.018976	  0.029864	  0.002422	 -0.021165
 -0.019102	 -0.017473	 -0.035419	 -0.061951	 -0.084340	  0.053071	  0.055447	 -0.030387	  0.054661	 -0.021914	  0.000510	 -0.018460	  0.018570	  0.024828	 -0.020135
 -0.026641	 -0.034613	 -0.038335	 -0.030395	 -0.074207	  0.074271	  0.029776	 -0.026271	  0.037866	 -0.016086	 -0.022469	 -0.038288	  0.007960	 -0.002706	  0.024324
 -0.020171	 -0.015042	 -0.021084	 -0.021439	 -0.065985	  0.049059	  0.038480	 -0.001569	  0.019364	 -0.029117	 -0.058966	 -0.037336	  0.008576	 -0.003822	  0.026510
 -0.005325	  0.015683	  0.001467	 -0.037038	 -0.061491	  0.042664	  0.051815	  0.012642	  0.019949	 -0.060878	 -0.027408	 -0.035133	  0.014462	 -0.021099	 -0.007613
 -0.017737	  0.029348	 -0.011722	 -0.041823	 -0.063110	  0.043100	  0.035876	  0.014282	  0.022714	 -0.058932	  0.009104	 -0.058137	  0.027602	 -0.054008	 -0.028629
 -0.033231	  0.026908	 -0.031460	 -0.052368	 -0.064496	  0.027045	  0.041581	  0.023933	  0.004380	 -0.036478	  0.008638	 -0.060742	  0.012419	 -0.059550	 -0.031658
 -0.065886	  0.013524	 -0.045844	 -0.037976	 -0.065525	  0.040536	  0.026074	  0.030898	 -0.001466	 -0.058530	  0.028388	 -0.050410	  0.009656	 -0.084411	 -0.002749
 -0.070610	 -0.005435	 -0.095312	 -0.042454	 -0.049752	  0.015605	  0.013882	  0.025359	  0.004715	 -0.081302	  0.031614	 -0.049647	  0.010359	 -0.110786	  0.026463
 -0.036359	  0.006275	 -0.125574	 -0.038952	 -0.032935	  0.000508	  0.002454	  0.006545	  0.016877	 -0.072558	  0.036847	 -0.025328	  0.003211	 -0.124300	  0.044561
 -0.026079	  0.001042	 -0.140019	 -0.014011	 -0.021288	 -0.009785	  0.021899	  0.012496	  0.005293	 -0.082180	  0.050878	  0.015300	  0.023148	 -0.131910	  0.055563
 -0.031171	 -0.001028	 -0.116487	 -0.022048	 -0.026182	  0.005628	  0.027380	  0.008554	  0.011580	 -0.113626	  0.058025	  0.058943	  0.034126	 -0.105038	  0.075293
 -0.046942	 -0.010174	 -0.102586	 -0.002637	 -0.050032	  0.021224	  0.014490	  0.039878	  0.065057	 -0.114915	  0.064649	  0.065772	  0.006796	 -0.092041	  0.077979
 -0.037635	 -0.025471	 -0.088355	  0.016660	 -0.046250	  0.024834	  0.013693	  0.075136	  0.057926	 -0.085425	  0.067741	  0.056114	 -0.026956	 -0.042017	  0.076771
 -0.017349	 -0.048589	 -0.087748	  0.043144	 -0.011363	  0.036898	  0.007618	  0.071457	  0.077561	 -0.061508	  0.051148	  0.052330	 -0.015186	  0.023845	  0.078630
 -0.018151	 -0.086264	 -0.084124	  0.044954	  0.013335	  0.009574	 -0.001583	  0.053525	  0.105249	 -0.046234	  0.013742	  0.039693	  0.027258	  0.024475	  0.093093
 -0.016693	 -0.091203	 -0.066500	  0.048687	  0.012613	  0.021847	 -0.008982	  0.056732	  0.123432	 -0.068686	 -0.002577	  0.029721	  0.075059	  0.022364	  0.091400
 -0.007500	 -0.063813	 -0.083186	  0.036223	 -0.007285	  0.003760	 -0.010585	  0.049330	  0.128447	 -0.055687	  0.033426	  0.020001	  0.088320	  0.034948	  0.063588
 -0.008815	 -0.052938	 -0.076310	  0.016853	 -0.041505	  0.003527	  0.011710	  0.053170	  0.134920	 -0.001875	  0.071875	  0.008985	  0.072618	  0.011361	  0.084786
 -0.026407	 -0.088285	 -0.052670	  0.023286	 -0.046911	  0.031597	  0.030411	  0.054462	  0.128971	  0.028890	  0.062382	  0.013783	  0.061748	 -0.006767	  0.101838
 -0.013231	 -0.095874	 -0.035312	  0.002792	 -0.036686	  0.052089	  0.045549	  0.040052	  0.154577	  0.015527	  0.047769	  0.024450	  0.060787	  0.004514	  0.073423
 -0.026758	 -0.111084	 -0.023148	 -0.000665	 -0.027385	  0.046018	  0.052795	  0.030919	  0.162277	 -0.004943	  0.057141	  0.000003	  0.089798	  0.001671	  0.034927
 -0.022879	 -0.102325	  0.004732	  0.032265	 -0.029140	  0.061525	  0.060870	  0.044178	  0.168290	  0.012462	  0.072179	  0.004788	  0.102949	  0.002118	  0.030229
  0.003678	 -0.117940	  0.014173	  0.070131	  0.005142	  0.069558	  0.045098	  0.061788	  0.174244	 -0.006057	  0.054859	  0.002278	  0.060467	 -0.007099	  0.042660
  0.007126	 -0.080704	 -0.020142	  0.104199	  0.036684	  0.078105	  0.029261	  0.030152	  0.174591	 -0.011201	  0.044234	  0.018255	  0.047702	  0.007892	  0.049853
  0.004179	 -0.036732	 -0.019792	  0.093336	  0.026518	  0.073774	  0.058152	  0.004745	  0.149928	  0.005787	  0.048817	  0.025919	  0.027454	 -0.008515	  0.027686
 -0.011744	 -0.042309	 -0.010588	  0.093094	  0.030944	  0.047832	  0.099330	 -0.009289	  0.120375	 -0.003117	  0.040762	  0.011827	  0.026528	  0.017660	  0.004814
  0.016866	 -0.035840	 -0.007134	  0.129021	  0.028476	  0.040148	  0.097723	  0.002784	  0.129068	  0.022402	  0.037972	  0.009274	  0.024148	  0.051399	  0.004258
 -0.003032	 -0.030273	 -0.001641	  0.132068	  0.023473	  0.047438	  0.077982	  0.018184	  0.137240	  0.031262	  0.034274	  0.002136	  0.007687	  0.069766	 -0.008439
 -0.025352	 -0.029325	  0.006850	  0.137273	  0.026239	  0.055251	  0.092421	  0.021249	  0.122587	  0.029602	  0.017235	  0.016745	 -0.017036	  0.092469	 -0.033164
  0.006692	 -0.022964	 -0.011981	  0.150274	  0.021782	  0.042240	  0.071436	  0.016832	  0.123374	  0.055726	  0.016683	 -0.023211	 -0.016832	  0.071724	 -0.036971
  0.020671	 -0.034570	 -0.031038	  0.118993	  0.029795	  0.048598	  0.039105	  0.007088	  0.156213	  0.076171	  0.024411	 -0.005552	 -0.025307	  0.061430	 -0.015847
  0.008649	 -0.063529	 -0.028158	  0.088765	  0.023406	  0.038608	  0.025613	 -0.015405	  0.143798	  0.099492	  0.042218	  0.057149	 -0.002507	  0.018009	 -0.000873
  0.023134	 -0.039911	 -0.007539	  0.086691	  0.034829	  0.025556	  0.015072	 -0.000152	  0.117872	  0.083562	  0.021569	  0.091615	  0.037101	 -0.021024	 -0.026203
  0.030152	 -0.005411	  0.016548	  0.091200	  0.013668	  0.033490	  0.002255	  0.001046	  0.106141	  0.033459	  0.019635	  0.080710	  0.047436	 -0.040291	 -0.028473
  0.021408	 -0.009352	  0.046278	  0.078928	  0.030890	  0.022491	  0.017248	  0.000927	  0.121160	  0.039874	  0.018647	  0.069703	  0.037125	 -0.022855	 -0.017080
  0.031995	 -0.010386	  0.063414	  0.035624	  0.064511	  0.029677	  0.011745	  0.034068	  0.108683	  0.028091	  0.020990	  0.090222	  0.014850	 -0.030491	  0.001981
  0.040973	  0.035242	  0.051299	 -0.034121	  0.065708	  0.041785	  0.028075	  0.022258	  0.098367	  0.044026	  0.032089	  0.095727	  0.007789	 -0.076933	  0.011737
  0.031529	  0.069766	  0.064840	 -0.077351	  0.074938	  0.034724	  0.076477	  0.021827	  0.119785	  0.048782	  0.049768	  0.085625	 -0.030055	 -0.062174	 -0.001994
  0.032258	  0.064756	  0.008899	 -0.089347	  0.082514	  0.034695	  0.074643	  0.034092	  0.103889	  0.031949	  0.039064	  0.091686	 -0.039560	 -0.046157	 -0.026860
 -0.003753	  0.061960	 -0.002448	 -0.115161	  0.104805	  0.022568	  0.077656	  0.049389	  0.071868	  0.032512	  0.041043	  0.063110	 -0.051233	 -0.042134	 -0.041907
 -0.013457	  0.032461	 -0.005697	 -0.100503	  0.129965	  0.023291	  0.075050	  0.046835	  0.044689	  0.037296	  0.052312	  0.036233	 -0.049379	 -0.038826	 -0.050431
 -0.021850	 -0.035659	 -0.010916	 -0.067411	  0.134806	  0.042695	  0.087005	  0.022324	  0.023714	  0.038863	  0.036838	  0.048290	 -0.010639	 -0.025334	 -0.064865
 -0.016166	 -0.083159	 -0.022159	 -0.036418	  0.104193	  0.037622	  0.060944	 -0.007982	  0.013739	  0.011612	  0.022690	  0.034321	  0.028518	 -0.033122	 -0.055015
  0.000198	 -0.095095	 -0.024928	 -0.008796	  0.070588	  0.030276	  0.069636	 -0.022256	  0.033350	 -0.030920	 -0.002555	  0.034323	  0.039205	 -0.009914	 -0.052777
 -0.030922	 -0.115479	 -0.042440	 -0.005504	  0.044657	  0.050952	  0.084608	 -0.012600	  0.050563	 -0.030205	  0.003959	  0.049183	  0.017940	 -0.010520	 -0.051367
 -0.039836	 -0.135367	 -0.071023	  0.003244	  0.056346	  0.063905	  0.089266	  0.028571	  0.067076	 -0.023031	  0.028587	  0.043341	 -0.003134	  0.001371	 -0.037815
 -0.024115	 -0.154858	 -0.072727	 -0.024652	  0.072409	  0.063424	  0.075103	  0.019271	  0.074230	 -0.014159	  0.043618	  0.026544	  0.016409	  0.021046	 -0.011242
 -0.006547	 -0.147682	 -0.054578	 -0.032833	  0.059568	  0.070038	  0.087159	  0.022383	  0.069275	  0.007768	  0.031179	  0.017046	  0.018952	  0.026636	 -0.007334
  0.003762	 -0.138404	 -0.063433	 -0.035876	  0.036513	  0.062271	  0.084016	  0.013764	  0.069118	  0.028341	  0.028669	  0.006078	  0.034536	  0.016536	  0.000195
  0.025572	 -0.127854	 -0.088643	 -0.054978	  0.038161	  0.038307	  0.048054	  0.031457	  0.076517	  0.025764	  0.028980	  0.018800	  0.049143	 -0.002613	 -0.007319
  0.034238	 -0.138138	 -0.100157	 -0.053529	  0.036230	  0.038428	  0.042319	  0.010172	  0.080403	  0.003662	  0.037323	  0.031844	  0.037204	 -0.006827	 -0.005688
  0.039850	 -0.128606	 -0.098402	 -0.057904	  0.007684	  0.046523	  0.016285	 -0.025577	  0.085314	 -0.003166	  0.042070	  0.041384	  0.042227	 -0.009430	  0.003157
  0.029274	 -0.073271	 -0.123797	 -0.068256	 -0.000730	  0.033439	  0.011900	 -0.059879	  0.091078	  0.005345	  0.058341	  0.057125	  0.058867	  0.009234	 -0.003433
  0.035669	 -0.034467	 -0.148111	 -0.065205	 -0.003372	  0.041534	  0.019895	 -0.044727	  0.096009	  0.027317	  0.065211	  0.053958	  0.064872	  0.026699	  0.006621
  0.023919	 -0.026361	 -0.140827	 -0.083145	 -0.045129	  0.053738	  0.036113	 -0.016860	  0.098135	  0.045798	  0.078165	  0.073374	  0.063528	  0.008923	 -0.014596
  0.005795	 -0.003370	 -0.146707	 -0.074492	 -0.071546	  0.046973	  0.021098	 -0.013261	  0.074734	  0.038811	  0.083462	  0.074369	  0.066000	 -0.012509	 -0.018109
  0.024783	  0.007948	 -0.127757	 -0.033736	 -0.118406	  0.060729	  0.011989	 -0.017220	  0.098659	 -0.002831	  0.073319	  0.062139	  0.074827	 -0.002265	  0.004191
  0.042544	 -0.015473	 -0.115480	 -0.019505	 -0.171531	  0.057107	  0.036874	 -0.041725	  0.089930	 -0.001172	  0.038545	  0.066108	  0.073669	 -0.002651	  0.025722
  0.025432	 -0.026028	 -0.106828	 -0.010999	 -0.167210	  0.045586	  0.053417	 -0.049866	  0.092426	  0.030697	  0.010569	  0.066680	  0.068825	  0.003943	  0.028950
  0.019391	 -0.025324	 -0.118726	 -0.025849	 -0.158638	  0.039342	  0.054620	 -0.033360	  0.104923	  0.034173	  0.028380	  0.087538	  0.072065	 -0.015184	  0.015323
  0.026481	 -0.037446	 -0.102426	 -0.025038	 -0.131298	  0.020259	  0.032886	 -0.024893	  0.109407	  0.043195	  0.022205	  0.100378	  0.062277	 -0.052806	  0.008285
  0.015814	 -0.051050	 -0.110894	  0.006271	 -0.135087	  0.006193	  0.020172	  0.003597	  0.139524	  0.037388	  0.029818	  0.151115	  0.036913	 -0.038709	  0.014024
  0.037964	 -0.056237	 -0.117587	  0.012086	 -0.145801	  0.013588	  0.022886	  0.020507	  0.154374	  0.005659	  0.039734	  0.171604	  0.022800	 -0.033481	  0.026876
  0.050537	 -0.061654	 -0.112868	 -0.007840	 -0.147210	 -0.014483	  0.025057	  0.043828	  0.157485	 -0.015981	  0.061276	  0.159756	  0.028459	 -0.036152	  0.037145
  0.064430	 -0.068642	 -0.097098	 -0.024991	 -0.153330	 -0.010350	  0.021520	  0.050890	  0.157004	 -0.035041	  0.071440	  0.128751	  0.007598	 -0.041308	  0.034419
  0.068253	 -0.050491	 -0.081765	 -0.061300	 -0.143351	  0.004491	  0.023807	  0.068413	  0.150197	 -0.046152	  0.107151	  0.112503	 -0.002973	 -0.042342	  0.018112
  0.056061	 -0.061126	 -0.081600	 -0.050694	 -0.105156	 -0.024149	  0.025491	  0.057440	  0.110049	 -0.072948	  0.132714	  0.097418	  0.024668	 -0.030951	  0.017473
  0.064459	 -0.080957	 -0.082493	 -0.033248	 -0.076041	 -0.073972	  0.025341	  0.036000	  0.078762	 -0.056964	  0.112270	  0.064982	  0.029317	 -0.021356	  0.020289
  0.069592	 -0.051494	 -0.065521	 -0.040204	 -0.046385	 -0.056538	  0.026197	  0.041695	  0.071613	 -0.034653	  0.109762	  0.051630	  0.025842	 -0.048771	  0.042627
  0.032215	 -0.022119	 -0.053871	 -0.018473	 -0.000509	 -0.043569	  0.057945	  0.059556	  0.047169	 -0.012707	  0.097597	  0.047542	  0.010464	 -0.062477	  0.068749
  0.018190	 -0.007876	 -0.035597	  0.000195	 -0.041597	 -0.038976	  0.069948	  0.067445	  0.029921	 -0.011727	  0.137442	  0.040660	 -0.012081	 -0.072446	  0.074631
  0.017900	  0.003804	 -0.034140	  0.014550	 -0.011891	 -0.048659	  0.080918	  0.056959	  0.060331	  0.000938	  0.148670	  0.016803	 -0.006895	 -0.060718	  0.094385
  0.002683	  0.006897	 -0.040698	  0.032592	 -0.027214	 -0.071775	  0.073091	  0.069308	  0.075252	 -0.003034	  0.126682	  0.044363	 -0.013526	 -0.046967	  0.104783
 -0.004229	  0.021096	 -0.041880	  0.026316	 -0.047490	 -0.060688	  0.116074	  0.081020	  0.066477	  0.018596	  0.125202	  0.052122	 -0.028631	 -0.060679	  0.097835
 -0.007429	  0.035460	 -0.046415	  0.027934	 -0.042651	 -0.074346	  0.134685	  0.091106	  0.056083	  0.057899	  0.128525	  0.022514	 -0.024301	 -0.102460	  0.104978
 -0.026695	  0.028312	 -0.052437	  0.050605	 -0.055366	 -0.064731	  0.125881	  0.098636	  0.056191	  0.063699	  0.139209	 -0.006501	 -0.025378	 -0.092271	  0.085330
 -0.030589	  0.025936	 -0.036844	  0.029975	 -0.039057	 -0.031918	  0.119047	  0.056217	  0.080376	  0.066262	  0.127257	 -0.018165	 -0.017327	 -0.090528	  0.081822
 -0.035993	  0.024665	 -0.011114	  0.017136	 -0.010489	 -0.001312	  0.113586	  0.051443	  0.102475	  0.065780	  0.114728	 -0.011560	 -0.010676	 -0.104892	  0.085514
 -0.011583	  0.000107	  0.008459	  0.026364	  0.002483	  0.001262	  0.143347	  0.048472	  0.104562	  0.093802	  0.109355	 -0.011848	  0.013545	 -0.113248	  0.038817
 -0.031775	 -0.007574	  0.022199	  0.041226	  0.005731	  0.004534	  0.116946	  0.009530	  0.101640	  0.103710	  0.071964	 -0.016782	  0.062835	 -0.113548	  0.018479
 -0.037850	 -0.018824	  0.047802	  0.007347	  0.019030	  0.009236	  0.071659	  0.001170	  0.103601	  0.103621	  0.062362	 -0.023289	  0.048750	 -0.077039	 -0.005126
 -0.024287	 -0.019432	  0.052340	 -0.018057	 -0.011613	  0.010904	  0.047918	  0.010359	  0.122959	  0.078797	  0.040931	 -0.014341	  0.059195	 -0.071055	 -0.037648
  0.002040	 -0.014592	  0.043141	 -0.031265	 -0.024007	 -0.013201	  0.063461	  0.004932	  0.103552	  0.063696	  0.025567	 -0.011567	  0.049453	 -0.082434	 -0.063930
  0.016650	 -0.017135	  0.052157	 -0.037185	 -0.031038	 -0.056786	  0.070745	  0.012377	  0.120151	  0.051493	  0.017692	 -0.001584	  0.044356	 -0.070162	 -0.090448
  0.013388	 -0.007344	  0.051226	 -0.001099	 -0.013264	 -0.060565	  0.069071	 -0.004009	  0.169682	  0.041420	  0.055057	  0.003931	  0.023214	 -0.059941	 -0.103572
 -0.015946	  0.031792	  0.037006	  0.029436	 -0.029553	 -0.044255	  0.057585	 -0.009236	  0.178433	  0.033260	  0.090294	 -0.007282	  0.003095	 -0.058448	 -0.126400
 -0.008036	  0.023314	  0.045173	  0.043822	 -0.033544	 -0.012974	  0.075057	 -0.039149	  0.165509	  0.017117	  0.102201	 -0.020660	 -0.033381	 -0.058390	 -0.130460
  0.000701	  0.012267	  0.015541	  0.033691	 -0.003043	  0.012402	  0.048585	 -0.040005	  0.159079	  0.009938	  0.120231	 -0.017384	 -0.069924	 -0.077278	 -0.129930
  0.015595	  0.013642	  0.007011	  0.065281	  0.038345	  0.018401	  0.060061	 -0.029610	  0.166451	  0.016781	  0.139828	 -0.019830	 -0.045637	 -0.072550	 -0.087784
  0.046840	 -0.002479	  0.037886	  0.079423	  0.068907	  0.018181	  0.070812	 -0.025531	  0.143655	  0.036088	  0.126158	 -0.018575	  0.004593	 -0.036887	 -0.025636
  0.052964	 -0.008337	  0.030070	  0.071876	  0.077296	  0.031646	  0.092620	 -0.023286	  0.140383	  0.045489	  0.121233	 -0.000490	  0.026991	 -0.021728	  0.021207
  0.041230	  0.008149	  0.004581	  0.056970	  0.093926	  0.010542	  0.115760	 -0.016182	  0.125364	  0.039958	  0.104638	  0.006753	  0.046165	 -0.022717	  0.023863
  0.033160	 -0.005578	  0.010546	  0.034491	  0.100885	 -0.022013	  0.093807	 -0.028154	  0.131194	  0.040467	  0.095215	  0.016412	  0.054741	 -0.009303	  0.012246
  0.031348	 -0.009695	 -0.002676	  0.048740	  0.054867	 -0.024361	  0.048631	 -0.031074	  0.113770	  0.059954	  0.066613	  0.017373	  0.033207	 -0.015645	  0.009695
  0.051909	  0.008643	  0.009871	  0.073942	  0.018832	 -0.050071	  0.003755	 -0.026847	  0.068439	  0.083389	  0.065229	  0.009250	 -0.004606	 -0.028131	  0.027037
  0.079098	  0.005173	  0.008827	  0.070408	  0.008772	 -0.090550	  0.007254	 -0.022567	  0.053041	  0.052010	  0.073404	 -0.002084	 -0.042649	 -0.027278	  0.020460
  0.060981	 -0.020353	  0.012766	  0.089959	  0.024464	 -0.085346	  0.021839	 -0.004448	  0.064569	  0.058260	  0.077849	 -0.004725	 -0.042460	  0.007590	  0.020613
  0.048368	  0.005642	  0.005897	  0.112396	  0.021409	 -0.101813	  0.039337	 -0.008273	  0.061882	  0.119018	  0.038957	 -0.004397	 -0.058412	  0.016535	  0.027611
  0.036361	  0.030937	  0.014491	  0.088477	 -0.004203	 -0.130897	  0.037448	 -0.029829	  0.051102	  0.112703	  0.022911	 -0.013135	 -0.056244	  0.009989	  0.034592
