:RUN-3	LEVEL SWEEP	TEMP:NaN	2/15/2024	2:57 PM	HR:NaN:SW EAR: L	SW FREQ: 16.00	# AVERAGES: 512	REP RATE (/sec): 39	DRIVER: 	SAMPLE (µsec): 40	MASKER dB: 0:Threshold: 39.9:NOTES-:CHAMBER-Bach:Avgs: 512;512;512;512;512;512;512;512;512;512;512;512;512;512;512;512;512
:Tries: 558;566;561;565;547;570;553;553;552;570;563;564;556;564;569;568;558
:Log: :Vary signal level: TRUE :Control: NaN:CFTS Version: V2.37.2 (R3379):LEVELS:20;25;30;35;40;45;50;55;60;65;70;75;80;85;90;95;100;:DATA -0.008378	 -0.052607	  0.053127	 -0.024112	 -0.035752	  0.037356	  0.074234	 -0.003322	  0.019365	 -0.026804	 -0.039544	  0.047028	  0.036675	  0.028088	  0.044477	  0.055741	  0.136741
  0.004723	 -0.046818	  0.034283	 -0.011806	 -0.015076	  0.028721	  0.054344	 -0.024387	  0.021391	 -0.033262	 -0.049869	  0.056190	  0.046545	  0.002628	  0.016264	  0.037095	  0.119604
  0.012060	 -0.017682	  0.009406	 -0.009870	  0.003277	  0.009263	  0.051731	 -0.001922	  0.017502	 -0.010327	 -0.068948	  0.007998	  0.045870	  0.032550	  0.011453	  0.041248	  0.106970
  0.003887	  0.007755	 -0.042504	 -0.031654	  0.007246	  0.013450	  0.037201	  0.010481	 -0.003668	  0.026877	 -0.060102	 -0.013113	  0.043029	  0.038363	  0.016639	  0.065956	  0.100546
 -0.007002	  0.007271	 -0.062646	 -0.058769	  0.016321	  0.006153	  0.024250	  0.016226	  0.002013	  0.046139	 -0.030572	 -0.034538	  0.045856	  0.011544	  0.031890	  0.081724	  0.074263
 -0.021975	 -0.010346	 -0.050956	 -0.033249	  0.031390	 -0.010789	 -0.003615	  0.028573	 -0.002823	  0.037562	 -0.014828	 -0.057521	  0.052138	  0.011396	  0.023956	  0.088266	  0.069575
 -0.023246	 -0.013626	 -0.022387	 -0.029647	  0.041004	 -0.019760	 -0.038300	  0.035049	 -0.015294	  0.041176	  0.010427	 -0.086010	  0.054645	  0.002565	  0.024976	  0.076752	  0.043682
 -0.050520	 -0.028290	  0.003921	 -0.012008	  0.029331	 -0.051663	 -0.032972	  0.029165	 -0.018942	  0.035481	  0.016798	 -0.087570	  0.080279	  0.016965	  0.040262	  0.089344	  0.026640
 -0.031395	 -0.022126	  0.006589	 -0.004152	  0.028765	 -0.035849	 -0.002936	  0.007220	 -0.011732	  0.008207	  0.040824	 -0.051454	  0.069300	  0.053670	  0.060749	  0.058476	  0.012515
 -0.003892	 -0.017136	 -0.005120	  0.009576	  0.054297	 -0.010370	 -0.019148	 -0.019691	 -0.020761	  0.011028	  0.026350	 -0.014367	  0.046253	  0.060712	  0.074548	  0.031237	  0.028662
  0.017441	 -0.014738	 -0.024981	  0.006950	  0.019744	 -0.003130	 -0.035646	  0.006073	 -0.036794	  0.005643	  0.022385	 -0.032444	  0.050731	  0.050796	  0.057562	  0.022121	  0.056117
  0.034969	 -0.018732	 -0.027052	 -0.007227	 -0.017196	  0.003708	 -0.016971	  0.005701	 -0.043097	  0.025047	  0.028976	 -0.004050	  0.015961	  0.036978	  0.041916	  0.032548	  0.050268
  0.031706	  0.014443	 -0.020927	 -0.005012	 -0.023907	  0.023468	 -0.005725	  0.015007	 -0.011017	  0.032935	  0.026265	  0.019619	 -0.007656	  0.045012	  0.023640	  0.042842	  0.043521
  0.034126	  0.028906	 -0.007566	  0.005937	 -0.031424	  0.008023	  0.006096	  0.014290	  0.006056	  0.015087	  0.057706	  0.045716	 -0.013315	  0.051269	  0.012097	  0.000922	 -0.004267
  0.025555	  0.038577	  0.015065	  0.017060	 -0.034121	  0.024829	  0.001043	 -0.014428	 -0.001690	  0.005886	  0.046925	  0.042055	 -0.035280	  0.058175	 -0.004313	 -0.040182	 -0.050334
  0.006909	  0.026567	  0.020514	  0.038863	 -0.039511	  0.035665	 -0.000870	 -0.013221	 -0.011440	 -0.010317	  0.025017	  0.040662	 -0.086540	  0.009920	 -0.035103	 -0.097250	 -0.100275
 -0.008651	  0.026250	  0.031492	  0.035039	 -0.024748	  0.001994	 -0.005706	 -0.036019	 -0.006608	 -0.008667	 -0.005652	  0.049355	 -0.099829	 -0.060793	 -0.085935	 -0.121508	 -0.170071
  0.004099	  0.026264	  0.023657	  0.034876	  0.003235	 -0.024783	 -0.022655	 -0.022137	  0.008808	 -0.027786	 -0.010838	  0.048455	 -0.107605	 -0.116829	 -0.104837	 -0.152809	 -0.194679
 -0.008661	  0.026350	  0.031908	  0.035316	  0.002226	 -0.024881	 -0.032850	 -0.012833	  0.035698	 -0.067153	 -0.009302	  0.030237	 -0.128511	 -0.163873	 -0.127243	 -0.164880	 -0.194967
 -0.011754	  0.039718	  0.034176	  0.043889	 -0.015100	 -0.011405	 -0.031505	 -0.019824	  0.073032	 -0.106752	 -0.012017	 -0.006247	 -0.108547	 -0.169136	 -0.122999	 -0.147645	 -0.154511
  0.013092	  0.050697	  0.046677	  0.038215	 -0.025397	  0.006552	 -0.015652	 -0.028148	  0.079632	 -0.138387	 -0.011038	 -0.024131	 -0.107129	 -0.161605	 -0.110251	 -0.132738	 -0.123717
  0.012086	  0.001255	  0.044084	  0.027776	  0.021875	  0.030925	 -0.027140	 -0.065541	  0.043771	 -0.150225	 -0.039530	 -0.043023	 -0.139433	 -0.171468	 -0.056643	 -0.130744	 -0.135662
 -0.006714	 -0.027129	  0.034588	  0.020315	  0.043644	 -0.009055	 -0.030488	 -0.078539	  0.036299	 -0.138156	 -0.064945	 -0.065732	 -0.138986	 -0.143287	 -0.029109	 -0.127927	 -0.139119
 -0.000692	 -0.025121	  0.012328	  0.002350	  0.042600	 -0.025119	  0.000794	 -0.076701	  0.016270	 -0.134465	 -0.066110	 -0.044909	 -0.107559	 -0.153553	 -0.016542	 -0.110901	 -0.151779
 -0.019899	 -0.019702	  0.014169	  0.000864	  0.046386	 -0.017871	 -0.022548	 -0.099528	  0.003545	 -0.140176	 -0.026084	  0.003167	 -0.107208	 -0.163134	 -0.015612	 -0.129383	 -0.152558
 -0.014078	  0.005351	  0.056272	 -0.019813	  0.008075	 -0.027685	 -0.007858	 -0.106148	  0.003840	 -0.120074	 -0.029077	 -0.013173	 -0.102771	 -0.171503	 -0.058571	 -0.160740	 -0.183873
 -0.000841	 -0.009191	  0.083038	 -0.042740	 -0.019374	 -0.029166	 -0.012966	 -0.108522	 -0.001986	 -0.139062	 -0.021864	 -0.020253	 -0.131902	 -0.210989	 -0.122576	 -0.201182	 -0.206188
 -0.006578	 -0.032080	  0.082686	 -0.032750	 -0.017621	  0.003292	  0.002186	 -0.108633	  0.009971	 -0.147986	 -0.043037	 -0.065495	 -0.154607	 -0.246322	 -0.163061	 -0.209701	 -0.247640
  0.011241	 -0.044954	  0.069505	 -0.053768	 -0.045560	  0.024701	  0.032631	 -0.108515	 -0.014503	 -0.158383	 -0.077134	 -0.107170	 -0.168455	 -0.241234	 -0.182908	 -0.221954	 -0.244603
  0.005358	 -0.055139	  0.059903	 -0.035407	 -0.055572	  0.045308	  0.035352	 -0.128736	 -0.020123	 -0.158260	 -0.105508	 -0.128883	 -0.181201	 -0.244271	 -0.162299	 -0.229737	 -0.221021
 -0.008197	 -0.047688	  0.049277	 -0.039229	 -0.052458	  0.029686	  0.020237	 -0.157244	 -0.018709	 -0.149112	 -0.145728	 -0.156446	 -0.186515	 -0.235607	 -0.158304	 -0.224220	 -0.194714
 -0.012153	 -0.025133	  0.072023	 -0.057784	 -0.079012	  0.027098	  0.000437	 -0.188711	 -0.038665	 -0.164111	 -0.157202	 -0.134078	 -0.191322	 -0.205037	 -0.139436	 -0.199447	 -0.134845
 -0.034952	 -0.027302	  0.048751	 -0.053971	 -0.084325	  0.033270	 -0.026057	 -0.208819	 -0.036239	 -0.178832	 -0.163815	 -0.120364	 -0.181534	 -0.183223	 -0.082990	 -0.134971	 -0.066177
 -0.043147	 -0.022517	  0.041669	 -0.039875	 -0.071140	  0.031063	 -0.041780	 -0.199598	 -0.049251	 -0.161002	 -0.142271	 -0.107232	 -0.158731	 -0.152063	 -0.060001	 -0.076905	  0.009601
 -0.050091	 -0.049810	  0.034731	 -0.045128	 -0.060297	  0.018048	 -0.060180	 -0.220900	 -0.095281	 -0.161658	 -0.126461	 -0.104467	 -0.127425	 -0.104993	 -0.033737	 -0.039335	  0.091710
 -0.057972	 -0.046342	  0.017836	 -0.029641	 -0.056317	  0.046500	 -0.093473	 -0.201334	 -0.087280	 -0.149097	 -0.095041	 -0.081037	 -0.058468	 -0.039696	  0.021814	  0.025752	  0.148574
 -0.071940	 -0.022859	  0.040355	 -0.014609	 -0.029334	  0.063348	 -0.087921	 -0.179131	 -0.074138	 -0.110219	 -0.030800	 -0.049475	  0.031878	  0.026654	  0.092711	  0.082846	  0.195372
 -0.062991	 -0.012687	  0.057196	 -0.019264	 -0.028739	  0.028652	 -0.060313	 -0.174319	 -0.050552	 -0.070767	 -0.022149	  0.000457	  0.087259	  0.083551	  0.164551	  0.119359	  0.168627
 -0.049042	 -0.028785	  0.040215	  0.006003	 -0.043548	  0.005934	 -0.055059	 -0.154472	 -0.010903	 -0.029157	 -0.009245	  0.055431	  0.139527	  0.135162	  0.192083	  0.139393	  0.159161
 -0.042829	 -0.032258	  0.043597	  0.038298	 -0.029791	  0.041664	 -0.062670	 -0.137421	 -0.000422	  0.004833	  0.015999	  0.113587	  0.202907	  0.176551	  0.180069	  0.102890	  0.123584
 -0.054149	 -0.029868	  0.040581	  0.015241	 -0.032426	  0.069962	 -0.061838	 -0.120829	  0.024029	  0.010966	  0.032616	  0.159267	  0.255165	  0.170976	  0.155585	  0.056543	  0.118590
 -0.032829	 -0.020395	  0.023762	  0.004815	 -0.030496	  0.040458	 -0.036109	 -0.094488	  0.045967	  0.018888	  0.061945	  0.166578	  0.259174	  0.142956	  0.137203	 -0.001694	  0.181384
 -0.046609	  0.021870	  0.021755	 -0.013306	 -0.042485	  0.048613	  0.000688	 -0.085128	  0.060352	  0.009664	  0.084525	  0.132078	  0.218061	  0.127341	  0.101566	 -0.052667	  0.217092
 -0.051640	  0.006297	  0.054742	 -0.027705	 -0.024009	  0.083065	  0.008573	 -0.068595	  0.082249	  0.014992	  0.128286	  0.137449	  0.185552	  0.048439	  0.058945	 -0.039154	  0.222443
 -0.055585	 -0.002069	  0.050402	 -0.023276	 -0.024794	  0.084452	  0.022565	 -0.054482	  0.124080	  0.026640	  0.122509	  0.137379	  0.125012	 -0.059499	 -0.036957	 -0.043917	  0.177846
 -0.019850	 -0.016382	  0.050693	 -0.011130	 -0.004721	  0.085205	  0.030972	 -0.025075	  0.113999	  0.041719	  0.077370	  0.077276	  0.055927	 -0.155996	 -0.155996	 -0.078772	  0.046257
  0.005306	 -0.019703	  0.077584	 -0.021080	  0.020051	  0.088563	  0.038111	 -0.020913	  0.081922	  0.042329	  0.047380	 -0.034568	 -0.049045	 -0.257385	 -0.251885	 -0.169813	 -0.144916
 -0.034341	  0.001289	  0.069345	 -0.035304	  0.045280	  0.077634	  0.036036	 -0.054062	  0.074812	  0.045810	  0.007070	 -0.127146	 -0.179312	 -0.358176	 -0.343945	 -0.315709	 -0.363260
 -0.075370	 -0.005927	  0.065017	 -0.062534	  0.045167	  0.058552	  0.054687	 -0.075068	  0.045119	  0.006519	 -0.082234	 -0.227714	 -0.297163	 -0.443581	 -0.410317	 -0.483255	 -0.584923
 -0.103515	 -0.021519	  0.054974	 -0.073619	  0.032161	  0.048852	  0.052055	 -0.113432	  0.000794	 -0.080415	 -0.154665	 -0.366412	 -0.423567	 -0.526877	 -0.494892	 -0.670440	 -0.808743
 -0.091127	 -0.031121	  0.032191	 -0.083981	  0.028514	  0.027142	  0.049076	 -0.123614	 -0.048710	 -0.161931	 -0.231211	 -0.477841	 -0.529929	 -0.598788	 -0.582710	 -0.835147	 -0.964185
 -0.082764	 -0.064109	  0.044006	 -0.041377	  0.020410	  0.005489	  0.026587	 -0.157071	 -0.104680	 -0.241346	 -0.353122	 -0.575268	 -0.577327	 -0.627623	 -0.682960	 -0.985235	 -1.059099
 -0.076272	 -0.056873	  0.048909	 -0.033017	  0.009306	  0.031241	 -0.017362	 -0.229736	 -0.195510	 -0.341823	 -0.430270	 -0.657718	 -0.579094	 -0.669830	 -0.729387	 -1.040532	 -1.052861
 -0.076199	 -0.066444	  0.066844	 -0.049040	 -0.000408	  0.023449	 -0.035649	 -0.287970	 -0.247033	 -0.404863	 -0.497941	 -0.657939	 -0.555359	 -0.671948	 -0.712850	 -1.003300	 -0.945937
 -0.086765	 -0.051579	  0.056596	 -0.061200	  0.023885	 -0.024544	 -0.086239	 -0.320156	 -0.262742	 -0.407303	 -0.526063	 -0.606319	 -0.498387	 -0.581185	 -0.651581	 -0.856158	 -0.810028
 -0.069364	 -0.047161	  0.040140	 -0.081119	  0.021116	 -0.065020	 -0.127733	 -0.333815	 -0.341084	 -0.434754	 -0.492095	 -0.538241	 -0.402399	 -0.463676	 -0.509625	 -0.606989	 -0.580988
 -0.076221	 -0.055551	  0.040494	 -0.090662	 -0.001715	 -0.094531	 -0.192235	 -0.350556	 -0.359765	 -0.445989	 -0.436982	 -0.419180	 -0.283734	 -0.305128	 -0.304670	 -0.359080	 -0.323617
 -0.089406	 -0.038768	  0.015294	 -0.120140	 -0.020609	 -0.146522	 -0.235083	 -0.382658	 -0.347476	 -0.400876	 -0.328935	 -0.271915	 -0.132084	 -0.151398	 -0.073124	 -0.128056	 -0.044370
 -0.100571	 -0.021368	  0.021691	 -0.138666	 -0.029245	 -0.168125	 -0.244420	 -0.351153	 -0.263993	 -0.336629	 -0.198558	 -0.138842	 -0.002387	  0.024494	  0.153942	  0.126238	  0.224026
 -0.110363	 -0.039758	  0.024672	 -0.142670	 -0.038150	 -0.145876	 -0.242377	 -0.301539	 -0.169319	 -0.231474	 -0.082977	 -0.005682	  0.154850	  0.182752	  0.338892	  0.354782	  0.470332
 -0.094836	 -0.051274	  0.036806	 -0.147114	 -0.053662	 -0.128741	 -0.219818	 -0.258958	 -0.095095	 -0.143991	  0.058412	  0.112791	  0.286589	  0.266504	  0.477453	  0.462158	  0.640639
 -0.074760	 -0.026213	  0.013122	 -0.143744	 -0.045655	 -0.098683	 -0.158415	 -0.198925	 -0.011663	 -0.045933	  0.149141	  0.226899	  0.352857	  0.340382	  0.533774	  0.518662	  0.721277
 -0.054853	  0.002196	 -0.035455	 -0.163106	 -0.053067	 -0.083632	 -0.118458	 -0.095875	  0.049705	  0.043733	  0.247422	  0.312692	  0.403700	  0.407771	  0.504043	  0.502143	  0.710613
 -0.045704	 -0.023989	 -0.051966	 -0.164873	 -0.039353	 -0.044590	 -0.089229	 -0.021489	  0.089975	  0.078565	  0.305401	  0.321304	  0.443954	  0.413214	  0.468920	  0.388681	  0.576877
 -0.031365	 -0.050910	 -0.047968	 -0.122412	 -0.022533	 -0.052814	 -0.045305	  0.008803	  0.146673	  0.109299	  0.301712	  0.329704	  0.437912	  0.318313	  0.369452	  0.251428	  0.427262
 -0.039003	 -0.078308	 -0.058666	 -0.118735	 -0.006531	 -0.038998	 -0.013280	  0.032200	  0.184142	  0.150698	  0.267818	  0.294567	  0.358928	  0.189912	  0.231759	  0.075903	  0.262149
 -0.044316	 -0.098144	 -0.038939	 -0.114940	  0.020805	  0.030759	 -0.000735	  0.017371	  0.191090	  0.139480	  0.246627	  0.207232	  0.242674	  0.047030	  0.049375	 -0.063288	  0.074036
 -0.031602	 -0.111759	 -0.013909	 -0.109996	  0.034170	  0.067223	  0.000906	  0.020001	  0.176753	  0.105130	  0.190079	  0.131626	  0.098888	 -0.114926	 -0.145968	 -0.189064	 -0.122513
 -0.036058	 -0.079198	 -0.006572	 -0.080833	  0.029730	  0.049588	  0.014711	  0.009065	  0.110809	  0.069883	  0.127600	  0.047999	  0.000355	 -0.239482	 -0.281710	 -0.260696	 -0.236386
 -0.030933	 -0.063933	 -0.004328	 -0.051702	  0.012874	  0.043690	  0.031581	 -0.036702	  0.050473	  0.020977	  0.034104	 -0.038538	 -0.081020	 -0.330633	 -0.355884	 -0.304112	 -0.330255
 -0.011920	 -0.042364	 -0.020585	 -0.055076	  0.018526	  0.049977	 -0.000088	 -0.068313	  0.006713	 -0.022494	 -0.042449	 -0.098449	 -0.164558	 -0.384094	 -0.377198	 -0.321937	 -0.362333
  0.004918	 -0.030455	 -0.015665	 -0.059120	  0.035150	  0.033895	 -0.023344	 -0.130987	 -0.021561	 -0.079676	 -0.105285	 -0.159434	 -0.218520	 -0.414415	 -0.355297	 -0.296579	 -0.267455
  0.016146	 -0.023737	  0.003461	 -0.052260	  0.024417	 -0.005255	 -0.058868	 -0.168129	 -0.033292	 -0.101640	 -0.145607	 -0.205667	 -0.242065	 -0.408088	 -0.268271	 -0.170006	 -0.127766
 -0.004219	 -0.026698	 -0.004171	  0.004757	  0.018393	 -0.018439	 -0.090257	 -0.187469	 -0.038187	 -0.113826	 -0.176084	 -0.245412	 -0.225195	 -0.306281	 -0.093849	 -0.021653	  0.045979
 -0.007723	 -0.015250	  0.016621	  0.016209	  0.003758	 -0.025761	 -0.100382	 -0.203325	 -0.063678	 -0.114310	 -0.203219	 -0.214504	 -0.158308	 -0.177430	  0.075793	  0.135084	  0.247374
 -0.016270	 -0.004391	  0.024287	  0.017329	 -0.029999	 -0.037597	 -0.112938	 -0.176449	 -0.087985	 -0.108384	 -0.172209	 -0.155928	 -0.034956	  0.001009	  0.247390	  0.279837	  0.432002
  0.009487	  0.006581	  0.058246	  0.024014	 -0.039641	 -0.017417	 -0.096479	 -0.164979	 -0.096273	 -0.103290	 -0.114284	 -0.057079	  0.106611	  0.137871	  0.396998	  0.413435	  0.607016
  0.012536	  0.009798	  0.063613	 -0.000048	 -0.045078	 -0.009911	 -0.084082	 -0.131628	 -0.098223	 -0.093490	 -0.055739	  0.059651	  0.242922	  0.280355	  0.529538	  0.508981	  0.747814
 -0.017646	  0.013072	  0.068127	 -0.016551	 -0.028585	 -0.010390	 -0.085264	 -0.095949	 -0.074101	 -0.039864	  0.014904	  0.140690	  0.342336	  0.398798	  0.624281	  0.579153	  0.849797
 -0.005479	 -0.006029	  0.060426	  0.007954	 -0.026039	  0.006893	 -0.038243	 -0.091765	 -0.026047	  0.049046	  0.098498	  0.209599	  0.400539	  0.473022	  0.685964	  0.637455	  0.925565
 -0.012271	 -0.016242	  0.045010	 -0.006005	 -0.032565	  0.024839	 -0.011634	 -0.075875	  0.048367	  0.074928	  0.158772	  0.288828	  0.454948	  0.539409	  0.738856	  0.643394	  0.941780
 -0.023407	 -0.022584	  0.038441	 -0.019300	 -0.039064	  0.015862	  0.010226	 -0.034660	  0.101761	  0.122885	  0.230851	  0.367521	  0.480318	  0.551000	  0.719063	  0.650317	  0.949646
 -0.043447	 -0.032292	  0.048377	 -0.033408	 -0.005755	  0.025033	  0.029562	  0.020593	  0.140435	  0.177953	  0.293383	  0.399581	  0.494802	  0.534102	  0.696180	  0.648635	  0.921592
 -0.055758	 -0.041150	  0.058916	 -0.055112	  0.004478	  0.084001	  0.044903	  0.042412	  0.163420	  0.203542	  0.300681	  0.410028	  0.489195	  0.494226	  0.617203	  0.595620	  0.825798
 -0.058993	 -0.054534	  0.054451	 -0.040284	 -0.015437	  0.120462	  0.063968	  0.056507	  0.173956	  0.208915	  0.344148	  0.391229	  0.448391	  0.472495	  0.551041	  0.512656	  0.718464
 -0.046782	 -0.055111	  0.015876	 -0.024253	 -0.013580	  0.131005	  0.080047	  0.060011	  0.168252	  0.194676	  0.367621	  0.357005	  0.384788	  0.395632	  0.484315	  0.432792	  0.599125
 -0.048655	 -0.060202	 -0.028776	  0.003433	 -0.012098	  0.159940	  0.082797	  0.083434	  0.150338	  0.162827	  0.360116	  0.326250	  0.322419	  0.308679	  0.436477	  0.336366	  0.495720
 -0.056535	 -0.032288	 -0.037469	 -0.010985	 -0.007412	  0.179164	  0.058364	  0.084439	  0.151616	  0.133979	  0.323698	  0.279570	  0.260400	  0.230084	  0.370411	  0.238127	  0.387964
 -0.051183	 -0.008347	 -0.042845	 -0.025803	  0.019945	  0.178852	  0.072901	  0.070870	  0.144478	  0.115691	  0.266017	  0.227013	  0.181751	  0.164492	  0.276930	  0.149403	  0.274793
 -0.046417	 -0.010450	 -0.013194	 -0.052271	  0.012332	  0.144009	  0.068984	  0.038440	  0.106351	  0.105577	  0.238467	  0.198129	  0.129388	  0.077895	  0.194452	  0.068817	  0.161615
 -0.051021	 -0.024998	 -0.008104	 -0.065010	  0.009340	  0.138143	  0.092689	  0.023187	  0.091573	  0.063657	  0.217791	  0.152666	  0.098712	  0.005124	  0.150687	  0.012211	  0.029115
 -0.064061	 -0.030214	 -0.010517	 -0.055157	  0.033531	  0.122924	  0.099538	  0.033564	  0.079344	  0.040148	  0.152072	  0.092450	  0.060120	 -0.062277	  0.108377	 -0.072083	 -0.072308
 -0.075517	 -0.044876	 -0.034137	 -0.068409	  0.057616	  0.128884	  0.130292	  0.025553	  0.069016	  0.045693	  0.103466	  0.033354	  0.003690	 -0.111363	  0.066212	 -0.125050	 -0.136153
 -0.076547	 -0.052053	 -0.023895	 -0.086808	  0.044972	  0.111769	  0.144436	 -0.001205	  0.045191	  0.017522	  0.065228	 -0.039181	 -0.071039	 -0.149839	  0.052478	 -0.182710	 -0.154919
 -0.058210	 -0.047336	 -0.019139	 -0.062562	  0.047058	  0.071905	  0.132508	 -0.031506	 -0.008005	 -0.010765	  0.023138	 -0.076848	 -0.150718	 -0.184294	  0.026850	 -0.208220	 -0.118141
 -0.049969	 -0.029611	  0.016773	 -0.026396	  0.039057	  0.051438	  0.096205	 -0.079001	 -0.026203	 -0.035492	 -0.002572	 -0.104951	 -0.178816	 -0.190863	  0.011171	 -0.188386	 -0.044516
 -0.060221	  0.000119	  0.004601	 -0.009239	 -0.001723	  0.050548	  0.064050	 -0.086555	 -0.014581	 -0.047569	 -0.026821	 -0.125137	 -0.164493	 -0.195889	  0.011806	 -0.149119	  0.015981
 -0.060538	  0.005973	  0.022501	 -0.013301	 -0.008907	  0.037006	  0.033180	 -0.117506	 -0.039396	 -0.087092	 -0.063629	 -0.152338	 -0.128468	 -0.115467	  0.030715	 -0.068650	  0.106192
 -0.044767	 -0.013805	  0.037440	  0.007465	 -0.013363	  0.050228	 -0.006200	 -0.122241	 -0.033568	 -0.109291	 -0.068212	 -0.152430	 -0.101987	 -0.063584	  0.058630	  0.001837	  0.191955
 -0.057352	 -0.020708	  0.035457	  0.013641	 -0.028811	  0.024751	 -0.026584	 -0.139763	 -0.026258	 -0.131097	 -0.084121	 -0.108741	 -0.060258	 -0.015555	  0.081866	  0.108192	  0.299013
 -0.032313	 -0.018216	  0.022694	 -0.016579	 -0.030945	 -0.000891	 -0.060975	 -0.141416	 -0.029678	 -0.127048	 -0.081527	 -0.068322	 -0.022268	  0.027418	  0.137021	  0.158889	  0.369356
 -0.018900	  0.000778	  0.010689	 -0.028555	 -0.062364	 -0.005318	 -0.076806	 -0.145856	 -0.011803	 -0.087804	 -0.037228	 -0.022539	  0.028638	  0.081242	  0.216842	  0.213845	  0.432232
 -0.013304	  0.018119	  0.027834	 -0.026088	 -0.060578	 -0.002512	 -0.082624	 -0.160853	 -0.011971	 -0.064366	 -0.000083	  0.033287	  0.111507	  0.168287	  0.287781	  0.297842	  0.456553
 -0.012150	  0.025960	  0.022185	 -0.037391	 -0.054496	  0.015240	 -0.084418	 -0.146066	  0.006183	  0.017129	  0.061632	  0.087123	  0.169550	  0.233584	  0.308352	  0.357602	  0.422124
  0.016656	  0.008681	  0.034378	 -0.035443	 -0.057816	  0.009342	 -0.053681	 -0.113428	  0.034349	  0.069478	  0.094155	  0.117105	  0.237950	  0.242524	  0.307344	  0.381133	  0.412375
  0.030230	  0.017505	  0.026197	 -0.038239	 -0.022145	  0.018060	 -0.042393	 -0.056708	  0.101806	  0.096032	  0.106542	  0.176122	  0.299164	  0.253310	  0.296679	  0.356058	  0.384876
  0.033394	  0.049854	  0.020980	 -0.068108	 -0.020186	  0.014468	 -0.052102	 -0.036261	  0.139152	  0.109862	  0.118552	  0.217907	  0.312384	  0.277668	  0.284864	  0.325226	  0.319897
  0.024110	  0.047748	 -0.002568	 -0.084398	 -0.013681	  0.020026	 -0.042742	 -0.001453	  0.173202	  0.144564	  0.171749	  0.240336	  0.281826	  0.303762	  0.274535	  0.275662	  0.256752
  0.015383	  0.054456	 -0.032015	 -0.090942	  0.007958	  0.069793	 -0.010309	  0.022297	  0.190603	  0.152050	  0.196751	  0.195761	  0.272373	  0.271488	  0.265603	  0.206973	  0.212009
  0.004059	  0.049632	 -0.031319	 -0.099165	 -0.006569	  0.098917	  0.016381	  0.042563	  0.203648	  0.156635	  0.190598	  0.159609	  0.251577	  0.224355	  0.243684	  0.122408	  0.159521
 -0.003827	  0.063093	 -0.045200	 -0.097615	 -0.013767	  0.126420	  0.032307	  0.046659	  0.185150	  0.134463	  0.156519	  0.127921	  0.208712	  0.159210	  0.186299	  0.052729	  0.093093
  0.000010	  0.068870	 -0.016231	 -0.105251	  0.024311	  0.123415	  0.046311	  0.056185	  0.163999	  0.117652	  0.149136	  0.097377	  0.173489	  0.133348	  0.121197	 -0.014476	  0.027399
  0.015521	  0.079669	  0.029710	 -0.105429	  0.046842	  0.118370	  0.044046	  0.051406	  0.170882	  0.108354	  0.151650	  0.076918	  0.137817	  0.080020	  0.086206	 -0.096955	  0.004698
  0.028555	  0.081248	  0.016514	 -0.080949	  0.074690	  0.111594	  0.025163	  0.052904	  0.130522	  0.076417	  0.113425	  0.063635	  0.091526	  0.001711	  0.042409	 -0.137144	 -0.014912
  0.014512	  0.137889	  0.017930	 -0.085497	  0.110943	  0.099586	  0.019622	  0.049122	  0.106500	  0.051487	  0.113405	  0.042895	  0.058175	 -0.032471	 -0.010567	 -0.120946	 -0.056697
  0.016835	  0.136492	 -0.003064	 -0.068936	  0.129808	  0.109632	 -0.010296	  0.052053	  0.079688	  0.041723	  0.100760	  0.002020	  0.005111	 -0.087182	 -0.045939	 -0.156746	 -0.067723
  0.024641	  0.109269	  0.008282	 -0.036396	  0.124846	  0.160525	 -0.023822	  0.046848	  0.067782	  0.005967	  0.066162	 -0.048482	 -0.048610	 -0.108691	 -0.089354	 -0.189394	 -0.079933
 -0.005772	  0.082409	  0.006994	  0.006309	  0.092480	  0.182652	 -0.047534	  0.002285	  0.006494	 -0.025835	  0.049190	 -0.060574	 -0.095944	 -0.146327	 -0.113660	 -0.234668	 -0.100203
 -0.002079	  0.047797	  0.015632	  0.025955	  0.071364	  0.177105	 -0.076933	 -0.037080	 -0.033151	  0.006091	  0.025258	 -0.096604	 -0.138934	 -0.146302	 -0.147434	 -0.258617	 -0.092218
  0.004105	  0.027918	  0.000932	  0.033635	  0.085349	  0.162356	 -0.094543	 -0.072560	 -0.057144	 -0.006857	 -0.011393	 -0.138703	 -0.157981	 -0.163136	 -0.146561	 -0.226941	 -0.084878
  0.021560	  0.020409	 -0.004205	  0.017488	  0.077713	  0.131019	 -0.110785	 -0.099189	 -0.086397	 -0.043464	 -0.032504	 -0.162114	 -0.177749	 -0.186791	 -0.146072	 -0.228758	 -0.119035
  0.037353	  0.022667	  0.002122	 -0.005701	  0.070248	  0.094700	 -0.110279	 -0.109059	 -0.100107	 -0.085159	 -0.049511	 -0.175913	 -0.223515	 -0.198817	 -0.142492	 -0.238844	 -0.144772
  0.037727	  0.030027	 -0.001820	 -0.005683	  0.081150	  0.074063	 -0.107653	 -0.133861	 -0.132448	 -0.098303	 -0.059709	 -0.174360	 -0.241736	 -0.179468	 -0.156680	 -0.243155	 -0.153048
  0.050850	  0.029398	  0.003871	 -0.008211	  0.094985	  0.072006	 -0.091725	 -0.150258	 -0.146721	 -0.127209	 -0.083413	 -0.180372	 -0.233848	 -0.130114	 -0.180007	 -0.243978	 -0.170057
  0.035598	  0.028896	  0.027921	 -0.020763	  0.085705	  0.000380	 -0.110352	 -0.175954	 -0.133277	 -0.169075	 -0.107153	 -0.183731	 -0.221030	 -0.108617	 -0.194499	 -0.249077	 -0.150720
  0.023808	  0.060955	 -0.001428	 -0.007799	  0.077656	 -0.013288	 -0.106228	 -0.207797	 -0.143982	 -0.163695	 -0.118849	 -0.160428	 -0.205823	 -0.120219	 -0.189159	 -0.246443	 -0.099657
  0.018057	  0.076260	 -0.008380	 -0.011476	  0.073543	 -0.027931	 -0.078101	 -0.192711	 -0.153704	 -0.200094	 -0.110361	 -0.171528	 -0.204630	 -0.129277	 -0.195140	 -0.207961	 -0.043293
  0.045003	  0.083965	  0.039452	 -0.020438	  0.079617	 -0.050027	 -0.065495	 -0.214152	 -0.181486	 -0.211334	 -0.107697	 -0.163054	 -0.168316	 -0.102478	 -0.164668	 -0.184129	  0.006190
  0.060872	  0.048628	  0.068153	 -0.046392	  0.064293	 -0.043974	 -0.108322	 -0.206184	 -0.201037	 -0.190795	 -0.118917	 -0.131329	 -0.136003	 -0.093809	 -0.126299	 -0.123169	  0.057512
  0.038796	  0.018456	  0.039662	 -0.033439	  0.043918	 -0.044784	 -0.115495	 -0.195885	 -0.168144	 -0.195280	 -0.128026	 -0.099428	 -0.104102	 -0.055264	 -0.092755	 -0.060063	  0.092780
  0.036143	  0.002466	  0.021530	 -0.028315	  0.032272	 -0.036156	 -0.095162	 -0.191106	 -0.129201	 -0.168111	 -0.143717	 -0.046331	 -0.093141	 -0.023130	 -0.038948	 -0.039231	  0.121488
  0.052947	 -0.010985	  0.028612	 -0.055208	  0.053371	 -0.039320	 -0.105540	 -0.157866	 -0.110889	 -0.158650	 -0.135286	 -0.001118	 -0.080306	 -0.007056	  0.012762	  0.013445	  0.160840
  0.062058	 -0.019403	  0.041624	 -0.040760	  0.053546	 -0.030002	 -0.093335	 -0.157898	 -0.078046	 -0.156242	 -0.118966	  0.018963	 -0.068083	  0.007658	  0.035886	  0.052445	  0.201341
  0.046135	 -0.020097	  0.043687	 -0.036600	  0.045930	 -0.017779	 -0.089304	 -0.125279	 -0.052260	 -0.145343	 -0.086219	  0.048932	 -0.051619	  0.010857	  0.049291	  0.098706	  0.215889
  0.083136	 -0.016300	  0.044115	  0.001294	  0.042896	 -0.027210	 -0.100204	 -0.117039	 -0.016547	 -0.114765	 -0.080766	  0.056212	 -0.030666	  0.009219	  0.055471	  0.137827	  0.222183
  0.108732	  0.002035	  0.054577	  0.009769	  0.024833	 -0.033908	 -0.089250	 -0.085925	 -0.025107	 -0.060221	 -0.057817	  0.052279	 -0.006750	  0.033145	  0.085809	  0.146176	  0.241511
  0.132782	 -0.014180	  0.071703	 -0.010246	  0.019643	 -0.015381	 -0.078542	 -0.076118	 -0.016662	 -0.008213	 -0.016144	  0.076955	  0.008388	  0.054061	  0.098116	  0.185233	  0.246091
  0.125563	 -0.009822	  0.082777	 -0.026089	  0.009242	 -0.000935	 -0.089749	 -0.066588	 -0.005908	  0.018703	  0.016901	  0.073224	  0.016111	  0.094773	  0.108609	  0.178663	  0.241746
  0.117631	  0.014984	  0.075532	 -0.049858	 -0.023964	  0.001839	 -0.083553	 -0.066150	  0.006853	  0.040116	  0.019333	  0.063561	  0.033019	  0.110038	  0.153449	  0.148112	  0.203745
  0.124896	  0.035673	  0.092358	 -0.053088	 -0.018817	 -0.002067	 -0.076656	 -0.079687	  0.006399	  0.049048	  0.023044	  0.046453	  0.066679	  0.115482	  0.184127	  0.156258	  0.172461
  0.149650	  0.050612	  0.095310	 -0.068917	 -0.007425	  0.000574	 -0.043442	 -0.093666	  0.022758	  0.059361	  0.019927	  0.066603	  0.080105	  0.128535	  0.182842	  0.162728	  0.185980
  0.161377	  0.053362	  0.121198	 -0.088881	  0.005061	  0.017684	 -0.013806	 -0.101414	 -0.008168	  0.056897	  0.018733	  0.110268	  0.098150	  0.122097	  0.149139	  0.131620	  0.218997
  0.155563	  0.050023	  0.153415	 -0.090261	  0.013054	  0.044690	  0.000233	 -0.084341	 -0.014745	  0.034494	  0.041875	  0.090274	  0.099053	  0.120276	  0.149949	  0.105227	  0.190053
  0.146455	  0.041905	  0.141418	 -0.087914	  0.034282	  0.056001	  0.009462	 -0.074505	 -0.015993	  0.032922	  0.070449	  0.065898	  0.087884	  0.110429	  0.115986	  0.091586	  0.202452
  0.097179	  0.053151	  0.152400	 -0.050300	  0.019746	  0.079582	  0.024298	 -0.103176	 -0.006392	 -0.001119	  0.088065	  0.063760	  0.060832	  0.078994	  0.101546	  0.084229	  0.226100
  0.084457	  0.052348	  0.165377	 -0.041378	  0.000866	  0.102267	  0.039831	 -0.090223	 -0.007626	 -0.032137	  0.087975	  0.059457	  0.030899	  0.049559	  0.084477	  0.068069	  0.249329
  0.085110	  0.064855	  0.159175	 -0.032662	  0.017794	  0.103748	  0.008326	 -0.079234	 -0.012285	 -0.024966	  0.079997	  0.047262	  0.008173	  0.033647	  0.090987	  0.054582	  0.257606
  0.090138	  0.098560	  0.141012	 -0.014114	  0.050900	  0.103754	 -0.022100	 -0.076187	  0.007651	 -0.047835	  0.091346	  0.054979	 -0.011742	  0.046560	  0.110230	  0.043697	  0.248925
  0.077595	  0.103324	  0.103757	 -0.001206	  0.071994	  0.131340	 -0.028229	 -0.044553	  0.007942	 -0.047118	  0.102863	  0.055640	 -0.016282	  0.059734	  0.110760	  0.036372	  0.257168
  0.067562	  0.085258	  0.107431	 -0.015533	  0.084294	  0.163182	  0.024200	 -0.055935	  0.007521	 -0.022255	  0.129098	  0.045029	 -0.020144	  0.034003	  0.133554	  0.022282	  0.281940
  0.073274	  0.083009	  0.097962	 -0.021463	  0.099473	  0.163208	  0.043748	 -0.049101	 -0.004435	 -0.016419	  0.137736	  0.051226	 -0.005315	  0.050846	  0.133984	  0.028887	  0.288570
  0.068551	  0.093572	  0.100470	 -0.018200	  0.120377	  0.134646	  0.013385	 -0.016489	 -0.018411	 -0.007958	  0.118777	  0.030781	 -0.008611	  0.049570	  0.142637	  0.058686	  0.315545
  0.097449	  0.103098	  0.072710	 -0.024415	  0.137571	  0.106493	 -0.007764	  0.008142	 -0.048899	 -0.002655	  0.095303	  0.046441	 -0.006166	  0.086439	  0.178819	  0.094543	  0.332461
  0.095468	  0.083204	  0.080923	 -0.024498	  0.127764	  0.117968	 -0.003067	  0.028953	 -0.034170	 -0.016072	  0.073508	  0.105504	  0.005738	  0.079399	  0.187216	  0.127699	  0.324519
  0.093515	  0.068102	  0.115274	 -0.021060	  0.117836	  0.132730	  0.014684	 -0.006368	 -0.013798	 -0.006989	  0.098930	  0.121892	  0.016523	  0.077851	  0.152215	  0.147206	  0.298146
  0.085975	  0.096703	  0.080573	 -0.017775	  0.123766	  0.128164	  0.009902	 -0.034635	 -0.005867	  0.007891	  0.132862	  0.125842	  0.031861	  0.125417	  0.119421	  0.152449	  0.252958
  0.052106	  0.097507	  0.072721	 -0.017389	  0.108594	  0.104310	  0.009712	 -0.014356	 -0.009751	  0.031706	  0.162169	  0.130933	  0.055050	  0.142758	  0.113652	  0.140808	  0.209765
  0.021370	  0.106125	  0.108145	 -0.019643	  0.096964	  0.078897	  0.007981	 -0.029241	 -0.017170	  0.039344	  0.148795	  0.107715	  0.069169	  0.153946	  0.125305	  0.124620	  0.211902
  0.019313	  0.101359	  0.119227	 -0.021817	  0.092877	  0.085495	 -0.002134	 -0.046986	 -0.029610	  0.039442	  0.139417	  0.102975	  0.089210	  0.161721	  0.133917	  0.082158	  0.191004
 -0.008218	  0.064951	  0.109742	 -0.030426	  0.073214	  0.092023	  0.007500	 -0.050818	 -0.026759	  0.065289	  0.133495	  0.101412	  0.111278	  0.130724	  0.105242	  0.038106	  0.115193
 -0.008181	  0.054419	  0.103820	 -0.047400	  0.062492	  0.082359	 -0.004995	 -0.048798	 -0.018709	  0.082046	  0.123901	  0.109538	  0.097071	  0.122205	  0.076750	 -0.001004	  0.077553
  0.018921	  0.044811	  0.114208	 -0.045918	  0.089863	  0.078347	 -0.007369	 -0.051465	 -0.001149	  0.076335	  0.153492	  0.098714	  0.086335	  0.121768	  0.050515	 -0.027614	  0.045233
  0.012903	  0.040754	  0.113029	 -0.036124	  0.098968	  0.077183	 -0.007399	 -0.046251	  0.010709	  0.075535	  0.148304	  0.081096	  0.089240	  0.086323	  0.019747	 -0.039833	  0.002320
  0.019819	  0.030362	  0.126348	 -0.045426	  0.088912	  0.086379	  0.011344	 -0.058050	  0.006486	  0.055192	  0.148593	  0.074063	  0.075336	  0.048329	  0.002493	 -0.059965	 -0.030654
  0.019555	 -0.009244	  0.144041	 -0.057148	  0.088836	  0.069845	  0.040277	 -0.040879	  0.038086	  0.037130	  0.134652	  0.029166	  0.048518	  0.010754	 -0.062747	 -0.110041	 -0.064383
  0.016846	 -0.018164	  0.149094	 -0.032364	  0.062105	  0.057302	  0.050384	 -0.038216	  0.018211	  0.027729	  0.123816	 -0.005313	  0.022504	 -0.041341	 -0.090905	 -0.171191	 -0.096717
  0.027213	 -0.001460	  0.143915	 -0.036754	  0.073891	  0.069035	  0.051720	 -0.028630	  0.028054	  0.026840	  0.112669	 -0.010182	  0.012864	 -0.056768	 -0.120198	 -0.181822	 -0.090145
  0.027831	  0.035247	  0.152823	 -0.040581	  0.104309	  0.072717	  0.041576	 -0.039703	  0.042132	  0.038445	  0.108543	 -0.009178	  0.017382	 -0.029926	 -0.117510	 -0.160903	 -0.060748
  0.035528	  0.041043	  0.142298	 -0.043140	  0.109007	  0.059580	  0.028308	 -0.022156	  0.033952	  0.070824	  0.119830	 -0.003093	  0.017954	 -0.002633	 -0.067065	 -0.106864	  0.002258
  0.042948	  0.063667	  0.155345	 -0.052191	  0.106674	  0.046746	  0.017758	  0.018602	  0.052247	  0.094139	  0.131751	  0.009086	  0.026227	  0.020140	  0.022099	 -0.005726	  0.081713
  0.058826	  0.057338	  0.160350	 -0.049395	  0.078172	  0.064069	  0.048673	  0.023914	  0.067769	  0.116249	  0.180740	  0.047078	  0.071726	  0.084651	  0.094083	  0.105545	  0.218863
  0.089928	  0.024700	  0.170293	 -0.037050	  0.064158	  0.068295	  0.072283	  0.038059	  0.080924	  0.131960	  0.183584	  0.089293	  0.157554	  0.125973	  0.148779	  0.227122	  0.336896
  0.101409	  0.003037	  0.197519	 -0.003030	  0.052813	  0.093668	  0.081941	  0.045398	  0.093363	  0.161674	  0.211906	  0.132362	  0.229770	  0.176225	  0.237481	  0.315953	  0.423046
  0.124661	  0.014573	  0.182475	  0.009304	  0.095383	  0.120197	  0.084480	  0.032258	  0.114049	  0.179874	  0.229536	  0.161939	  0.262939	  0.247167	  0.345669	  0.380073	  0.491316
  0.122798	  0.021917	  0.155234	  0.003456	  0.130852	  0.120457	  0.098668	  0.039170	  0.121601	  0.196067	  0.228064	  0.169480	  0.272983	  0.268113	  0.423101	  0.407389	  0.528093
  0.123279	  0.018568	  0.145833	 -0.008240	  0.122810	  0.143317	  0.131839	  0.048879	  0.140529	  0.188748	  0.221280	  0.163756	  0.301597	  0.277506	  0.439396	  0.427739	  0.548060
  0.115057	  0.019010	  0.158912	 -0.008804	  0.150827	  0.152086	  0.174440	  0.083769	  0.171926	  0.167375	  0.251219	  0.181672	  0.273518	  0.272869	  0.466469	  0.446500	  0.517235
  0.090331	  0.033435	  0.167592	 -0.017936	  0.158124	  0.173592	  0.190290	  0.099189	  0.168567	  0.148288	  0.268930	  0.172714	  0.265790	  0.267551	  0.454878	  0.392905	  0.492288
  0.088534	  0.057227	  0.153296	  0.004101	  0.140892	  0.184905	  0.189617	  0.100230	  0.151815	  0.127855	  0.218885	  0.177419	  0.267757	  0.274678	  0.423923	  0.328558	  0.455421
  0.101074	  0.051032	  0.144863	  0.014268	  0.125687	  0.160159	  0.202639	  0.066570	  0.143483	  0.116489	  0.205312	  0.172329	  0.255309	  0.273226	  0.372136	  0.259854	  0.382349
  0.110004	  0.048637	  0.144642	  0.012855	  0.113844	  0.147202	  0.223108	  0.046765	  0.148101	  0.121005	  0.193626	  0.160520	  0.257211	  0.242383	  0.355044	  0.208774	  0.289660
  0.116508	  0.064989	  0.131757	  0.003892	  0.112951	  0.140047	  0.220173	  0.034735	  0.113644	  0.099542	  0.190353	  0.153114	  0.288948	  0.213101	  0.307028	  0.154400	  0.259565
  0.116167	  0.090021	  0.151323	  0.034555	  0.114214	  0.167505	  0.205302	  0.033320	  0.106307	  0.109908	  0.184493	  0.136044	  0.272347	  0.198456	  0.256998	  0.141885	  0.234396
  0.116688	  0.105043	  0.158941	  0.078976	  0.110045	  0.183940	  0.192547	  0.014920	  0.102147	  0.131362	  0.182674	  0.126499	  0.258636	  0.190604	  0.201856	  0.119509	  0.251908
  0.121888	  0.112688	  0.176410	  0.091958	  0.100171	  0.192817	  0.178751	  0.007720	  0.112791	  0.162768	  0.155614	  0.136987	  0.261631	  0.189907	  0.158796	  0.131307	  0.217301
  0.134473	  0.127668	  0.200917	  0.104394	  0.096712	  0.223565	  0.136894	  0.015307	  0.119959	  0.184711	  0.162398	  0.176606	  0.243986	  0.163665	  0.174060	  0.166094	  0.227666
  0.127912	  0.152653	  0.193210	  0.104789	  0.101861	  0.222890	  0.141220	  0.031148	  0.140151	  0.174785	  0.183190	  0.213061	  0.218089	  0.162820	  0.185464	  0.218480	  0.281539
  0.105916	  0.133050	  0.192534	  0.118038	  0.105732	  0.207349	  0.153784	  0.042844	  0.158211	  0.163234	  0.204766	  0.214532	  0.186352	  0.199301	  0.197569	  0.291811	  0.339531
  0.095576	  0.119731	  0.192434	  0.112738	  0.097338	  0.189576	  0.127971	  0.054268	  0.176693	  0.177984	  0.197537	  0.215740	  0.186133	  0.246406	  0.220486	  0.346127	  0.414487
  0.099570	  0.102631	  0.184798	  0.131719	  0.111921	  0.191560	  0.131260	  0.090251	  0.224091	  0.173943	  0.252933	  0.250769	  0.200047	  0.299180	  0.276264	  0.403120	  0.475780
  0.103524	  0.120546	  0.158485	  0.133898	  0.116712	  0.207040	  0.152497	  0.120576	  0.250895	  0.133954	  0.289770	  0.273378	  0.207725	  0.315069	  0.327111	  0.455172	  0.550160
  0.093808	  0.178878	  0.137103	  0.135126	  0.126070	  0.196898	  0.174645	  0.079163	  0.283146	  0.164997	  0.319821	  0.287657	  0.238164	  0.306440	  0.347300	  0.477542	  0.563879
  0.134503	  0.172295	  0.158771	  0.128708	  0.117403	  0.169954	  0.161445	  0.062223	  0.294427	  0.193013	  0.316693	  0.298025	  0.253845	  0.345662	  0.361121	  0.498112	  0.579838
  0.126739	  0.167950	  0.171737	  0.115798	  0.110901	  0.154636	  0.171768	  0.060311	  0.273881	  0.152699	  0.270106	  0.283461	  0.263365	  0.330338	  0.388082	  0.514615	  0.576672
  0.103791	  0.170050	  0.156729	  0.113984	  0.122016	  0.146847	  0.163895	  0.051544	  0.212740	  0.125166	  0.261056	  0.260921	  0.304468	  0.302131	  0.388609	  0.503790	  0.565854
  0.109570	  0.174855	  0.148075	  0.108549	  0.122476	  0.146209	  0.154263	  0.026034	  0.213213	  0.133105	  0.267239	  0.259023	  0.281869	  0.302613	  0.373779	  0.467079	  0.516647
  0.111327	  0.180185	  0.142960	  0.106775	  0.108997	  0.111588	  0.174496	  0.028329	  0.241625	  0.156547	  0.246849	  0.228587	  0.267788	  0.319141	  0.374025	  0.428145	  0.448100
  0.116766	  0.175887	  0.150773	  0.109942	  0.123522	  0.090721	  0.192170	  0.086301	  0.251357	  0.156630	  0.221178	  0.214762	  0.268765	  0.350310	  0.350187	  0.391630	  0.403295
  0.114045	  0.172052	  0.166599	  0.095074	  0.156252	  0.107923	  0.168336	  0.093187	  0.246194	  0.130008	  0.219086	  0.220175	  0.274587	  0.342027	  0.310819	  0.320796	  0.402202
  0.105767	  0.163848	  0.179346	  0.106931	  0.152757	  0.125859	  0.189067	  0.045446	  0.240151	  0.091469	  0.193461	  0.223460	  0.271750	  0.327510	  0.253866	  0.294811	  0.379037
  0.096476	  0.142756	  0.181618	  0.090649	  0.155706	  0.125558	  0.207625	  0.044279	  0.222947	  0.066592	  0.184121	  0.220521	  0.260888	  0.303096	  0.223617	  0.263689	  0.322169
  0.116020	  0.135040	  0.173185	  0.075328	  0.138051	  0.153947	  0.182234	  0.025370	  0.186591	  0.058856	  0.196016	  0.204175	  0.242402	  0.286486	  0.222425	  0.232617	  0.294270
  0.102921	  0.133051	  0.173216	  0.067691	  0.121873	  0.193296	  0.181822	  0.022013	  0.171238	  0.064369	  0.204369	  0.181816	  0.223666	  0.282078	  0.225538	  0.215071	  0.309718
  0.087705	  0.124867	  0.169611	  0.071738	  0.104565	  0.196985	  0.146191	  0.025100	  0.160931	  0.049376	  0.190202	  0.171763	  0.194440	  0.251165	  0.187312	  0.203841	  0.296286
  0.081457	  0.151181	  0.189319	  0.059189	  0.128333	  0.167946	  0.123328	  0.036329	  0.167840	  0.049410	  0.162964	  0.180903	  0.192613	  0.231713	  0.133729	  0.170246	  0.283540
  0.081865	  0.147090	  0.216912	  0.040574	  0.115158	  0.162283	  0.135367	  0.043508	  0.171678	  0.090781	  0.124260	  0.167435	  0.194277	  0.199192	  0.113817	  0.165071	  0.247021
  0.059892	  0.113634	  0.198825	  0.038931	  0.112036	  0.161064	  0.119146	  0.065752	  0.154848	  0.111185	  0.134822	  0.168056	  0.190150	  0.184880	  0.130001	  0.131210	  0.228852
  0.053020	  0.097900	  0.197910	  0.048323	  0.125264	  0.157060	  0.109849	  0.085049	  0.157589	  0.114494	  0.147734	  0.165204	  0.183242	  0.160592	  0.121160	  0.097200	  0.186326
  0.074385	  0.079419	  0.225223	  0.043239	  0.121997	  0.150186	  0.099392	  0.074262	  0.168009	  0.084217	  0.165847	  0.152282	  0.167585	  0.131417	  0.096036	  0.087511	  0.125390
  0.085191	  0.078681	  0.224320	  0.060966	  0.120583	  0.142421	  0.099940	  0.045349	  0.193035	  0.043383	  0.187881	  0.137442	  0.157067	  0.134997	  0.116930	  0.090634	  0.111201
  0.059489	  0.095231	  0.192675	  0.081270	  0.136459	  0.171406	  0.110594	  0.050666	  0.195440	  0.050210	  0.196939	  0.156231	  0.152231	  0.133421	  0.123432	  0.125067	  0.111991
  0.064066	  0.043417	  0.185836	  0.088696	  0.126609	  0.182035	  0.124237	  0.095455	  0.185633	  0.044742	  0.178096	  0.159141	  0.147066	  0.138145	  0.134104	  0.125262	  0.159023
  0.115794	  0.019884	  0.172948	  0.116263	  0.113324	  0.174101	  0.145156	  0.088519	  0.205707	  0.045944	  0.163980	  0.144452	  0.142914	  0.140027	  0.162221	  0.149451	  0.160697
 -0.018379	 -0.058726	 -0.006006	 -0.028378	 -0.031445	 -0.003958	 -0.022131	 -0.004723	  0.002370	 -0.083747	 -0.037378	 -0.017039	 -0.016569	 -0.028842	  0.015885	 -0.006566	  0.011616
 -0.014614	 -0.032686	 -0.002475	 -0.043355	 -0.027375	  0.002562	 -0.020716	 -0.026330	 -0.016819	 -0.077556	 -0.043918	 -0.003619	 -0.037660	 -0.044766	  0.015168	  0.010298	 -0.016203
 -0.007763	 -0.019599	  0.004742	 -0.046415	 -0.002762	 -0.009362	 -0.043900	 -0.024764	 -0.039092	 -0.071982	 -0.063366	 -0.009396	 -0.014082	 -0.010717	 -0.014912	  0.042697	 -0.027331
 -0.008535	 -0.021975	 -0.018388	 -0.064939	  0.016068	 -0.010586	 -0.047746	 -0.013264	 -0.036057	 -0.068094	 -0.050413	  0.014088	  0.000338	 -0.004727	  0.003889	  0.032205	 -0.022834
 -0.035566	 -0.028070	 -0.019083	 -0.047337	  0.041458	 -0.033236	 -0.034911	 -0.016337	 -0.002326	 -0.060450	 -0.071178	 -0.010776	 -0.013910	 -0.038003	  0.026087	  0.019384	 -0.028397
 -0.026447	 -0.024562	  0.002093	 -0.066516	  0.000128	 -0.045937	 -0.017376	 -0.013430	  0.000009	 -0.052227	 -0.060944	 -0.028470	 -0.004554	 -0.029881	  0.030359	  0.023356	 -0.020523
 -0.011060	 -0.019872	  0.021587	 -0.030318	  0.001412	 -0.001464	 -0.014024	  0.006217	 -0.018189	 -0.003583	 -0.042867	  0.009579	  0.018743	 -0.015310	  0.024528	  0.028066	 -0.004000
 -0.000399	 -0.022413	  0.027554	 -0.025978	  0.015164	  0.024643	 -0.013429	 -0.009196	 -0.027906	  0.013059	 -0.013162	  0.027257	  0.025045	 -0.018363	  0.009096	  0.029991	 -0.015667
  0.013195	 -0.014258	  0.013267	 -0.018480	  0.030952	  0.008061	 -0.027062	 -0.024372	 -0.007701	  0.036270	  0.020608	  0.036717	  0.033718	 -0.004935	  0.024896	  0.035677	  0.001068
  0.022982	 -0.020191	  0.007018	 -0.006700	  0.014180	  0.001035	 -0.018708	 -0.000343	  0.026964	  0.065898	  0.008145	  0.047663	  0.041207	  0.011122	  0.007007	  0.013476	  0.014080
  0.018949	 -0.015559	 -0.018603	 -0.001933	 -0.007434	  0.031662	 -0.021997	 -0.014587	  0.033971	  0.063584	  0.007068	  0.069256	  0.030793	  0.024774	 -0.009332	  0.007918	  0.037098
  0.038655	  0.042929	 -0.024028	 -0.003075	  0.014263	  0.038131	 -0.006196	  0.015119	  0.051603	  0.050673	  0.038140	  0.049929	  0.020587	  0.053789	 -0.024048	 -0.025129	  0.045599
  0.042619	  0.040857	  0.005683	 -0.000546	  0.016341	  0.045587	  0.006137	  0.009085	  0.036892	  0.056030	  0.062957	  0.017912	  0.003345	  0.057061	 -0.035299	 -0.064770	  0.048745
  0.027904	  0.023465	  0.020994	  0.040214	  0.018505	  0.025920	  0.029181	  0.001413	  0.008406	  0.053847	  0.050652	  0.003156	 -0.006452	  0.054063	 -0.036957	 -0.064264	  0.001841
  0.030183	  0.015964	  0.038047	  0.034688	  0.004888	  0.009064	  0.032329	 -0.008947	  0.009787	  0.017959	  0.024073	 -0.015698	 -0.022631	  0.032441	 -0.008500	 -0.033742	 -0.021542
  0.002143	  0.015288	  0.015424	  0.046064	 -0.019296	 -0.036380	  0.029239	  0.014456	 -0.002620	  0.006315	  0.008006	 -0.021637	 -0.015097	 -0.008519	  0.009156	 -0.024474	  0.021811
 -0.014418	  0.025572	 -0.015622	  0.079378	 -0.038627	 -0.026324	  0.027265	  0.026862	 -0.022964	  0.012931	  0.024651	 -0.039825	 -0.030961	 -0.010895	 -0.005898	 -0.004497	  0.018821
 -0.025613	  0.014350	 -0.008938	  0.074561	 -0.024748	  0.007444	  0.060087	  0.018696	  0.003034	  0.028584	  0.026859	 -0.044279	 -0.015005	 -0.008396	 -0.022842	 -0.018498	 -0.013654
 -0.019296	  0.026235	 -0.024446	  0.059135	 -0.016478	 -0.008683	  0.059538	  0.035171	 -0.008300	  0.001653	  0.055860	 -0.039658	  0.002935	 -0.005778	 -0.016781	 -0.006363	 -0.008904
 -0.014539	  0.073250	 -0.018819	  0.049928	 -0.005194	 -0.018181	  0.044420	  0.029273	  0.008937	  0.010834	  0.056207	 -0.045158	  0.000211	 -0.004117	  0.008499	  0.005234	 -0.021625
 -0.015910	  0.094605	 -0.021196	  0.063518	 -0.011281	 -0.034558	  0.028438	  0.025632	  0.025074	  0.021016	  0.067913	 -0.011210	 -0.026619	 -0.021359	  0.049430	  0.017625	 -0.014463
 -0.047499	  0.075222	 -0.024687	  0.064478	 -0.032910	 -0.040084	 -0.005660	  0.031771	  0.033065	 -0.008942	  0.045868	 -0.011063	 -0.041101	 -0.004264	  0.090083	  0.045289	  0.012256
 -0.054223	  0.054633	 -0.048789	  0.030372	 -0.065310	 -0.013992	 -0.030873	  0.019073	  0.059917	  0.012919	  0.066960	 -0.023617	 -0.062911	 -0.017751	  0.072445	  0.043754	  0.021596
 -0.030926	  0.060237	 -0.057425	  0.028617	 -0.049678	 -0.022049	 -0.064481	  0.007386	  0.060474	 -0.004103	  0.075775	  0.025121	 -0.094953	 -0.047116	  0.058156	  0.047131	  0.033145
 -0.020630	  0.063191	 -0.016789	  0.035591	 -0.021891	 -0.007420	 -0.038691	 -0.011914	  0.069255	 -0.003491	  0.087501	  0.046919	 -0.099670	 -0.057580	  0.054429	  0.055003	  0.013587
 -0.034595	  0.045415	 -0.026175	  0.057194	 -0.017131	 -0.002674	 -0.042938	 -0.013369	  0.043666	  0.006862	  0.093767	  0.032064	 -0.088861	 -0.054154	  0.021237	  0.050747	  0.028924
 -0.027463	  0.062849	 -0.047528	  0.063051	 -0.022210	 -0.026758	 -0.045181	 -0.024976	  0.040821	  0.015128	  0.066754	  0.016653	 -0.058743	 -0.028918	  0.034630	  0.067572	  0.036983
 -0.022853	  0.084624	 -0.038171	  0.062472	 -0.050051	 -0.029027	 -0.039819	 -0.060849	  0.015884	  0.031220	  0.068468	  0.040212	 -0.061095	 -0.030465	  0.050684	  0.060410	  0.030217
 -0.036574	  0.066803	 -0.047634	  0.032027	 -0.042093	 -0.036194	 -0.057742	 -0.087433	 -0.004762	  0.032423	  0.075134	  0.054244	 -0.059901	  0.008152	  0.055591	  0.073644	  0.007397
 -0.043394	  0.074853	 -0.061619	  0.021172	 -0.038662	 -0.024547	 -0.045433	 -0.099300	  0.014549	  0.023812	  0.075179	  0.065190	 -0.034818	  0.041873	  0.064115	  0.063922	 -0.002062
 -0.032521	  0.065824	 -0.064926	  0.010474	 -0.044945	 -0.000991	 -0.015013	 -0.079259	  0.040335	  0.024674	  0.092851	  0.055352	 -0.048524	  0.047368	  0.076031	  0.071694	  0.005590
 -0.031358	  0.059132	 -0.040090	  0.005431	 -0.018809	  0.003124	  0.016685	 -0.082976	  0.081579	 -0.001201	  0.105757	  0.032266	 -0.098793	  0.061758	  0.071283	  0.061588	  0.004449
 -0.026427	  0.058434	 -0.035281	 -0.005285	 -0.007682	 -0.015653	 -0.017333	 -0.048766	  0.079046	  0.006626	  0.117980	  0.025510	 -0.102864	  0.048760	  0.074962	  0.031412	 -0.015951
 -0.036679	  0.037986	 -0.041951	 -0.002774	  0.000807	 -0.015760	 -0.031956	 -0.028856	  0.073755	  0.009003	  0.116003	  0.040422	 -0.110259	  0.036869	  0.059047	  0.022324	 -0.009616
 -0.021484	  0.030274	 -0.009574	  0.020717	  0.000216	 -0.016349	  0.019487	 -0.035474	  0.083252	  0.002313	  0.091279	  0.040937	 -0.121442	  0.028331	  0.074654	  0.024788	 -0.005578
  0.002192	  0.021234	 -0.020687	  0.021579	  0.003866	 -0.008803	  0.038239	 -0.038099	  0.049921	  0.014538	  0.099614	  0.033640	 -0.116111	  0.024601	  0.083893	  0.049022	 -0.013524
  0.015555	  0.012537	 -0.017913	  0.001665	 -0.015241	 -0.046045	  0.040906	 -0.016780	  0.055174	  0.018908	  0.076363	  0.032223	 -0.118610	  0.032659	  0.064651	  0.039391	 -0.025743
  0.046111	 -0.011976	 -0.008008	 -0.009382	 -0.033733	 -0.046168	  0.039499	 -0.022259	  0.067316	  0.027134	  0.094486	  0.022270	 -0.102760	  0.017214	  0.015897	  0.038754	 -0.042814
  0.084649	  0.004579	 -0.011157	  0.018279	 -0.052008	 -0.024872	  0.022605	 -0.026067	  0.072038	  0.005273	  0.079721	  0.026729	 -0.073233	  0.003321	  0.003351	  0.035961	 -0.029066
  0.102867	  0.000093	 -0.004046	 -0.003520	 -0.052361	 -0.011953	  0.016142	 -0.015221	  0.079532	  0.004786	  0.070837	  0.021703	 -0.083068	  0.020760	  0.000638	  0.034443	 -0.028261
  0.100493	 -0.008082	 -0.014500	 -0.010125	 -0.027932	 -0.002545	  0.018509	 -0.023439	  0.102838	  0.044711	  0.084631	  0.018151	 -0.101760	  0.041938	 -0.000016	  0.036183	 -0.023246
  0.085100	  0.022936	  0.000595	 -0.002965	 -0.004992	 -0.017163	  0.011247	 -0.012390	  0.080504	  0.046763	  0.047937	  0.016524	 -0.105971	  0.045602	  0.018835	  0.004256	 -0.024195
  0.068499	  0.028144	  0.021345	  0.010164	 -0.009411	 -0.014630	  0.024221	 -0.003910	  0.064256	  0.050322	  0.035620	  0.032983	 -0.102818	  0.045429	  0.029461	 -0.001667	  0.011980
  0.078846	  0.050070	  0.042287	  0.003186	 -0.014361	 -0.002799	  0.019421	 -0.014749	  0.073961	  0.055052	  0.026739	  0.035157	 -0.103904	  0.053186	  0.030238	 -0.001045	  0.028339
  0.082076	  0.042393	  0.039447	 -0.010262	 -0.012550	 -0.033283	  0.034322	 -0.035268	  0.106831	  0.084287	  0.035581	  0.037195	 -0.096985	  0.048309	  0.017876	  0.022297	  0.029326
  0.053282	  0.020029	  0.035326	 -0.028200	 -0.034335	 -0.050781	  0.023643	 -0.045328	  0.103854	  0.108794	  0.024235	  0.019658	 -0.077919	  0.021368	  0.008895	  0.043753	 -0.001688
  0.032840	  0.029818	  0.013667	 -0.028900	 -0.031848	 -0.042162	  0.026340	 -0.054319	  0.106484	  0.119771	  0.031809	  0.020984	 -0.059807	  0.040783	  0.030382	  0.032539	 -0.025447
  0.037791	  0.071460	  0.020631	 -0.016068	 -0.029634	 -0.016826	  0.023347	 -0.047148	  0.106604	  0.100643	  0.034000	  0.013320	 -0.052633	  0.081606	  0.024310	  0.030064	  0.001863
  0.019741	  0.090342	  0.018359	  0.000571	 -0.019746	  0.005508	  0.041551	 -0.034453	  0.097974	  0.073468	  0.037525	  0.014387	 -0.032619	  0.093757	  0.017271	  0.013073	  0.013630
  0.022351	  0.073413	 -0.011488	  0.006262	 -0.003305	  0.009770	  0.064896	 -0.042957	  0.086239	  0.069909	  0.036222	  0.013837	 -0.024188	  0.069031	  0.019473	  0.022651	  0.000149
  0.030049	  0.097713	 -0.013990	  0.004877	  0.016711	  0.000942	  0.058197	 -0.051374	  0.058986	  0.065834	  0.016626	  0.013139	 -0.045733	  0.085663	  0.017886	  0.052894	  0.010792
  0.027072	  0.071942	 -0.005420	  0.036329	  0.042126	 -0.032536	  0.041477	 -0.070669	  0.038420	  0.075661	 -0.004362	 -0.005315	 -0.046037	  0.097422	  0.023071	  0.049835	  0.016887
  0.014124	  0.041319	  0.006408	  0.060920	  0.038395	 -0.033139	  0.027624	 -0.066640	  0.059397	  0.074655	 -0.027671	 -0.019924	 -0.055443	  0.089624	  0.033717	  0.041693	 -0.010991
  0.003929	  0.041384	  0.018002	  0.044441	  0.050056	 -0.010297	  0.028134	 -0.052906	  0.097543	  0.097151	 -0.034413	 -0.013247	 -0.039363	  0.048251	  0.056190	  0.040049	 -0.039783
 -0.017669	  0.052082	 -0.007504	  0.047096	  0.046435	  0.007310	 -0.004112	 -0.082145	  0.092653	  0.100678	 -0.024241	 -0.033659	 -0.023005	  0.051386	  0.073911	  0.039012	 -0.044054
 -0.023909	  0.038453	 -0.034008	  0.059714	  0.035997	  0.002677	 -0.033588	 -0.097821	  0.078756	  0.077839	 -0.027017	 -0.013575	 -0.002548	  0.063470	  0.071197	  0.034481	 -0.068328
 -0.033880	  0.009493	 -0.020544	  0.053257	  0.018111	 -0.010327	 -0.074625	 -0.112055	  0.078653	  0.059777	 -0.007836	  0.024208	  0.014810	  0.045591	  0.069388	  0.036336	 -0.075736
 -0.027109	 -0.004269	 -0.011933	  0.054067	 -0.015371	 -0.013082	 -0.099120	 -0.104637	  0.073274	  0.119385	  0.005021	  0.032069	 -0.013642	  0.038210	  0.079646	  0.053993	 -0.056070
 -0.042807	  0.016493	  0.025151	  0.028665	 -0.008311	 -0.012767	 -0.077159	 -0.115577	  0.071635	  0.116110	  0.010802	  0.013820	 -0.016906	  0.033823	  0.060807	  0.075461	 -0.027124
 -0.026329	  0.037726	  0.041190	  0.000749	 -0.001578	 -0.028162	 -0.066526	 -0.132922	  0.060974	  0.105497	  0.001278	  0.020427	 -0.012008	  0.042447	  0.067446	  0.072355	 -0.038634
  0.010800	  0.031232	  0.035216	 -0.012048	  0.001276	 -0.051621	 -0.039588	 -0.122897	  0.071274	  0.125983	 -0.023955	  0.021294	 -0.004493	  0.037796	  0.081873	  0.097052	 -0.022245
  0.003639	  0.022244	  0.034032	 -0.035357	  0.008640	 -0.069746	 -0.035399	 -0.111697	  0.067173	  0.143027	 -0.012252	  0.027838	 -0.018703	  0.032927	  0.073370	  0.093031	 -0.004649
 -0.008145	  0.017579	  0.024806	 -0.029986	 -0.010002	 -0.062197	 -0.049521	 -0.117147	  0.076711	  0.130896	  0.008061	  0.049673	 -0.025754	  0.051616	  0.057170	  0.087436	 -0.002051
 -0.025774	  0.012844	  0.014788	 -0.013708	 -0.020056	 -0.053784	 -0.042407	 -0.118588	  0.092380	  0.122754	  0.049833	  0.029494	 -0.022587	  0.063441	  0.016870	  0.093642	  0.014346
 -0.020846	  0.014072	  0.020109	  0.008555	 -0.015605	 -0.020317	 -0.003320	 -0.130572	  0.111487	  0.123875	  0.056120	  0.000593	 -0.007243	  0.040740	  0.006598	  0.117995	  0.015995
 -0.015256	  0.003329	  0.027147	  0.007419	 -0.018309	 -0.042245	  0.008379	 -0.137837	  0.136123	  0.118531	  0.069577	  0.016113	 -0.014685	  0.051369	  0.014737	  0.106398	  0.004892
 -0.015286	 -0.007308	  0.022807	  0.001896	 -0.022771	 -0.072570	 -0.012559	 -0.134702	  0.131458	  0.090631	  0.079123	  0.029848	 -0.001613	  0.051940	  0.011960	  0.084146	  0.003713
 -0.009832	  0.038482	  0.037450	 -0.008346	 -0.028233	 -0.042447	 -0.022258	 -0.116782	  0.147841	  0.066131	  0.078216	  0.014046	 -0.004696	  0.067130	  0.008552	  0.092557	  0.022869
 -0.003921	  0.040024	  0.048689	 -0.000569	 -0.040390	 -0.030604	 -0.026269	 -0.109052	  0.160255	  0.051975	  0.074819	 -0.009501	  0.014988	  0.077902	  0.012309	  0.097816	  0.029554
  0.000519	  0.025938	  0.066424	  0.010235	 -0.035313	  0.015285	 -0.012274	 -0.125340	  0.178721	  0.047854	  0.082861	 -0.037051	  0.016513	  0.047434	  0.011430	  0.092215	  0.037649
  0.017907	  0.029204	  0.057757	  0.021296	 -0.002270	  0.034736	 -0.031081	 -0.121580	  0.154275	  0.041179	  0.074388	 -0.018024	  0.011613	  0.013063	 -0.008785	  0.102242	  0.022194
  0.014622	  0.034174	  0.037500	  0.031315	 -0.009818	  0.025131	 -0.035596	 -0.098392	  0.119133	  0.056075	  0.080485	  0.003666	  0.012352	  0.020836	 -0.024921	  0.110371	  0.004572
  0.032577	  0.034865	  0.047002	  0.024855	  0.002502	  0.022885	 -0.038149	 -0.070734	  0.124601	  0.059917	  0.072001	  0.009925	 -0.005387	  0.039134	 -0.030903	  0.081590	 -0.020449
  0.033436	  0.045853	  0.044397	  0.025317	  0.019975	  0.015665	 -0.031353	 -0.056508	  0.115931	  0.064855	  0.048556	  0.032848	 -0.006269	  0.059541	 -0.057488	  0.046114	 -0.065476
 -0.024333	  0.049851	  0.031373	  0.022359	  0.001258	  0.016390	 -0.033324	 -0.086285	  0.090056	  0.052393	  0.022826	  0.062861	 -0.017168	  0.051230	 -0.056225	  0.038192	 -0.089687
 -0.038427	  0.032400	  0.033013	 -0.004050	  0.016494	  0.000274	 -0.044567	 -0.117254	  0.102870	  0.028134	  0.043612	  0.055088	 -0.008886	  0.034488	 -0.046033	  0.034477	 -0.070455
 -0.014706	  0.016284	  0.031224	 -0.013713	  0.020445	 -0.005211	 -0.031850	 -0.139188	  0.101528	  0.019291	  0.042367	  0.042393	  0.005558	  0.022187	 -0.034696	  0.056150	 -0.034342
 -0.011852	  0.005212	  0.015099	 -0.031103	  0.016933	 -0.002244	 -0.011164	 -0.115262	  0.095765	  0.020645	  0.035126	  0.066945	 -0.007124	  0.038193	 -0.041676	  0.065658	 -0.034768
 -0.003754	  0.036401	 -0.031887	 -0.035592	  0.016419	 -0.002827	 -0.017675	 -0.102262	  0.110539	  0.033468	  0.037471	  0.090304	 -0.010939	  0.039265	 -0.059884	  0.064452	 -0.039258
  0.008690	  0.057454	 -0.055261	 -0.027225	  0.030663	 -0.006709	  0.000056	 -0.114282	  0.096805	  0.021427	  0.014430	  0.063599	 -0.000796	  0.047521	 -0.044179	  0.045808	 -0.003393
  0.006715	  0.057416	 -0.040646	 -0.015847	  0.001595	 -0.002212	  0.000729	 -0.128584	  0.096346	  0.037149	  0.033800	  0.040402	 -0.003467	  0.057513	 -0.025461	  0.017617	 -0.003006
 -0.025638	  0.022262	 -0.044911	 -0.023472	 -0.011704	 -0.016264	  0.004894	 -0.105780	  0.104678	  0.055134	  0.043158	  0.047701	  0.010036	  0.053465	 -0.032742	  0.010694	  0.003801
 -0.020009	  0.011007	 -0.019473	 -0.032063	  0.009083	 -0.012972	 -0.005240	 -0.099275	  0.101793	  0.065491	  0.032365	  0.039545	  0.045679	  0.097806	 -0.070415	  0.030052	  0.015835
 -0.026311	  0.013954	 -0.031491	 -0.009149	 -0.008092	 -0.019530	 -0.030036	 -0.099263	  0.090063	  0.070919	  0.045824	  0.043775	  0.019413	  0.115866	 -0.096801	  0.051367	  0.047889
 -0.010045	  0.032624	 -0.042357	 -0.025479	 -0.016984	 -0.029356	 -0.032809	 -0.115949	  0.086822	  0.093123	  0.051005	  0.018356	  0.005660	  0.105222	 -0.092184	  0.072725	  0.088137
 -0.003219	  0.037392	 -0.035233	 -0.060837	  0.009943	 -0.025985	 -0.022614	 -0.070351	  0.089457	  0.083865	  0.027685	  0.018013	 -0.017462	  0.104021	 -0.071260	  0.080834	  0.038313
 -0.003368	  0.031740	 -0.031382	 -0.050560	 -0.000503	 -0.003618	 -0.046890	 -0.055848	  0.091209	  0.087975	  0.025395	  0.028123	 -0.035405	  0.092887	 -0.025720	  0.050325	  0.020017
 -0.002206	  0.028991	 -0.005528	 -0.045638	 -0.024788	 -0.000707	 -0.053700	 -0.048671	  0.082311	  0.090935	  0.017285	  0.001038	 -0.012580	  0.109669	  0.024784	  0.027824	 -0.017697
  0.018726	  0.022528	  0.022863	 -0.047000	  0.000406	  0.000027	 -0.047787	 -0.042846	  0.071659	  0.072664	  0.015349	  0.009867	 -0.034847	  0.125802	  0.039622	  0.023776	 -0.060217
  0.068057	  0.000041	  0.023608	 -0.058561	  0.028343	 -0.017017	 -0.075234	 -0.067301	  0.093370	  0.074102	  0.017301	 -0.002617	 -0.042218	  0.086775	  0.034387	  0.023788	 -0.044432
  0.080729	 -0.021519	  0.027194	 -0.094239	  0.041605	 -0.020956	 -0.070795	 -0.087192	  0.113068	  0.109240	  0.013404	  0.002784	 -0.046528	  0.079189	  0.032267	  0.015842	 -0.042269
  0.063223	 -0.019590	  0.019696	 -0.103398	  0.037851	  0.004878	 -0.072979	 -0.107554	  0.083687	  0.102601	  0.013765	  0.010417	 -0.035656	  0.066187	  0.061154	  0.008210	 -0.055962
  0.055513	 -0.013135	  0.022417	 -0.082166	  0.032564	 -0.010821	 -0.072609	 -0.126800	  0.062943	  0.080953	  0.022393	  0.002246	 -0.022475	  0.071531	  0.063774	 -0.021579	 -0.044784
  0.082096	 -0.024135	  0.032269	 -0.061845	  0.030929	 -0.011000	 -0.049496	 -0.116008	  0.057932	  0.063851	  0.042443	 -0.012483	 -0.035688	  0.078666	  0.056644	 -0.026218	 -0.046819
  0.089692	 -0.025343	  0.047953	 -0.058780	  0.003099	 -0.023518	 -0.050154	 -0.130529	  0.094949	  0.066544	  0.047686	 -0.012860	 -0.023188	  0.065492	  0.069491	 -0.021268	 -0.084462
  0.077801	 -0.056049	  0.036025	 -0.071686	 -0.003752	 -0.039369	 -0.054454	 -0.152622	  0.087329	  0.079850	  0.055001	 -0.000253	 -0.012758	  0.085986	  0.072967	 -0.050312	 -0.076538
  0.090510	 -0.062009	  0.031358	 -0.074068	 -0.010526	 -0.049937	 -0.049697	 -0.152646	  0.075648	  0.096135	  0.036199	  0.005929	 -0.035137	  0.091065	  0.056018	 -0.059675	 -0.091957
  0.097969	 -0.045787	 -0.010370	 -0.072535	 -0.006659	 -0.058211	 -0.007625	 -0.144679	  0.078193	  0.085874	  0.026064	 -0.005101	 -0.042948	  0.083289	  0.041542	 -0.017976	 -0.096860
  0.096820	 -0.029267	 -0.049866	 -0.061738	  0.019552	 -0.064724	  0.001097	 -0.121823	  0.093370	  0.058469	  0.046190	 -0.003979	 -0.020469	  0.087151	  0.070812	  0.001145	 -0.123045
  0.107847	 -0.037584	 -0.045414	 -0.022978	  0.048928	 -0.085414	  0.002620	 -0.098988	  0.085377	  0.055168	  0.068243	 -0.017641	 -0.044252	  0.118613	  0.080007	  0.012161	 -0.137407
  0.130567	 -0.012258	 -0.020993	  0.008543	  0.051283	 -0.055069	 -0.016033	 -0.087176	  0.086514	  0.085539	  0.091364	 -0.049099	 -0.060247	  0.126606	  0.075557	  0.027075	 -0.162178
  0.107160	 -0.031907	 -0.013641	  0.009344	  0.081379	 -0.051657	 -0.042107	 -0.076820	  0.083263	  0.076401	  0.109524	 -0.026966	 -0.054488	  0.128806	  0.083747	  0.035183	 -0.171660
  0.098535	 -0.070233	  0.002760	  0.032360	  0.052988	 -0.045726	 -0.063359	 -0.085268	  0.078612	  0.057346	  0.066041	 -0.009125	 -0.054466	  0.149794	  0.097000	  0.059141	 -0.144486
  0.102604	 -0.053059	 -0.005068	  0.031252	  0.022605	 -0.040952	 -0.038197	 -0.089720	  0.097092	  0.057832	  0.054036	 -0.006203	 -0.048968	  0.149124	  0.095718	  0.077811	 -0.129673
  0.111201	 -0.015560	 -0.028378	  0.019131	  0.029407	 -0.019308	 -0.024730	 -0.071544	  0.107348	  0.046148	  0.082979	  0.004220	 -0.053798	  0.153933	  0.086471	  0.106919	 -0.100684
  0.110688	  0.016272	 -0.035943	 -0.009321	  0.046013	 -0.039818	 -0.058240	 -0.065065	  0.089672	  0.032280	  0.109608	  0.009066	 -0.028822	  0.148584	  0.106165	  0.102831	 -0.086808
  0.099293	  0.027347	 -0.047776	 -0.046377	  0.057630	 -0.075471	 -0.039573	 -0.056339	  0.050177	  0.013632	  0.120813	  0.011166	 -0.011659	  0.141787	  0.117205	  0.105184	 -0.059212
  0.112209	  0.018956	 -0.026107	 -0.056381	  0.028602	 -0.107219	 -0.045116	 -0.038819	  0.054963	  0.023398	  0.104174	  0.015592	 -0.021114	  0.152699	  0.072652	  0.127167	 -0.043541
  0.100230	  0.001702	 -0.014367	 -0.051607	  0.016571	 -0.101482	 -0.038325	 -0.038468	  0.049075	  0.029164	  0.071833	  0.011114	 -0.020376	  0.153860	  0.053724	  0.113102	 -0.050450
  0.071887	  0.020831	 -0.022413	 -0.051874	  0.026060	 -0.105960	  0.005124	 -0.045945	  0.032548	  0.032556	  0.066695	  0.010063	 -0.055602	  0.163975	  0.043466	  0.115555	 -0.040121
  0.070591	  0.014733	 -0.010070	 -0.016684	  0.032834	 -0.077584	  0.004326	 -0.044889	  0.035057	  0.046651	  0.069584	 -0.026554	 -0.072788	  0.174673	  0.058084	  0.124574	 -0.040896
  0.040932	 -0.002861	 -0.003852	 -0.011125	  0.024488	 -0.059738	  0.010503	 -0.061664	  0.034581	  0.062299	  0.076214	 -0.034888	 -0.071314	  0.194085	  0.051526	  0.129607	 -0.047943
  0.019408	  0.004827	  0.013041	 -0.034748	  0.002336	 -0.048854	 -0.007104	 -0.075332	  0.034454	  0.048583	  0.078921	 -0.023651	 -0.031712	  0.175414	  0.029468	  0.099652	 -0.049951
 -0.003289	  0.008728	  0.001501	 -0.009078	  0.012499	 -0.053859	 -0.032131	 -0.100564	  0.044765	  0.027262	  0.095789	 -0.013041	 -0.020577	  0.154366	  0.016903	  0.108073	 -0.039244
  0.004888	  0.003243	  0.004102	 -0.012565	  0.013826	 -0.068919	 -0.017893	 -0.104593	  0.062950	  0.015209	  0.110124	 -0.002855	 -0.008390	  0.132686	  0.005050	  0.100759	 -0.072325
  0.010466	 -0.009309	  0.033100	 -0.010668	  0.006399	 -0.049510	 -0.027677	 -0.089680	  0.037037	  0.024538	  0.115158	 -0.002833	  0.026686	  0.120082	  0.015973	  0.100601	 -0.083650
  0.014532	  0.004772	 -0.002425	  0.006414	 -0.037891	 -0.041862	 -0.018020	 -0.045748	  0.015336	  0.041346	  0.094317	  0.005157	  0.013680	  0.130815	  0.035391	  0.102407	 -0.093522
  0.028191	  0.050689	  0.001156	  0.022080	 -0.038033	 -0.061519	  0.023517	 -0.068723	  0.039172	  0.051245	  0.109935	  0.018806	  0.015096	  0.133848	  0.037995	  0.105204	 -0.074119
  0.052705	  0.044574	  0.006167	  0.017787	 -0.041673	 -0.070854	  0.030404	 -0.086143	  0.048055	  0.079100	  0.105511	 -0.003932	  0.005802	  0.117990	  0.045330	  0.086205	 -0.103859
  0.070520	  0.058008	 -0.000988	  0.033202	 -0.034125	 -0.086312	  0.041202	 -0.071837	  0.069284	  0.109103	  0.080465	 -0.022708	 -0.012875	  0.091692	  0.077338	  0.072689	 -0.117562
  0.058686	  0.066137	  0.002881	  0.057582	 -0.040629	 -0.109086	  0.006405	 -0.064811	  0.084758	  0.104789	  0.084084	 -0.013535	 -0.026722	  0.069624	  0.055708	  0.067924	 -0.085975
  0.053559	  0.071647	  0.019599	  0.046993	 -0.044635	 -0.109074	 -0.026213	 -0.054376	  0.089542	  0.106540	  0.062561	  0.000068	 -0.010199	  0.050662	  0.061600	  0.076263	 -0.038003
  0.052151	  0.071859	 -0.026571	  0.032309	 -0.050552	 -0.094574	 -0.025198	 -0.058743	  0.073513	  0.136895	  0.070647	 -0.016832	 -0.013648	  0.041449	  0.101455	  0.094334	 -0.032014
  0.042334	  0.026643	 -0.040979	  0.025288	 -0.068269	 -0.085036	 -0.031480	 -0.061958	  0.064043	  0.130616	  0.091554	 -0.008177	 -0.003482	  0.043787	  0.106387	  0.085237	 -0.045926
  0.076263	 -0.037573	 -0.051755	  0.016243	 -0.040895	 -0.091593	 -0.034877	 -0.049999	  0.062164	  0.100249	  0.091461	 -0.003355	 -0.011757	  0.055443	  0.055756	  0.098527	 -0.057187
  0.119170	 -0.063087	 -0.061605	  0.036384	 -0.019778	 -0.120606	 -0.043972	 -0.086393	  0.054795	  0.087139	  0.072279	 -0.005470	 -0.017152	  0.073000	  0.041613	  0.096600	 -0.052678
  0.119415	 -0.072507	 -0.033623	  0.057835	 -0.010234	 -0.126009	 -0.019293	 -0.112342	  0.060567	  0.103682	  0.052188	  0.008760	 -0.024693	  0.079650	  0.062699	  0.043206	 -0.028238
  0.112990	 -0.079466	 -0.036456	  0.051433	 -0.010650	 -0.137584	 -0.004497	 -0.111766	  0.052631	  0.067611	  0.030518	  0.015844	 -0.026455	  0.051523	  0.062706	  0.007293	 -0.006925
  0.113499	 -0.067697	 -0.051447	  0.040127	  0.009224	 -0.126777	  0.006622	 -0.126338	  0.014679	  0.040518	  0.046261	  0.009474	 -0.042718	  0.034825	  0.056771	  0.018523	 -0.012567
  0.111138	 -0.058962	 -0.067139	  0.033997	  0.010760	 -0.096190	 -0.017352	 -0.144221	  0.034875	  0.040941	  0.076406	  0.006385	 -0.015259	  0.031052	  0.060403	  0.035725	 -0.000598
  0.105916	 -0.056942	 -0.046954	  0.055490	  0.012810	 -0.090089	 -0.038467	 -0.114134	  0.068276	  0.050905	  0.078503	  0.011468	 -0.007208	  0.043131	  0.071565	  0.017901	  0.008616
  0.094935	 -0.038015	 -0.053368	  0.055960	 -0.010394	 -0.114057	 -0.049343	 -0.094083	  0.081386	  0.046936	  0.056816	  0.028650	 -0.003810	  0.030874	  0.056115	  0.010055	 -0.014066
  0.078906	 -0.039885	 -0.037569	  0.018527	  0.015248	 -0.096691	 -0.044798	 -0.074694	  0.080289	  0.012194	  0.059777	  0.006971	 -0.008273	  0.038484	  0.049354	  0.024767	  0.001388
  0.087171	 -0.045018	 -0.013384	 -0.002239	  0.028963	 -0.107737	 -0.035601	 -0.060548	  0.097952	 -0.006655	  0.068250	  0.011960	 -0.012245	  0.037156	  0.075562	  0.048102	 -0.001320
  0.089910	 -0.031140	 -0.014069	 -0.000099	  0.027268	 -0.077311	 -0.021999	 -0.057450	  0.070522	  0.018211	  0.084395	  0.029161	  0.005363	  0.027593	  0.076051	  0.047290	 -0.001090
  0.085958	 -0.026438	 -0.034336	 -0.023218	  0.055431	 -0.066459	 -0.004944	 -0.074612	  0.046506	 -0.016922	  0.088776	  0.018307	  0.007684	  0.035168	  0.055009	  0.048967	 -0.026419
  0.105301	 -0.028953	 -0.042909	 -0.026182	  0.076236	 -0.075122	  0.004024	 -0.105690	  0.041541	 -0.026195	  0.104551	  0.006937	  0.004173	  0.047529	  0.040222	  0.069900	 -0.031728
  0.135236	 -0.029255	 -0.054512	 -0.011013	  0.102770	 -0.064756	 -0.019854	 -0.135565	  0.056521	 -0.003779	  0.114498	 -0.002271	  0.016912	  0.036941	  0.042327	  0.064886	 -0.016856
  0.125298	 -0.019301	 -0.032003	  0.017316	  0.107864	 -0.071583	 -0.010284	 -0.108023	  0.054120	 -0.002654	  0.110147	  0.025279	  0.031026	  0.063733	  0.029554	  0.033586	 -0.020250
  0.106606	 -0.004230	 -0.015594	  0.013172	  0.137123	 -0.052167	 -0.006819	 -0.075962	  0.030190	 -0.013949	  0.135008	  0.020282	  0.016280	  0.089315	  0.010296	  0.046986	 -0.034655
  0.103350	 -0.013848	 -0.016535	  0.036632	  0.126742	  0.001959	 -0.009450	 -0.101894	 -0.006948	 -0.028261	  0.121963	  0.022939	  0.020771	  0.101543	  0.013421	  0.034108	 -0.023317
  0.127515	 -0.022422	 -0.001285	  0.038885	  0.085767	  0.023887	 -0.016858	 -0.124897	 -0.001612	 -0.031610	  0.083385	  0.042998	  0.031811	  0.107008	 -0.000512	  0.043190	 -0.015757
  0.128064	 -0.035296	  0.016987	  0.010804	  0.070786	 -0.000387	 -0.007537	 -0.129856	  0.015452	 -0.018067	  0.067763	  0.077271	  0.043921	  0.108952	  0.044943	  0.079299	 -0.016268
  0.118873	 -0.033598	 -0.003063	  0.019162	  0.071130	 -0.027065	  0.014123	 -0.126117	  0.002061	 -0.043853	  0.075211	  0.088845	  0.050797	  0.136356	  0.040703	  0.072953	 -0.022608
  0.118287	 -0.037796	 -0.024002	  0.011385	  0.086858	 -0.022828	  0.006108	 -0.139268	  0.048503	 -0.050512	  0.071211	  0.081516	  0.044462	  0.154198	  0.037996	  0.053434	 -0.020608
  0.107692	 -0.016781	 -0.039145	  0.017335	  0.114403	 -0.024772	  0.019885	 -0.144951	  0.041969	 -0.047402	  0.078441	  0.072285	  0.055780	  0.164861	  0.048064	  0.053844	 -0.036090
  0.081287	 -0.000265	 -0.052474	  0.017039	  0.120445	 -0.029271	  0.012813	 -0.115256	  0.003322	 -0.009504	  0.098215	  0.044897	  0.069656	  0.145525	  0.049964	  0.046880	 -0.012106
  0.084943	 -0.006711	 -0.029348	 -0.005794	  0.128711	 -0.045012	  0.031892	 -0.078580	 -0.029291	 -0.014799	  0.092474	  0.026229	  0.050994	  0.124353	  0.060559	  0.075564	 -0.015615
  0.111374	 -0.005547	 -0.019339	 -0.023579	  0.117439	 -0.048359	  0.065760	 -0.109089	 -0.042627	 -0.035531	  0.086247	  0.013743	  0.037694	  0.129446	  0.082473	  0.062793	 -0.009678
  0.111787	  0.007670	 -0.002085	 -0.007589	  0.081833	 -0.058270	  0.059113	 -0.139241	 -0.049391	 -0.008028	  0.057677	  0.020056	  0.030742	  0.112422	  0.120860	  0.062301	  0.010105
  0.086500	 -0.008573	  0.014778	 -0.003882	  0.088767	 -0.057498	  0.029154	 -0.139750	 -0.007660	 -0.016775	  0.038868	  0.045147	  0.039685	  0.095701	  0.116461	  0.081189	  0.013062
  0.078846	 -0.004129	 -0.001456	  0.001493	  0.093817	 -0.061915	  0.030667	 -0.142310	  0.058968	 -0.031570	  0.032132	  0.048711	  0.068655	  0.121558	  0.121481	  0.091334	  0.004242
  0.062053	  0.014579	 -0.034301	 -0.003164	  0.068934	 -0.061426	  0.033905	 -0.114054	  0.056573	 -0.031305	  0.039070	  0.045009	  0.061543	  0.115937	  0.145834	  0.090776	 -0.034870
  0.064087	  0.041889	 -0.041838	  0.008318	  0.046439	 -0.072677	  0.029051	 -0.061756	  0.067866	 -0.014334	  0.040411	  0.034528	  0.051294	  0.092337	  0.143132	  0.072725	 -0.040764
  0.068258	  0.050750	 -0.052696	  0.021518	  0.046444	 -0.094115	  0.032286	 -0.064579	  0.081853	 -0.003563	  0.059253	  0.012415	  0.050091	  0.076851	  0.135313	  0.068141	 -0.034013
  0.047425	  0.052672	 -0.057462	  0.016097	  0.056321	 -0.118261	  0.045347	 -0.078915	  0.063321	 -0.000051	  0.050129	  0.024831	  0.053275	  0.069503	  0.136542	  0.064486	 -0.029147
  0.045552	  0.070403	 -0.042742	 -0.005107	  0.044793	 -0.136051	  0.043932	 -0.060355	  0.008961	 -0.008845	  0.048797	  0.003195	  0.052757	  0.078211	  0.131782	  0.066571	 -0.046120
  0.062019	  0.070936	 -0.051169	 -0.057767	  0.017384	 -0.143769	  0.031521	 -0.025035	  0.016085	 -0.010138	  0.048819	 -0.014318	  0.069812	  0.097524	  0.153523	  0.062970	 -0.029881
  0.077414	  0.066662	 -0.054492	 -0.055878	  0.015321	 -0.172413	  0.047447	 -0.040110	  0.017485	 -0.003966	  0.046298	  0.002223	  0.044989	  0.109401	  0.152962	  0.046179	 -0.029748
  0.077567	  0.059075	 -0.055039	 -0.047068	  0.019070	 -0.182323	  0.030534	 -0.060064	  0.004946	  0.011919	  0.037933	 -0.013801	  0.018404	  0.133017	  0.162670	  0.026292	 -0.044039
  0.038044	  0.047618	 -0.067942	 -0.032614	  0.020938	 -0.173352	  0.002103	 -0.035154	 -0.009135	  0.029901	  0.017163	 -0.035167	  0.024412	  0.143192	  0.124782	  0.027596	 -0.057395
  0.010978	  0.001262	 -0.089169	 -0.017713	  0.013719	 -0.138622	  0.001955	 -0.022588	 -0.007064	  0.028239	  0.009703	 -0.035098	  0.055606	  0.120549	  0.091763	  0.055722	 -0.047380
  0.018986	 -0.020909	 -0.101327	 -0.018633	 -0.000282	 -0.125764	 -0.008823	 -0.051111	  0.003516	  0.021552	  0.010512	 -0.058092	  0.032604	  0.144445	  0.056296	  0.083730	 -0.062837
  0.001771	 -0.027305	 -0.110354	 -0.035250	  0.011366	 -0.154447	 -0.018018	 -0.061211	 -0.002771	  0.011840	  0.037510	 -0.072723	  0.012225	  0.155587	  0.065765	  0.048060	 -0.008495
  0.002648	 -0.028633	 -0.117896	 -0.049528	  0.020029	 -0.140013	 -0.034091	 -0.052476	 -0.025697	  0.002658	  0.033530	 -0.052298	  0.006043	  0.139373	  0.069932	  0.045642	  0.015023
 -0.013959	 -0.014741	 -0.109368	 -0.034867	  0.001505	 -0.088327	 -0.062984	 -0.030668	 -0.028121	  0.029813	  0.043588	 -0.069938	  0.010902	  0.098921	  0.072612	  0.047350	  0.002494
  0.013955	 -0.034115	 -0.090484	 -0.015981	  0.014529	 -0.107035	 -0.058131	 -0.025420	 -0.010295	  0.021772	  0.051485	 -0.091976	  0.044368	  0.068818	  0.075105	  0.092531	  0.014692
  0.058832	 -0.044761	 -0.058846	 -0.007052	  0.003841	 -0.121263	 -0.059797	 -0.013320	 -0.002695	  0.023700	  0.052231	 -0.070494	  0.043882	  0.056393	  0.068159	  0.126030	  0.010898
  0.055206	 -0.056307	 -0.050999	 -0.009642	  0.001045	 -0.115585	 -0.083152	  0.033598	  0.012661	  0.026051	  0.048179	 -0.016701	  0.022985	  0.043655	  0.079389	  0.111829	  0.005657
  0.033033	 -0.065231	 -0.071622	 -0.043300	 -0.001090	 -0.130499	 -0.066249	  0.030516	  0.024495	  0.028396	  0.060822	 -0.038456	  0.014985	  0.035554	  0.050335	  0.102556	 -0.009196
  0.040622	 -0.078976	 -0.048355	 -0.041382	  0.013738	 -0.148187	 -0.064981	  0.044661	  0.026692	  0.006501	  0.055710	 -0.054567	  0.017961	  0.053593	  0.049924	  0.113011	 -0.012564
  0.048137	 -0.087916	 -0.034275	 -0.007580	  0.023566	 -0.143442	 -0.048614	  0.042579	  0.011965	 -0.011256	  0.048696	 -0.066596	  0.004097	  0.078919	  0.039336	  0.142955	 -0.015953
  0.033124	 -0.098681	 -0.042117	  0.025033	  0.015622	 -0.120658	 -0.035014	  0.047466	  0.016197	 -0.007940	  0.043964	 -0.053224	  0.016923	  0.079050	  0.035692	  0.112106	  0.018526
  0.022860	 -0.099600	 -0.046013	  0.012110	  0.012988	 -0.129016	 -0.021624	  0.049239	  0.010890	 -0.004572	  0.034807	 -0.035015	  0.025662	  0.086678	  0.044557	  0.092260	  0.032998
  0.026059	 -0.073372	 -0.042180	 -0.004743	  0.019079	 -0.123642	 -0.009880	  0.029367	  0.025725	  0.002290	  0.021746	 -0.047342	  0.050021	  0.050577	  0.024210	  0.116813	  0.048921
  0.039537	 -0.086312	 -0.062150	  0.002307	  0.029765	 -0.080951	 -0.003649	  0.035820	  0.024229	  0.002388	 -0.017339	 -0.072859	  0.048343	  0.053932	  0.031522	  0.138284	  0.054063
  0.072269	 -0.065084	 -0.036087	  0.010094	  0.004398	 -0.054872	  0.000931	  0.056093	  0.016976	  0.004742	 -0.044434	 -0.096993	  0.049815	  0.085575	  0.042346	  0.143938	  0.052402
  0.071292	 -0.065396	 -0.008361	  0.012413	  0.003160	 -0.072410	 -0.012370	  0.047874	  0.027288	 -0.018346	 -0.058838	 -0.077362	  0.052977	  0.084785	  0.033432	  0.154187	  0.061483
  0.040426	 -0.070447	  0.002458	  0.019577	  0.020727	 -0.080227	 -0.030181	  0.019960	  0.053453	 -0.024707	 -0.065546	 -0.050433	  0.050858	  0.082062	  0.046489	  0.117680	  0.054066
  0.023951	 -0.091865	 -0.024601	  0.008386	  0.034349	 -0.098334	 -0.008838	  0.009490	  0.052533	 -0.034908	 -0.063757	 -0.037102	  0.039777	  0.092462	  0.027030	  0.085727	  0.054072
  0.045510	 -0.116318	 -0.038439	  0.020527	  0.035486	 -0.093083	 -0.009023	 -0.011765	  0.041244	 -0.038367	 -0.033653	 -0.024081	  0.044624	  0.093584	  0.027829	  0.094326	  0.058908
  0.065254	 -0.116239	 -0.078813	  0.021761	  0.044575	 -0.101050	 -0.019515	 -0.037248	  0.027645	 -0.021203	 -0.002438	 -0.004793	  0.038211	  0.106698	  0.074084	  0.093963	  0.040700
  0.054574	 -0.118262	 -0.096059	  0.020201	  0.025351	 -0.099141	 -0.001469	 -0.053964	  0.040768	 -0.028889	  0.016665	 -0.012786	  0.026329	  0.098179	  0.082060	  0.080309	  0.054997
  0.044061	 -0.095688	 -0.088872	  0.017350	  0.023425	 -0.106841	  0.015054	 -0.063395	  0.054838	  0.007199	  0.011856	 -0.007865	  0.033795	  0.071895	  0.088085	  0.096433	  0.044272
  0.044823	 -0.059648	 -0.093970	  0.039138	  0.037600	 -0.085713	  0.005730	 -0.060200	  0.039339	  0.015018	  0.039965	 -0.020374	  0.037355	  0.051955	  0.077184	  0.120905	  0.036285
  0.064815	 -0.061353	 -0.100606	  0.074383	  0.044681	 -0.052458	 -0.011359	 -0.045528	  0.031122	 -0.004044	  0.054043	 -0.028351	  0.023613	  0.067035	  0.098261	  0.117319	  0.013671
  0.096182	 -0.070311	 -0.083890	  0.073318	  0.017076	 -0.036987	 -0.041382	 -0.039022	  0.011096	 -0.041023	  0.057609	 -0.016119	  0.033188	  0.074833	  0.137701	  0.110756	  0.036353
  0.107915	 -0.070763	 -0.040146	  0.057019	  0.002867	 -0.006815	 -0.028707	 -0.025450	  0.019328	 -0.054629	  0.050752	 -0.023907	  0.041493	  0.064992	  0.151390	  0.097622	  0.054668
  0.079242	 -0.032864	 -0.022835	 -0.000277	  0.024742	 -0.018154	  0.036930	 -0.042481	  0.070669	 -0.056708	  0.049577	 -0.035847	  0.045728	  0.065483	  0.160963	  0.082071	  0.046803
  0.072367	 -0.019120	 -0.020302	  0.008534	  0.019162	 -0.024754	  0.063333	 -0.052211	  0.092884	 -0.031388	  0.065220	 -0.068466	  0.052854	  0.044158	  0.145628	  0.090616	  0.049283
  0.084520	 -0.016432	 -0.026850	  0.038438	  0.011288	 -0.046032	  0.068389	 -0.032892	  0.083501	 -0.028861	  0.059796	 -0.056206	  0.059412	  0.041058	  0.130203	  0.065643	  0.051429
  0.089787	 -0.002877	 -0.015520	  0.048816	  0.011280	 -0.087566	  0.092479	 -0.042419	  0.068127	 -0.025960	  0.029436	 -0.044038	  0.064451	  0.033178	  0.100044	  0.085437	  0.055459
  0.112249	  0.011780	 -0.016147	  0.044499	 -0.010313	 -0.087083	  0.102431	 -0.062684	  0.072079	  0.003766	  0.021822	 -0.032224	  0.057262	  0.031408	  0.111029	  0.067069	  0.035604
  0.135451	  0.002884	 -0.019231	  0.039377	 -0.023441	 -0.075544	  0.119253	 -0.076271	  0.063757	  0.014320	  0.036458	 -0.042923	  0.040850	  0.041067	  0.111058	  0.041686	  0.001294
  0.120648	  0.006765	 -0.036896	  0.042129	 -0.017931	 -0.080208	  0.120874	 -0.094646	  0.039572	  0.014587	  0.040451	 -0.054172	  0.048880	  0.059115	  0.107632	  0.051868	 -0.018164
  0.106873	  0.010479	 -0.063410	  0.046522	 -0.010364	 -0.088366	  0.105383	 -0.115487	  0.038932	  0.000811	  0.023508	 -0.018342	  0.079752	  0.050158	  0.082952	  0.082551	 -0.003364
  0.102786	  0.025209	 -0.067042	  0.042917	  0.012682	 -0.107051	  0.121106	 -0.113832	  0.034798	 -0.023327	  0.000773	 -0.029094	  0.076870	  0.049673	  0.058989	  0.094573	  0.008005
  0.105220	  0.008260	 -0.075205	  0.042013	  0.018258	 -0.104713	  0.136492	 -0.092195	  0.036167	 -0.013418	 -0.010238	 -0.034942	  0.066694	  0.011724	  0.053112	  0.077644	 -0.003309
  0.089062	 -0.005863	 -0.111123	  0.024315	  0.045653	 -0.114685	  0.133408	 -0.076245	  0.030498	 -0.003039	  0.003103	 -0.027210	  0.062976	 -0.008552	  0.070099	  0.075105	  0.005977
  0.110528	  0.031741	 -0.104543	  0.005564	  0.046140	 -0.139258	  0.116396	 -0.081955	  0.042363	 -0.015713	  0.004307	 -0.052264	  0.078015	  0.006703	  0.057470	  0.093241	  0.017194
  0.082924	  0.002273	 -0.099990	 -0.007584	  0.053876	 -0.157572	  0.104816	 -0.085386	  0.060038	 -0.028471	  0.007141	 -0.049819	  0.080290	  0.023646	  0.050462	  0.108702	  0.005336
  0.088311	  0.019997	 -0.114097	 -0.008431	  0.049143	 -0.125097	  0.098305	 -0.070404	  0.054552	 -0.017885	  0.016496	 -0.052880	  0.066846	  0.014247	  0.042030	  0.092227	  0.001546
  0.097821	  0.012859	 -0.100673	  0.010131	  0.004194	 -0.096743	  0.062472	 -0.077617	  0.032030	 -0.023594	  0.014053	 -0.056268	  0.079214	  0.007130	  0.033161	  0.077858	  0.009077
  0.090705	  0.005223	 -0.079568	  0.012469	 -0.020348	 -0.122852	  0.039441	 -0.099529	  0.039598	 -0.041863	  0.008873	 -0.068144	  0.068895	  0.013633	  0.009483	  0.054208	  0.028169
  0.084068	 -0.003311	 -0.075716	 -0.024598	 -0.020723	 -0.117387	  0.029205	 -0.086960	  0.063177	 -0.043348	  0.025487	 -0.070352	  0.036448	 -0.002858	 -0.013345	  0.062485	  0.040954
  0.076797	 -0.013274	 -0.058431	 -0.024319	 -0.036358	 -0.113627	  0.041940	 -0.090067	  0.073342	 -0.043798	  0.054666	 -0.063196	  0.018685	 -0.032726	  0.005447	  0.074043	  0.040695
  0.049161	 -0.017192	 -0.065899	 -0.005874	 -0.033641	 -0.105085	  0.039339	 -0.063657	  0.062580	 -0.079033	  0.079571	 -0.081776	  0.026668	 -0.044816	  0.042717	  0.079539	  0.015373
  0.041322	 -0.022317	 -0.055908	  0.008656	 -0.020340	 -0.082974	  0.017120	 -0.043313	  0.066074	 -0.098979	  0.067184	 -0.063594	  0.027342	 -0.028176	  0.051411	  0.091315	  0.050837
  0.057540	 -0.001081	 -0.048905	  0.036714	  0.005892	 -0.072579	  0.027514	 -0.030499	  0.075164	 -0.097313	  0.068239	 -0.049251	  0.028709	 -0.064344	  0.067814	  0.092967	  0.058598
  0.062594	 -0.008049	 -0.068800	  0.062503	  0.037277	 -0.055300	  0.016999	 -0.057247	  0.059107	 -0.093589	  0.081307	 -0.014035	  0.054460	 -0.051801	  0.079982	  0.081793	  0.034857
  0.060617	 -0.045666	 -0.069213	  0.069409	  0.034771	 -0.029280	  0.012910	 -0.069498	  0.060297	 -0.112833	  0.073833	 -0.001481	  0.067063	 -0.053000	  0.071922	  0.104532	  0.017432
  0.041125	 -0.039392	 -0.049057	  0.038013	  0.027409	 -0.024749	  0.016026	 -0.064512	  0.057344	 -0.131898	  0.053828	 -0.021689	  0.065682	 -0.042353	  0.053888	  0.100772	  0.010542
  0.043753	 -0.026299	 -0.038685	  0.019221	  0.041519	 -0.002171	  0.023569	 -0.060986	  0.056581	 -0.136128	  0.030402	 -0.037985	  0.056590	 -0.028287	  0.012098	  0.082837	  0.009245
