:RUN-1	LEVEL SWEEP	TEMP:NaN	2/15/2024	2:39 PM	HR:NaN:SW EAR: L	SW FREQ: 4.00	# AVERAGES: 512	REP RATE (/sec): 39	DRIVER: 	SAMPLE (µsec): 40	MASKER dB: 0:Threshold: 53.1:NOTES-:CHAMBER-Bach:Avgs: 512;512;512;512;512;512;512;512;512;512;512;512;512;512;512
:Tries: 584;580;577;582;578;576;574;575;564;568;566;572;571;563;579
:Log: :Vary signal level: TRUE :Control: NaN:CFTS Version: V2.37.2 (R3379):LEVELS:30;35;40;45;50;55;60;65;70;75;80;85;90;95;100;:DATA  0.042734	 -0.025323	  0.004837	  0.086918	 -0.015463	  0.019134	  0.011284	 -0.017376	  0.065611	  0.000182	  0.000181	 -0.009972	 -0.027108	  0.041646	  0.029264
  0.034706	 -0.023427	  0.011220	  0.070300	 -0.024007	  0.020345	  0.026360	 -0.023539	  0.052002	  0.009555	 -0.008859	 -0.000870	 -0.022236	  0.035137	  0.029039
  0.019678	  0.012543	  0.005272	  0.086074	 -0.025779	  0.017676	 -0.009073	 -0.022542	  0.043002	  0.004610	 -0.003708	 -0.000218	 -0.015785	  0.033228	  0.014840
  0.026931	  0.030762	  0.018512	  0.075888	 -0.029837	 -0.001433	 -0.015720	 -0.032886	  0.023934	 -0.015480	  0.059255	  0.007662	 -0.018059	  0.046576	 -0.014780
  0.029675	  0.032292	  0.027577	  0.046144	 -0.054694	 -0.001611	 -0.002274	 -0.027295	  0.006286	 -0.025650	  0.092177	 -0.006057	 -0.015982	  0.027351	 -0.007771
  0.039434	  0.038133	  0.016096	  0.019059	 -0.056714	 -0.024076	  0.006299	 -0.002034	 -0.004387	 -0.022204	  0.053973	 -0.005321	  0.018635	  0.037812	 -0.020430
  0.029707	  0.033260	  0.013109	  0.008383	 -0.025461	 -0.037598	  0.019790	 -0.014239	 -0.030767	 -0.004836	  0.020943	  0.042890	  0.010581	  0.033169	 -0.016419
 -0.008887	  0.028612	 -0.023029	 -0.004114	  0.024633	 -0.020320	  0.031997	 -0.028060	 -0.034173	 -0.015726	  0.002433	  0.052623	 -0.019149	  0.044290	  0.004854
 -0.013501	  0.045544	 -0.025279	 -0.000441	  0.023285	  0.001263	  0.041112	 -0.050262	 -0.048923	  0.009696	 -0.016877	  0.037115	 -0.010454	  0.023820	 -0.004063
  0.009640	  0.026824	 -0.002564	 -0.006326	  0.019414	  0.009212	  0.030431	 -0.024349	 -0.040798	  0.029792	 -0.016764	  0.026033	  0.012483	  0.006720	 -0.009350
 -0.021157	  0.004737	 -0.013310	 -0.019298	  0.020957	  0.027065	  0.008228	  0.001754	 -0.026394	  0.007322	 -0.002066	  0.000118	  0.032139	 -0.003071	 -0.023024
 -0.013462	  0.017255	 -0.019447	 -0.015156	  0.032297	  0.028276	  0.000988	  0.018603	  0.003835	  0.012500	  0.028830	 -0.016071	  0.024335	 -0.023035	 -0.016250
 -0.010861	  0.006273	 -0.018099	 -0.027540	  0.049568	  0.002794	 -0.007058	  0.018053	 -0.006108	  0.033999	  0.039623	 -0.020926	  0.009277	 -0.026388	 -0.006923
 -0.012194	 -0.001580	  0.010851	 -0.030935	  0.055486	  0.012736	 -0.002602	  0.028660	 -0.008145	  0.031928	  0.007178	 -0.010530	  0.018886	 -0.030651	 -0.017535
  0.011316	 -0.013954	  0.005720	 -0.039686	  0.034972	  0.001484	  0.004493	  0.030912	  0.005944	  0.016958	 -0.009761	 -0.042619	  0.027111	 -0.037958	 -0.013066
  0.004191	 -0.018236	 -0.018339	 -0.033295	  0.006645	  0.004211	 -0.031792	  0.003187	  0.000921	 -0.005053	 -0.036944	 -0.043608	  0.028160	 -0.047491	 -0.024142
 -0.037074	 -0.042432	 -0.008647	 -0.051163	 -0.011461	  0.001876	 -0.047551	  0.016865	 -0.007152	 -0.018212	 -0.063201	 -0.028991	  0.023638	 -0.040358	 -0.002186
 -0.019657	 -0.037369	 -0.001154	 -0.051645	 -0.004988	 -0.030287	 -0.036694	  0.033079	 -0.019584	 -0.022417	 -0.067076	 -0.004981	  0.004013	 -0.029299	  0.046011
 -0.041068	 -0.051583	  0.011172	 -0.052170	 -0.004105	 -0.031571	 -0.013574	  0.053532	 -0.001638	 -0.022582	 -0.047440	  0.025438	 -0.029957	 -0.031832	  0.041149
 -0.070150	 -0.062329	  0.005501	 -0.060996	 -0.014749	  0.000824	 -0.014644	  0.037936	  0.026533	 -0.004382	 -0.031898	 -0.001715	 -0.050529	 -0.059666	  0.010781
 -0.041275	 -0.027598	 -0.005695	 -0.051827	 -0.007786	  0.003296	 -0.049465	  0.010391	  0.059975	 -0.005915	 -0.026239	 -0.027753	 -0.038301	 -0.056463	  0.005586
 -0.006363	 -0.043242	 -0.013900	 -0.044896	  0.002381	  0.027739	 -0.048497	 -0.008490	  0.052479	 -0.038399	 -0.028093	 -0.047105	 -0.055994	 -0.066514	  0.015295
  0.013076	 -0.049585	 -0.005481	 -0.033497	  0.004315	  0.036026	 -0.043342	 -0.045141	  0.033223	 -0.049830	 -0.054664	 -0.029746	 -0.051204	 -0.070009	  0.014413
 -0.004502	 -0.061589	  0.008675	 -0.010941	 -0.001330	  0.038697	 -0.032432	 -0.030668	  0.024437	 -0.062587	 -0.075665	 -0.045691	 -0.043519	 -0.081708	 -0.009376
 -0.009358	 -0.055437	  0.019297	 -0.017152	 -0.005889	  0.024510	 -0.027616	 -0.011202	  0.011692	 -0.069481	 -0.078130	 -0.068934	 -0.048890	 -0.064524	 -0.004360
 -0.004151	 -0.055241	  0.025702	 -0.041675	 -0.006628	  0.019895	 -0.014508	  0.003491	 -0.000488	 -0.086233	 -0.049318	 -0.053953	 -0.059384	 -0.049939	 -0.000033
 -0.009378	 -0.046784	 -0.000020	 -0.034515	 -0.024056	  0.017726	  0.032071	 -0.002009	 -0.001819	 -0.103391	 -0.048938	 -0.054165	 -0.067978	 -0.058319	 -0.012221
  0.001944	 -0.056860	 -0.009935	 -0.023131	 -0.038920	  0.019156	  0.025949	 -0.011241	 -0.011875	 -0.103896	 -0.052268	 -0.061543	 -0.058343	 -0.080624	 -0.011767
  0.001322	 -0.077049	 -0.018034	 -0.000464	 -0.037288	  0.014917	  0.013220	 -0.029116	 -0.060327	 -0.095845	 -0.055759	 -0.063257	 -0.044482	 -0.125105	 -0.015834
  0.014984	 -0.107809	 -0.028632	  0.027487	 -0.042345	  0.004930	  0.007052	 -0.039092	 -0.056898	 -0.073469	 -0.068778	 -0.058613	 -0.055788	 -0.133856	 -0.036343
  0.006194	 -0.100718	 -0.056795	  0.043085	 -0.049896	  0.022128	 -0.018562	 -0.056861	 -0.036230	 -0.042036	 -0.054458	 -0.055502	 -0.077998	 -0.131303	 -0.061196
  0.018121	 -0.101826	 -0.079437	  0.059302	 -0.038387	  0.026450	 -0.003513	 -0.076937	 -0.034832	 -0.042219	 -0.101103	 -0.033938	 -0.073425	 -0.129980	 -0.051562
  0.033547	 -0.109667	 -0.050606	  0.024904	 -0.066859	  0.022826	  0.014770	 -0.074459	 -0.039618	 -0.053952	 -0.126232	 -0.052733	 -0.091961	 -0.145103	 -0.041191
  0.032726	 -0.107257	 -0.053687	  0.004868	 -0.095672	  0.031247	 -0.001873	 -0.050995	 -0.040755	 -0.058057	 -0.159662	 -0.075520	 -0.102460	 -0.146144	 -0.074046
  0.039500	 -0.089820	 -0.062155	 -0.016593	 -0.101154	  0.017543	 -0.017957	 -0.014028	 -0.064223	 -0.085710	 -0.167895	 -0.089608	 -0.099288	 -0.142742	 -0.095336
  0.036906	 -0.085175	 -0.063909	 -0.013021	 -0.088545	  0.004703	 -0.021424	  0.020452	 -0.079893	 -0.094979	 -0.145879	 -0.089245	 -0.080390	 -0.139859	 -0.066752
  0.031236	 -0.096397	 -0.054501	  0.007099	 -0.101082	 -0.008185	 -0.009991	  0.019040	 -0.088831	 -0.105834	 -0.139348	 -0.096904	 -0.111166	 -0.155679	 -0.039108
  0.023296	 -0.097847	 -0.064417	  0.000495	 -0.088071	 -0.027634	  0.000442	 -0.000850	 -0.074671	 -0.138452	 -0.116876	 -0.098290	 -0.103838	 -0.167262	 -0.017354
  0.001189	 -0.089603	 -0.068889	 -0.015946	 -0.076744	 -0.024088	 -0.018141	 -0.013524	 -0.068122	 -0.138725	 -0.101614	 -0.084100	 -0.097159	 -0.130508	  0.011993
  0.011979	 -0.082276	 -0.061192	 -0.028081	 -0.091293	 -0.027594	 -0.032168	 -0.028256	 -0.070451	 -0.150445	 -0.076254	 -0.054918	 -0.096925	 -0.087780	  0.070774
  0.049927	 -0.054802	 -0.053893	 -0.044135	 -0.106327	 -0.013553	 -0.058401	 -0.051287	 -0.048984	 -0.165462	 -0.076813	 -0.034834	 -0.046540	 -0.088340	  0.128115
  0.045185	 -0.041364	 -0.030629	 -0.032619	 -0.106652	 -0.026704	 -0.065024	 -0.090181	 -0.060959	 -0.147991	 -0.065089	 -0.027244	  0.004483	 -0.056935	  0.178319
  0.040668	 -0.028111	 -0.014227	 -0.020955	 -0.112235	 -0.052195	 -0.038554	 -0.091633	 -0.076412	 -0.129027	 -0.073421	 -0.026008	  0.020402	 -0.017251	  0.200658
  0.057716	 -0.021012	  0.018141	 -0.042057	 -0.088522	 -0.063188	 -0.060464	 -0.065357	 -0.051996	 -0.117028	 -0.065763	 -0.065522	  0.027711	  0.027900	  0.190929
  0.057565	 -0.037815	  0.024381	 -0.064207	 -0.102524	 -0.061312	 -0.082359	 -0.087767	 -0.027778	 -0.089057	 -0.042192	 -0.053024	  0.062941	  0.033644	  0.196938
  0.040249	 -0.041014	  0.007143	 -0.079557	 -0.106400	 -0.057554	 -0.098167	 -0.100780	 -0.041716	 -0.034793	 -0.001118	 -0.009875	  0.081391	  0.033248	  0.201484
  0.038343	 -0.061945	 -0.010743	 -0.096190	 -0.110324	 -0.058916	 -0.102957	 -0.080223	 -0.059749	  0.006863	  0.031289	  0.008084	  0.081852	  0.036356	  0.191914
  0.054314	 -0.058035	 -0.014043	 -0.114587	 -0.090066	 -0.062356	 -0.083373	 -0.057306	 -0.065190	  0.015010	  0.034534	  0.014623	  0.088728	  0.039012	  0.156246
  0.049371	 -0.026103	 -0.017374	 -0.124132	 -0.085161	 -0.082778	 -0.082360	 -0.050879	 -0.069888	  0.021117	  0.058834	  0.008743	  0.098190	  0.025186	  0.116725
  0.066640	 -0.030553	 -0.023913	 -0.133008	 -0.067852	 -0.082880	 -0.096066	 -0.043530	 -0.047173	  0.054394	  0.050645	  0.005250	  0.094569	 -0.002359	  0.031148
  0.082827	 -0.038996	 -0.040745	 -0.090089	 -0.061010	 -0.069974	 -0.107601	 -0.028767	 -0.023792	  0.058602	  0.027763	 -0.024364	  0.051582	 -0.054796	 -0.065341
  0.070427	 -0.038017	 -0.069080	 -0.070850	 -0.077331	 -0.045194	 -0.107458	  0.024105	 -0.013085	  0.043531	  0.004002	 -0.042423	  0.010952	 -0.131036	 -0.164717
  0.061153	 -0.057110	 -0.074030	 -0.094365	 -0.093654	 -0.051526	 -0.077841	  0.050865	  0.025705	  0.021152	  0.011430	 -0.072739	 -0.061545	 -0.200548	 -0.284459
  0.044967	 -0.075376	 -0.053876	 -0.086329	 -0.072026	 -0.048373	 -0.040296	  0.027320	  0.027325	 -0.006371	  0.002258	 -0.105741	 -0.114462	 -0.293276	 -0.403736
  0.023680	 -0.058378	 -0.065804	 -0.084943	 -0.076859	 -0.027179	 -0.017276	  0.010610	  0.007434	 -0.046657	 -0.056570	 -0.170265	 -0.164535	 -0.380635	 -0.497401
  0.035253	 -0.038924	 -0.072851	 -0.084828	 -0.073183	  0.008666	 -0.026322	  0.008803	  0.006255	 -0.089253	 -0.148020	 -0.219425	 -0.211870	 -0.435722	 -0.528505
  0.017911	 -0.053058	 -0.077737	 -0.094310	 -0.044443	  0.030370	 -0.028051	  0.008736	 -0.012625	 -0.146373	 -0.208646	 -0.239903	 -0.257967	 -0.474786	 -0.511022
  0.005384	 -0.043123	 -0.068635	 -0.085062	 -0.066611	  0.048509	 -0.032654	 -0.018363	 -0.028554	 -0.191838	 -0.261384	 -0.267485	 -0.294657	 -0.459573	 -0.464583
  0.002585	 -0.050887	 -0.062427	 -0.054763	 -0.068205	  0.039007	 -0.030296	 -0.033822	 -0.029766	 -0.211911	 -0.303986	 -0.296574	 -0.294060	 -0.399019	 -0.392071
  0.019695	 -0.063385	 -0.044512	 -0.029442	 -0.058693	  0.013425	 -0.003780	 -0.048138	 -0.069001	 -0.251916	 -0.313992	 -0.303508	 -0.281815	 -0.317675	 -0.306828
  0.001273	 -0.057339	 -0.036035	  0.000368	 -0.039810	  0.019659	 -0.031815	 -0.065503	 -0.102765	 -0.299688	 -0.302322	 -0.267405	 -0.262640	 -0.228394	 -0.213474
 -0.006581	 -0.037516	 -0.030789	  0.001680	 -0.026280	  0.042405	 -0.058916	 -0.103572	 -0.158233	 -0.279345	 -0.289785	 -0.215160	 -0.208998	 -0.162915	 -0.113617
  0.005437	 -0.024915	 -0.061098	 -0.045470	 -0.045911	  0.017186	 -0.097202	 -0.164555	 -0.198673	 -0.264049	 -0.247775	 -0.158734	 -0.134451	 -0.084393	 -0.015410
  0.018285	 -0.018138	 -0.084491	 -0.048391	 -0.083303	 -0.004594	 -0.117543	 -0.197221	 -0.187600	 -0.274086	 -0.205218	 -0.090871	 -0.095385	 -0.001358	  0.082234
  0.014002	 -0.006075	 -0.072585	 -0.033747	 -0.081128	  0.008940	 -0.125055	 -0.218439	 -0.147387	 -0.242038	 -0.152298	 -0.019635	  0.001374	  0.047488	  0.163960
  0.014535	 -0.016831	 -0.083163	 -0.010344	 -0.104037	 -0.014259	 -0.102374	 -0.215648	 -0.117425	 -0.166420	 -0.083976	  0.050956	  0.100664	  0.093669	  0.217688
 -0.005041	 -0.026190	 -0.089164	  0.000859	 -0.098844	 -0.009251	 -0.115140	 -0.213574	 -0.092777	 -0.145653	 -0.038500	  0.078305	  0.122884	  0.114375	  0.247025
  0.001956	 -0.017040	 -0.110539	  0.003816	 -0.071392	 -0.026908	 -0.111500	 -0.199384	 -0.058762	 -0.109737	 -0.023853	  0.102681	  0.137754	  0.128741	  0.272319
  0.043145	  0.002388	 -0.105148	 -0.019284	 -0.075322	 -0.030526	 -0.111615	 -0.186830	 -0.026501	 -0.076427	  0.001614	  0.121805	  0.127106	  0.112983	  0.228051
  0.058346	  0.008057	 -0.112568	 -0.024697	 -0.060491	 -0.024182	 -0.102540	 -0.165447	  0.010799	 -0.044710	  0.016883	  0.136922	  0.118089	  0.051384	  0.167278
  0.058104	  0.007339	 -0.130323	 -0.025166	 -0.059874	 -0.011856	 -0.075139	 -0.112070	  0.026063	 -0.040003	 -0.027829	  0.126584	  0.113599	 -0.003746	  0.094148
  0.047500	 -0.040163	 -0.100000	 -0.025048	 -0.048775	 -0.004722	 -0.037084	 -0.059033	  0.012338	 -0.024408	 -0.025639	  0.112641	  0.069161	 -0.066251	 -0.001306
  0.029355	 -0.050322	 -0.087583	  0.008482	 -0.076474	 -0.001705	 -0.010300	 -0.017893	  0.006962	 -0.035003	 -0.033223	  0.099510	  0.010485	 -0.171218	 -0.102900
  0.002460	 -0.068108	 -0.100526	  0.042264	 -0.097881	  0.020987	  0.016061	 -0.018107	  0.009702	 -0.030622	 -0.053382	  0.062371	 -0.058378	 -0.211048	 -0.195070
 -0.005481	 -0.118136	 -0.082760	  0.051510	 -0.102653	  0.009245	  0.041146	 -0.005807	  0.008421	 -0.052065	 -0.076730	  0.006578	 -0.079174	 -0.206300	 -0.246300
  0.002376	 -0.158479	 -0.081693	  0.012579	 -0.112537	 -0.004271	  0.059134	 -0.001488	 -0.007960	 -0.098177	 -0.083063	 -0.055820	 -0.102606	 -0.223039	 -0.256830
  0.011812	 -0.178228	 -0.087770	 -0.009874	 -0.142463	 -0.006272	  0.084953	 -0.010409	 -0.039648	 -0.118008	 -0.072607	 -0.087305	 -0.142024	 -0.258786	 -0.249854
  0.036640	 -0.157760	 -0.063332	 -0.019523	 -0.170943	  0.035956	  0.132750	 -0.032542	 -0.083080	 -0.139704	 -0.066617	 -0.105064	 -0.130491	 -0.249340	 -0.217506
  0.020412	 -0.117843	 -0.057228	 -0.047512	 -0.170299	  0.033716	  0.124209	 -0.048459	 -0.117597	 -0.170447	 -0.074699	 -0.091502	 -0.074448	 -0.231125	 -0.146090
 -0.002216	 -0.080416	 -0.065800	 -0.071789	 -0.149981	  0.025146	  0.101669	 -0.060474	 -0.148464	 -0.176655	 -0.074881	 -0.070302	 -0.021538	 -0.200420	 -0.076639
 -0.003813	 -0.080363	 -0.060888	 -0.063609	 -0.127720	  0.013071	  0.079539	 -0.113434	 -0.160900	 -0.155927	 -0.036179	 -0.030478	 -0.024788	 -0.140498	 -0.014760
  0.001257	 -0.076479	 -0.039787	 -0.059660	 -0.108025	  0.006006	  0.026633	 -0.142339	 -0.137845	 -0.119183	  0.009162	  0.050976	  0.027063	 -0.056025	  0.049962
 -0.003743	 -0.086307	 -0.063022	 -0.047848	 -0.065285	  0.014915	 -0.029766	 -0.149647	 -0.115112	 -0.059055	  0.052737	  0.091449	  0.091005	  0.025788	  0.115353
 -0.008351	 -0.090230	 -0.069030	 -0.041941	 -0.072620	  0.006840	 -0.053412	 -0.149739	 -0.097560	 -0.035556	  0.077834	  0.099262	  0.168285	  0.081790	  0.189957
  0.010364	 -0.058846	 -0.046216	 -0.044885	 -0.080083	  0.013517	 -0.073730	 -0.144134	 -0.055137	 -0.028786	  0.088896	  0.112967	  0.196267	  0.119212	  0.281878
  0.038366	 -0.090289	 -0.047639	 -0.036451	 -0.090612	  0.019803	 -0.093067	 -0.100906	 -0.051678	 -0.010153	  0.113045	  0.118786	  0.188112	  0.137738	  0.327953
  0.049187	 -0.069628	 -0.034956	 -0.036375	 -0.093456	  0.015175	 -0.090340	 -0.080455	 -0.020829	  0.039346	  0.132003	  0.107609	  0.197768	  0.163290	  0.306280
  0.006923	 -0.045954	 -0.048405	 -0.037170	 -0.077841	 -0.007304	 -0.072505	 -0.047094	 -0.000442	  0.063863	  0.153061	  0.087310	  0.212287	  0.167477	  0.310012
  0.023871	 -0.039153	 -0.074086	 -0.031123	 -0.080072	 -0.024699	 -0.061168	 -0.013159	  0.016603	  0.081518	  0.161647	  0.106268	  0.214846	  0.145822	  0.285059
  0.049935	 -0.055813	 -0.073854	 -0.029506	 -0.061712	 -0.056491	 -0.031275	  0.024213	  0.059193	  0.095390	  0.167031	  0.076928	  0.226243	  0.115691	  0.305738
  0.026187	 -0.038746	 -0.059863	 -0.008846	 -0.078340	 -0.043115	 -0.054384	  0.034027	  0.031124	  0.089423	  0.151286	  0.043130	  0.208567	  0.112775	  0.296306
  0.025973	 -0.012360	 -0.051892	 -0.000410	 -0.040779	 -0.017926	 -0.061635	  0.016595	  0.003426	  0.062671	  0.150770	  0.053877	  0.164352	  0.121079	  0.262559
  0.021852	  0.000719	 -0.073978	  0.003248	 -0.001424	 -0.011468	 -0.019607	  0.043245	  0.022796	  0.037972	  0.137376	  0.063553	  0.150439	  0.099059	  0.216330
  0.019582	 -0.004197	 -0.072096	  0.003185	  0.009532	 -0.003353	  0.013686	  0.062506	  0.019057	  0.021324	  0.131070	  0.078182	  0.108396	  0.061250	  0.172833
  0.019630	 -0.015851	 -0.093408	  0.023948	 -0.003618	 -0.020365	  0.044560	  0.073517	  0.022799	 -0.000798	  0.154803	  0.072924	  0.098477	  0.011680	  0.149358
  0.032443	 -0.023492	 -0.088471	  0.065037	  0.015191	 -0.020467	  0.067244	  0.103877	  0.033525	  0.008290	  0.127734	  0.079145	  0.064584	 -0.025636	  0.127383
  0.016138	 -0.009554	 -0.096239	  0.072091	  0.034719	 -0.002293	  0.067542	  0.120888	  0.006922	 -0.017009	  0.098739	  0.071160	  0.018875	 -0.055136	  0.101304
  0.034656	 -0.017151	 -0.106786	  0.032241	  0.053233	  0.043945	  0.055423	  0.111489	  0.004969	 -0.026745	  0.070032	  0.029257	  0.003468	 -0.078545	  0.067242
  0.019736	 -0.023983	 -0.085888	  0.042971	  0.052448	  0.051526	  0.052776	  0.108017	 -0.008283	 -0.075669	  0.053308	 -0.001196	 -0.022475	 -0.111764	  0.048414
  0.013957	 -0.000634	 -0.063049	  0.026107	  0.018436	  0.048759	  0.044732	  0.108058	 -0.004600	 -0.075804	  0.057436	 -0.027135	 -0.050123	 -0.126469	 -0.003315
  0.030868	  0.022462	 -0.042489	 -0.004432	  0.009376	  0.040013	  0.046140	  0.100483	 -0.005869	 -0.064273	  0.053068	 -0.046410	 -0.087156	 -0.129196	 -0.027660
  0.010510	  0.011486	 -0.043021	 -0.022175	  0.028926	  0.049860	  0.025666	  0.105707	 -0.039509	 -0.057732	  0.049724	 -0.043725	 -0.122039	 -0.160255	 -0.017616
 -0.000794	 -0.006942	 -0.044457	 -0.039725	  0.032046	  0.091271	  0.038506	  0.087357	 -0.058201	 -0.071717	  0.050642	 -0.079946	 -0.158467	 -0.155431	 -0.010612
 -0.014686	 -0.011502	 -0.044589	 -0.031339	  0.019710	  0.130110	  0.027042	  0.062704	 -0.048741	 -0.128112	  0.042506	 -0.076251	 -0.124540	 -0.141687	  0.031591
 -0.008364	 -0.008247	 -0.040105	 -0.027983	  0.005791	  0.120159	  0.008990	  0.028603	 -0.039778	 -0.118143	  0.032027	 -0.069242	 -0.089961	 -0.103507	  0.056903
  0.008908	 -0.002023	 -0.041974	  0.003406	 -0.018391	  0.119819	  0.004812	  0.008870	 -0.056576	 -0.113427	  0.056910	 -0.063780	 -0.055924	 -0.092876	  0.075287
  0.016696	  0.010581	 -0.061943	  0.039040	 -0.022575	  0.110750	  0.003495	 -0.007492	 -0.056303	 -0.111062	  0.082873	 -0.058583	 -0.043897	 -0.091559	  0.106409
  0.035101	  0.028764	 -0.071701	  0.016754	 -0.028734	  0.122264	 -0.000410	 -0.000826	 -0.036336	 -0.104042	  0.086518	 -0.057961	 -0.017782	 -0.056990	  0.119879
  0.026646	  0.031951	 -0.022264	 -0.022956	 -0.020245	  0.136165	 -0.003382	  0.001010	 -0.017865	 -0.075489	  0.121902	 -0.044550	  0.017723	 -0.019951	  0.141083
  0.011795	  0.023254	 -0.005718	 -0.012437	 -0.010470	  0.142841	 -0.011972	 -0.033566	 -0.039690	 -0.061067	  0.109807	 -0.018614	  0.015441	  0.007351	  0.191478
  0.020166	  0.031054	 -0.026712	 -0.010718	 -0.013722	  0.153973	 -0.017244	 -0.042272	 -0.037838	 -0.066711	  0.106595	 -0.000061	  0.028715	  0.033311	  0.230606
  0.010702	  0.021227	 -0.033087	 -0.017328	 -0.016856	  0.143619	  0.014526	 -0.026143	 -0.050009	 -0.061767	  0.091729	  0.018200	  0.049000	  0.069694	  0.253998
  0.019276	  0.008443	 -0.034647	 -0.022247	 -0.001668	  0.117507	  0.015764	 -0.023554	 -0.021228	 -0.065396	  0.103780	  0.025664	  0.082511	  0.080339	  0.269467
  0.026328	  0.027013	 -0.014351	 -0.002975	  0.010278	  0.098175	  0.003614	 -0.016604	  0.012324	 -0.068370	  0.153467	  0.047931	  0.110969	  0.087753	  0.283119
  0.041437	  0.011838	 -0.015294	  0.005600	  0.017960	  0.089968	 -0.004876	 -0.032575	  0.030420	 -0.037072	  0.154700	  0.060500	  0.104066	  0.100619	  0.285687
  0.016588	  0.013989	 -0.017856	 -0.002245	 -0.004676	  0.104429	 -0.022983	 -0.023732	  0.040172	  0.006050	  0.161807	  0.080536	  0.097505	  0.106704	  0.278192
  0.002316	  0.009989	 -0.012104	  0.001479	 -0.008269	  0.115663	 -0.018096	 -0.005797	  0.039672	  0.022662	  0.161601	  0.101577	  0.110357	  0.095074	  0.267066
  0.006652	  0.022466	 -0.024469	 -0.010014	  0.013342	  0.088647	 -0.005439	  0.038981	  0.032080	  0.021145	  0.168378	  0.116438	  0.100883	  0.096141	  0.225977
  0.029244	  0.022533	 -0.001067	 -0.026373	  0.028782	  0.102350	  0.013202	  0.074010	  0.045042	  0.036809	  0.151741	  0.133832	  0.098961	  0.111707	  0.197670
  0.035511	 -0.010900	  0.000891	 -0.008062	  0.025708	  0.075779	  0.010466	  0.091606	  0.062676	  0.042352	  0.159473	  0.126254	  0.118003	  0.135424	  0.172198
  0.062917	 -0.017515	  0.018618	  0.006114	  0.060415	  0.056059	 -0.012744	  0.099910	  0.053726	  0.042720	  0.138307	  0.122972	  0.125019	  0.123885	  0.150186
  0.093413	 -0.023669	  0.001199	  0.021794	  0.070023	  0.090920	 -0.025476	  0.108797	  0.056414	  0.091802	  0.126940	  0.122831	  0.114918	  0.093296	  0.108945
  0.093324	 -0.033016	 -0.017732	  0.005030	  0.071726	  0.107514	  0.002258	  0.093156	  0.085419	  0.090513	  0.120211	  0.082562	  0.081690	  0.095547	  0.065926
  0.095838	 -0.000782	 -0.005424	 -0.015293	  0.077733	  0.107859	  0.013491	  0.101649	  0.096807	  0.041617	  0.084935	  0.052016	  0.042551	  0.086463	  0.047560
  0.130044	  0.046405	 -0.000437	 -0.007780	  0.071531	  0.090844	 -0.014735	  0.114013	  0.077426	  0.016406	  0.067891	  0.044249	  0.024767	  0.073467	  0.021668
  0.153656	  0.055897	 -0.000583	 -0.021479	  0.059636	  0.107043	 -0.002909	  0.114546	  0.053652	  0.018284	  0.075642	  0.012932	  0.022158	  0.056990	  0.035348
  0.131932	  0.039818	 -0.012424	 -0.003607	  0.046145	  0.112736	 -0.004863	  0.118241	  0.029552	  0.021966	  0.083819	 -0.018240	  0.032847	  0.022488	  0.031187
  0.102819	  0.034461	 -0.015604	 -0.027686	  0.031923	  0.151325	  0.002663	  0.102644	 -0.017058	  0.019339	  0.065061	  0.001720	  0.031865	  0.009371	  0.013261
  0.111169	  0.051017	 -0.006105	 -0.038252	  0.006745	  0.165936	  0.000191	  0.093209	 -0.013036	  0.015368	  0.032384	  0.014858	  0.028999	  0.018136	 -0.007372
  0.105405	  0.044398	 -0.034834	 -0.047103	 -0.007323	  0.135132	  0.002264	  0.077870	 -0.016367	  0.025649	  0.030852	 -0.000334	  0.004637	  0.042227	 -0.018771
  0.118381	  0.018940	 -0.037961	 -0.038031	  0.003709	  0.134492	  0.017212	  0.094039	  0.003194	 -0.005886	  0.039557	 -0.017572	 -0.022792	  0.038002	 -0.012124
  0.150206	  0.038425	 -0.038858	 -0.034770	  0.032164	  0.125338	  0.012298	  0.108808	  0.015577	  0.015375	  0.018520	 -0.020884	 -0.041364	  0.038987	 -0.027327
  0.128518	  0.047146	 -0.054495	 -0.028487	  0.032144	  0.120954	 -0.000261	  0.101810	  0.005659	  0.030477	  0.027379	 -0.021568	 -0.036426	  0.031455	 -0.023989
  0.113076	  0.033572	 -0.037200	 -0.014468	  0.038251	  0.094400	 -0.013106	  0.075958	 -0.012563	 -0.014835	  0.022072	 -0.003444	 -0.014317	  0.056781	 -0.012186
  0.129882	  0.021157	 -0.013654	 -0.017673	  0.062125	  0.071028	  0.020525	  0.043081	 -0.012074	 -0.033459	  0.032949	 -0.006798	 -0.020690	  0.075995	 -0.018595
  0.157086	  0.034139	 -0.030964	  0.007594	  0.061288	  0.077158	  0.023612	  0.042461	 -0.026754	 -0.042561	  0.005780	 -0.042883	 -0.012816	  0.088741	 -0.000318
  0.150512	  0.025578	 -0.049093	  0.029101	  0.069313	  0.091433	  0.017907	  0.056718	 -0.023061	 -0.038086	 -0.024937	 -0.065737	 -0.010072	  0.060786	 -0.005601
  0.145538	  0.027305	 -0.051281	  0.028396	  0.056923	  0.112383	  0.021695	  0.033273	  0.004141	 -0.048640	 -0.052489	 -0.075016	 -0.040476	  0.048456	 -0.016308
  0.148333	  0.011968	 -0.046890	  0.032182	  0.063468	  0.097711	  0.002430	  0.014783	  0.045743	 -0.067241	 -0.042397	 -0.046014	 -0.031610	  0.041393	  0.020901
  0.140742	  0.037103	 -0.068123	  0.018799	  0.059488	  0.106286	 -0.012226	  0.018596	  0.060605	 -0.070384	 -0.026145	 -0.040236	 -0.006497	  0.035583	 -0.017103
  0.140992	  0.093160	 -0.049903	  0.036187	  0.054993	  0.105843	 -0.030462	  0.006744	  0.042596	 -0.067008	 -0.042078	 -0.037615	 -0.005290	  0.042489	 -0.007320
  0.129334	  0.069601	 -0.052815	  0.051879	  0.064842	  0.125113	 -0.029479	  0.029273	  0.053870	 -0.057122	 -0.047752	 -0.046030	  0.001901	  0.055076	  0.036068
  0.123467	  0.025551	 -0.062781	  0.075947	  0.049619	  0.117570	 -0.029552	  0.017909	  0.030514	 -0.057204	 -0.022041	 -0.057135	  0.004833	  0.080751	  0.045487
  0.109457	  0.025655	 -0.090748	  0.097494	  0.070609	  0.102449	 -0.020072	 -0.009916	  0.016586	 -0.063711	 -0.016506	 -0.030061	 -0.018606	  0.066902	  0.029573
  0.081575	  0.019394	 -0.066278	  0.084781	  0.091754	  0.094462	 -0.021225	 -0.005682	  0.003493	 -0.058237	 -0.057614	  0.009061	 -0.006339	  0.043202	  0.013518
  0.062880	  0.033324	 -0.056709	  0.070705	  0.106124	  0.097446	 -0.037066	 -0.021183	 -0.010719	 -0.047743	 -0.044549	  0.009850	  0.006989	  0.057940	  0.001664
  0.059740	  0.043591	 -0.023169	  0.084088	  0.109182	  0.128694	 -0.028880	 -0.014148	 -0.020283	 -0.069456	 -0.024311	  0.020080	  0.023440	  0.072683	  0.022997
  0.071166	  0.045722	  0.006940	  0.074089	  0.110398	  0.139820	 -0.033639	 -0.001621	 -0.048919	 -0.078048	  0.000565	  0.063409	  0.036264	  0.070170	  0.022425
  0.067784	  0.049401	  0.011743	  0.068330	  0.094742	  0.120162	 -0.060240	  0.000020	 -0.045433	 -0.070106	  0.053795	  0.075150	  0.079428	  0.063466	  0.061908
  0.039896	  0.054942	  0.003598	  0.095038	  0.115689	  0.093217	 -0.051398	  0.020446	 -0.034317	 -0.094100	  0.069420	  0.079109	  0.119511	  0.074273	  0.100071
  0.013117	  0.073918	  0.004196	  0.114510	  0.075409	  0.081490	 -0.052412	  0.048668	 -0.032536	 -0.066260	  0.073983	  0.085171	  0.127753	  0.120073	  0.165179
  0.008799	  0.064616	 -0.012602	  0.102021	  0.056347	  0.077037	 -0.042013	  0.032439	 -0.006000	  0.006191	  0.104986	  0.114840	  0.118823	  0.149238	  0.228124
  0.034579	  0.069699	 -0.014857	  0.077445	  0.051124	  0.100077	 -0.006571	  0.033501	  0.013614	  0.051820	  0.115654	  0.136149	  0.112393	  0.170761	  0.268243
  0.056737	  0.073595	 -0.012018	  0.076527	  0.032668	  0.089444	  0.006340	  0.043239	  0.062586	  0.083964	  0.115915	  0.163931	  0.125744	  0.171151	  0.311229
  0.037853	  0.074528	 -0.017387	  0.064004	  0.043916	  0.062880	  0.007101	  0.070576	  0.118408	  0.132194	  0.119920	  0.142151	  0.124345	  0.181564	  0.283636
  0.006913	  0.086388	 -0.001773	  0.072588	  0.069986	  0.073586	  0.002600	  0.087470	  0.138094	  0.131426	  0.112347	  0.152984	  0.136000	  0.209785	  0.242492
  0.056354	  0.072262	 -0.011811	  0.068385	  0.100017	  0.100565	 -0.004534	  0.115204	  0.109662	  0.091858	  0.113208	  0.168804	  0.140290	  0.242696	  0.192119
  0.073617	  0.074164	  0.010100	  0.061529	  0.122530	  0.105006	 -0.002662	  0.145632	  0.098765	  0.092659	  0.130394	  0.177265	  0.127030	  0.240025	  0.150408
  0.092915	  0.044699	  0.004823	  0.086105	  0.125770	  0.135186	  0.013990	  0.162176	  0.101026	  0.118182	  0.143649	  0.184090	  0.117878	  0.219525	  0.137828
  0.105432	  0.042857	 -0.014259	  0.074948	  0.123437	  0.128907	  0.010397	  0.182875	  0.127650	  0.104964	  0.137551	  0.170669	  0.083562	  0.171615	  0.133864
  0.105220	  0.042207	  0.033574	  0.085858	  0.143677	  0.099693	  0.024800	  0.191615	  0.143784	  0.112157	  0.119864	  0.154529	  0.044861	  0.097341	  0.091104
  0.112930	  0.034945	  0.063174	  0.105461	  0.155096	  0.087842	  0.046259	  0.157445	  0.140316	  0.102327	  0.099571	  0.090177	 -0.001448	  0.055718	  0.030880
  0.101469	  0.052442	  0.063106	  0.110063	  0.139416	  0.107725	  0.051742	  0.171341	  0.148881	  0.071011	  0.075483	  0.038384	 -0.028867	  0.023049	 -0.002781
  0.111352	  0.052612	  0.068376	  0.101916	  0.130958	  0.113681	  0.036748	  0.173744	  0.137452	  0.001152	  0.030314	 -0.013155	 -0.056371	 -0.002521	 -0.007920
  0.126262	  0.094710	  0.056080	  0.092561	  0.114977	  0.135231	  0.044811	  0.146921	  0.132782	 -0.068597	 -0.012706	 -0.049862	 -0.099978	 -0.050749	 -0.048701
  0.111076	  0.122358	  0.060153	  0.091213	  0.109088	  0.183617	  0.080321	  0.138853	  0.114637	 -0.110707	 -0.034510	 -0.089171	 -0.103196	 -0.025589	 -0.070233
  0.137871	  0.120741	  0.048972	  0.106494	  0.132322	  0.193842	  0.068966	  0.105413	  0.085287	 -0.138947	 -0.050266	 -0.091664	 -0.094688	 -0.024950	 -0.058140
  0.176274	  0.155190	  0.058009	  0.124827	  0.138705	  0.198010	  0.037383	  0.096094	  0.029591	 -0.143833	 -0.046493	 -0.072492	 -0.084968	 -0.050264	 -0.069323
  0.151440	  0.157986	  0.070074	  0.102744	  0.114147	  0.174720	  0.019336	  0.048063	 -0.059103	 -0.157880	 -0.038349	 -0.067084	 -0.074465	 -0.027370	 -0.059555
  0.142970	  0.158309	  0.073240	  0.058778	  0.103120	  0.137534	  0.011391	  0.039613	 -0.096848	 -0.140643	 -0.019269	 -0.018148	 -0.042790	  0.015889	 -0.004868
  0.129328	  0.145489	  0.060765	  0.080838	  0.089122	  0.130939	  0.000861	  0.011831	 -0.085939	 -0.097819	  0.011388	  0.039708	  0.014538	  0.057030	  0.055676
  0.114677	  0.141100	  0.065237	  0.073178	  0.067987	  0.106556	 -0.023727	 -0.013066	 -0.026535	 -0.043605	  0.055028	  0.064571	  0.042269	  0.099892	  0.123372
  0.114770	  0.127013	  0.063963	  0.090840	  0.072267	  0.092394	 -0.057227	 -0.027983	 -0.000990	 -0.020760	  0.096796	  0.085414	  0.063173	  0.158177	  0.211843
  0.134257	  0.108093	  0.048272	  0.078855	  0.084633	  0.081295	 -0.066009	 -0.015938	  0.018278	  0.028476	  0.154956	  0.104572	  0.070640	  0.202874	  0.268391
  0.135537	  0.116705	  0.075785	  0.075904	  0.077279	  0.069172	 -0.082621	  0.010055	  0.066085	  0.071805	  0.154994	  0.142913	  0.083093	  0.210212	  0.318436
  0.143210	  0.133331	  0.064395	  0.084180	  0.080921	  0.044493	 -0.094082	  0.029957	  0.110605	  0.089558	  0.175663	  0.154167	  0.091995	  0.212807	  0.365690
  0.150887	  0.166958	  0.069332	  0.074176	  0.066854	  0.021395	 -0.064652	  0.061737	  0.157113	  0.094935	  0.187279	  0.159538	  0.117008	  0.200272	  0.343574
  0.131920	  0.158613	  0.085580	  0.074165	  0.046151	  0.023403	 -0.049562	  0.092354	  0.181264	  0.132659	  0.175812	  0.120994	  0.118965	  0.192904	  0.322911
  0.135120	  0.124874	  0.091280	  0.071771	  0.060898	  0.022593	 -0.031504	  0.128745	  0.178746	  0.130732	  0.150372	  0.109704	  0.134114	  0.201239	  0.290746
  0.140573	  0.081714	  0.096439	  0.082731	  0.086603	  0.063042	 -0.012378	  0.143073	  0.181344	  0.124870	  0.125442	  0.090617	  0.101422	  0.160279	  0.247855
  0.129738	  0.071469	  0.109935	  0.081210	  0.097257	  0.086977	  0.007276	  0.165968	  0.175622	  0.084929	  0.103533	  0.066453	  0.083555	  0.130770	  0.217415
  0.130519	  0.054612	  0.115230	  0.078681	  0.085005	  0.112162	  0.018458	  0.165155	  0.154547	  0.062450	  0.078751	  0.033087	  0.042551	  0.126064	  0.172003
  0.124530	  0.045135	  0.101752	  0.070257	  0.050609	  0.129070	  0.006492	  0.156905	  0.104568	  0.039601	  0.051964	 -0.000649	  0.068397	  0.109998	  0.141266
  0.138347	  0.044530	  0.092302	  0.067408	  0.041572	  0.130689	  0.004163	  0.128635	  0.097785	  0.029980	  0.033904	  0.006994	  0.062464	  0.109381	  0.127368
  0.139397	  0.058724	  0.097677	  0.081522	  0.054206	  0.131302	 -0.027853	  0.082783	  0.105663	  0.032821	  0.037348	  0.020400	  0.034328	  0.115580	  0.149617
  0.150803	  0.069368	  0.118275	  0.092938	  0.063664	  0.113606	 -0.025907	  0.064576	  0.094668	  0.029873	  0.030834	  0.039039	 -0.001837	  0.115957	  0.197510
  0.147861	  0.048462	  0.152159	  0.096365	  0.067793	  0.113565	 -0.040784	  0.044596	  0.096601	  0.016349	  0.045355	  0.060929	 -0.002660	  0.129570	  0.234036
  0.142638	  0.028934	  0.138322	  0.084923	  0.080620	  0.103880	 -0.039194	  0.083821	  0.101509	  0.009175	  0.059691	  0.083391	  0.044361	  0.162261	  0.249952
  0.140158	  0.031302	  0.120761	  0.087127	  0.090977	  0.103503	 -0.046954	  0.105454	  0.122022	  0.048218	  0.088730	  0.137049	  0.058090	  0.172951	  0.283136
  0.138544	  0.055474	  0.141142	  0.122831	  0.114487	  0.100535	 -0.074583	  0.084120	  0.146327	  0.075066	  0.141959	  0.168406	  0.079164	  0.187350	  0.319980
  0.137863	  0.054394	  0.139721	  0.094747	  0.132225	  0.100119	 -0.085397	  0.073898	  0.162307	  0.100756	  0.171576	  0.177851	  0.117755	  0.235600	  0.354110
  0.118512	  0.050881	  0.114911	  0.096685	  0.138227	  0.111138	 -0.071863	  0.082203	  0.210383	  0.143873	  0.199845	  0.181709	  0.145251	  0.250442	  0.397007
  0.100940	  0.054140	  0.111029	  0.120432	  0.108335	  0.108877	 -0.044359	  0.131268	  0.240757	  0.170863	  0.229488	  0.187443	  0.179327	  0.268618	  0.400400
  0.100237	  0.066819	  0.118732	  0.085793	  0.092477	  0.128506	 -0.056279	  0.149840	  0.292222	  0.215268	  0.258329	  0.196090	  0.206341	  0.294177	  0.398945
  0.097643	  0.072011	  0.105788	  0.065650	  0.077108	  0.117161	 -0.040202	  0.188065	  0.318715	  0.229048	  0.294906	  0.212736	  0.207446	  0.310047	  0.408421
  0.068532	  0.058473	  0.100701	  0.056543	  0.081318	  0.112465	 -0.017584	  0.220910	  0.309368	  0.215947	  0.279918	  0.234938	  0.221682	  0.299468	  0.416640
  0.055259	  0.051058	  0.116655	  0.065942	  0.101525	  0.109728	  0.002866	  0.231590	  0.344189	  0.191653	  0.284672	  0.232967	  0.194925	  0.288724	  0.399117
  0.081447	  0.059151	  0.122728	  0.092388	  0.130052	  0.120634	  0.030069	  0.261425	  0.334685	  0.191265	  0.298070	  0.229928	  0.186235	  0.287047	  0.346906
  0.092513	  0.032109	  0.095292	  0.129307	  0.135703	  0.146307	  0.067747	  0.254074	  0.302498	  0.184602	  0.294972	  0.232711	  0.153740	  0.283613	  0.322031
  0.093044	  0.032661	  0.098486	  0.144969	  0.145734	  0.160447	  0.095767	  0.246152	  0.293717	  0.190120	  0.278437	  0.236691	  0.164835	  0.262978	  0.309953
  0.111983	  0.035679	  0.090937	  0.140801	  0.149550	  0.178613	  0.117629	  0.259846	  0.288149	  0.225028	  0.285312	  0.212668	  0.164978	  0.223860	  0.258003
  0.112495	  0.005377	  0.079231	  0.121914	  0.122614	  0.164348	  0.160030	  0.250617	  0.281198	  0.223212	  0.298200	  0.186950	  0.177396	  0.212865	  0.260268
  0.105494	  0.032204	  0.080201	  0.125597	  0.088629	  0.168275	  0.177159	  0.233620	  0.274323	  0.234523	  0.301492	  0.175733	  0.180905	  0.212135	  0.253258
  0.127818	  0.052448	  0.092916	  0.132329	  0.089481	  0.150866	  0.148279	  0.215919	  0.256938	  0.210506	  0.286900	  0.183381	  0.164163	  0.186579	  0.243862
  0.147405	  0.025920	  0.099607	  0.158137	  0.105722	  0.161309	  0.138537	  0.211880	  0.255520	  0.190989	  0.248132	  0.165020	  0.151368	  0.172518	  0.264934
  0.174723	  0.022557	  0.101292	  0.161886	  0.118915	  0.195948	  0.136447	  0.179676	  0.219916	  0.177376	  0.244378	  0.173046	  0.132714	  0.158904	  0.273705
  0.194075	  0.025848	  0.089757	  0.145120	  0.144515	  0.187836	  0.153583	  0.184147	  0.224712	  0.194956	  0.204766	  0.165026	  0.105139	  0.151412	  0.256129
  0.190727	  0.018229	  0.113028	  0.155466	  0.142059	  0.215519	  0.163392	  0.153271	  0.214534	  0.183296	  0.207046	  0.141356	  0.088667	  0.144080	  0.247409
  0.212582	  0.012808	  0.114978	  0.150562	  0.119874	  0.221792	  0.156484	  0.137171	  0.193180	  0.158399	  0.208216	  0.137890	  0.082338	  0.134415	  0.277548
  0.224077	  0.018768	  0.100786	  0.146758	  0.123331	  0.218972	  0.152973	  0.126442	  0.207347	  0.143665	  0.195533	  0.154005	  0.072834	  0.101225	  0.266609
  0.219185	  0.026800	  0.092540	  0.165392	  0.135554	  0.206640	  0.129407	  0.153767	  0.204802	  0.146643	  0.177242	  0.149671	  0.052052	  0.093417	  0.249469
  0.230787	  0.031039	  0.091856	  0.173748	  0.125115	  0.202052	  0.104793	  0.156127	  0.172937	  0.133645	  0.156201	  0.119285	  0.042097	  0.088365	  0.201644
  0.258509	  0.036058	  0.072509	  0.171636	  0.142847	  0.208527	  0.114365	  0.142998	  0.136044	  0.094536	  0.161923	  0.107857	  0.052285	  0.082337	  0.185533
 -0.007885	  0.033051	  0.050080	  0.012629	  0.059779	  0.014661	  0.003133	 -0.005219	  0.004328	 -0.022527	 -0.050927	 -0.003781	 -0.059667	  0.009638	 -0.004732
 -0.016980	  0.030575	  0.049595	  0.028111	  0.064335	  0.026826	  0.006694	 -0.017042	  0.000504	  0.006703	 -0.042332	  0.003962	 -0.068270	 -0.020759	 -0.005295
  0.008649	  0.009215	  0.034549	  0.004386	  0.033417	  0.033684	  0.015144	 -0.002504	  0.000197	  0.010773	 -0.052203	 -0.024822	 -0.077690	 -0.046718	  0.015211
  0.017535	 -0.018953	  0.035953	  0.010928	  0.038640	 -0.013029	  0.013878	  0.001531	 -0.003942	  0.033344	 -0.058075	 -0.020533	 -0.072034	 -0.036800	  0.019647
 -0.003728	 -0.019629	  0.080278	 -0.004847	  0.023152	 -0.024383	  0.008333	  0.022743	 -0.002271	  0.037938	 -0.033785	 -0.014198	 -0.054868	 -0.042664	  0.042425
 -0.018195	 -0.019123	  0.084145	 -0.017312	  0.004923	 -0.018114	  0.033054	  0.034958	  0.011529	  0.039220	 -0.047111	  0.001430	 -0.023068	 -0.022607	  0.044309
 -0.022884	 -0.006563	  0.047068	 -0.063607	  0.018857	 -0.005708	  0.027425	  0.022741	  0.035391	  0.030814	 -0.021677	  0.005272	 -0.033632	 -0.007755	  0.021716
 -0.011023	 -0.004887	  0.018999	 -0.088283	  0.019636	 -0.022522	  0.019458	  0.027336	  0.034293	 -0.000026	  0.013316	  0.015970	 -0.034669	  0.026066	  0.042514
 -0.007274	 -0.013351	 -0.014492	 -0.063165	 -0.002352	 -0.031813	  0.023913	  0.031980	  0.037006	 -0.013070	  0.048080	  0.034058	 -0.016892	  0.053232	  0.104971
  0.007635	 -0.019217	 -0.042075	 -0.036670	 -0.007771	 -0.020162	  0.011307	 -0.002028	  0.007241	 -0.020333	  0.039066	  0.031933	 -0.012931	  0.056509	  0.051418
  0.004261	 -0.011307	 -0.040231	 -0.010096	 -0.027353	  0.005980	  0.026076	  0.012640	 -0.013227	 -0.035767	  0.005536	  0.005750	 -0.035476	 -0.044423	 -0.109357
  0.006763	 -0.000312	  0.002491	  0.012893	 -0.037453	 -0.012520	  0.017004	  0.007089	 -0.006459	 -0.063828	  0.009791	 -0.026715	 -0.050010	 -0.103501	 -0.211546
 -0.009401	  0.013454	  0.028176	  0.001464	 -0.030150	 -0.016651	 -0.004208	 -0.003267	 -0.021990	 -0.056485	  0.022430	 -0.017968	 -0.022452	 -0.034730	 -0.088699
 -0.002841	  0.009851	  0.026798	  0.006570	 -0.024961	 -0.027762	 -0.028471	 -0.031830	  0.012398	 -0.022203	  0.039943	  0.025073	  0.078717	  0.130076	  0.172703
  0.028055	  0.012668	 -0.002794	  0.035093	 -0.018115	 -0.022130	 -0.028424	 -0.019335	  0.017837	  0.016558	  0.052833	  0.062147	  0.163213	  0.218142	  0.329910
  0.017837	  0.025585	 -0.038336	  0.016262	 -0.025204	  0.003935	 -0.043480	  0.000174	 -0.009965	  0.022510	  0.050619	  0.017831	  0.118906	  0.138705	  0.228021
 -0.003797	  0.002579	 -0.067627	  0.041681	 -0.019917	  0.021054	 -0.049878	 -0.006761	 -0.025817	 -0.005449	  0.026290	 -0.038702	  0.023727	 -0.063315	 -0.136485
 -0.001594	 -0.015413	 -0.097186	  0.032629	 -0.030787	  0.034166	 -0.032525	 -0.027462	 -0.028624	  0.000197	 -0.020419	 -0.050654	 -0.022220	 -0.197838	 -0.404085
  0.002291	 -0.021761	 -0.089026	  0.038563	 -0.014072	  0.033704	 -0.023950	 -0.029189	 -0.012828	  0.012729	 -0.010891	 -0.035501	  0.032447	 -0.119852	 -0.249829
  0.012576	  0.013537	 -0.066367	  0.042770	 -0.024602	  0.040785	  0.005515	 -0.016555	 -0.035600	  0.028904	  0.029517	  0.029449	  0.166867	  0.108593	  0.137182
  0.041170	  0.049395	 -0.072705	  0.039720	 -0.012871	  0.060433	  0.010355	  0.001143	 -0.032192	  0.037366	  0.044304	  0.043265	  0.232731	  0.252635	  0.387677
  0.061744	  0.045612	 -0.071751	  0.035728	 -0.002287	  0.055877	  0.023277	  0.010604	 -0.044336	  0.026860	  0.010230	  0.030422	  0.187224	  0.144042	  0.228772
  0.044448	  0.013370	 -0.063487	  0.015298	 -0.007457	  0.041438	  0.007045	  0.040102	 -0.058265	  0.023078	 -0.031503	 -0.012545	  0.044715	 -0.095145	 -0.187771
  0.021974	 -0.013069	 -0.047829	 -0.016086	 -0.024170	  0.030339	 -0.025402	  0.005976	 -0.068520	  0.014218	 -0.056002	 -0.055931	 -0.074712	 -0.284828	 -0.451312
  0.016015	 -0.050182	 -0.025020	 -0.005990	 -0.017957	  0.006044	 -0.030531	 -0.017151	 -0.098537	  0.016348	 -0.059030	 -0.044074	 -0.058798	 -0.264249	 -0.324837
  0.005113	 -0.081771	 -0.036121	  0.006658	 -0.022130	 -0.014253	 -0.002489	 -0.001191	 -0.077363	  0.026473	  0.003496	  0.011158	  0.060751	 -0.062257	  0.069635
 -0.008072	 -0.079682	 -0.044737	  0.015006	  0.003149	 -0.042816	 -0.016585	  0.009803	 -0.034082	  0.031621	  0.032010	  0.087717	  0.180003	  0.160282	  0.401411
  0.001895	 -0.075774	 -0.008106	  0.016238	  0.008480	 -0.055452	  0.006246	  0.034067	 -0.040353	  0.063553	  0.015970	  0.115393	  0.154409	  0.167806	  0.383079
 -0.008112	 -0.065293	  0.003505	  0.019824	  0.029280	 -0.045304	 -0.006903	  0.059151	 -0.028450	  0.088448	 -0.029632	  0.050177	  0.045330	 -0.038984	  0.023533
 -0.017960	 -0.049596	 -0.016070	  0.052416	  0.025222	 -0.059708	 -0.035624	  0.038824	 -0.037849	  0.067980	 -0.061038	 -0.027122	 -0.064577	 -0.220325	 -0.342645
 -0.005962	 -0.086842	 -0.010762	  0.054207	  0.029789	 -0.071911	 -0.018646	  0.018479	 -0.029550	  0.050525	 -0.059826	 -0.024503	 -0.113437	 -0.261025	 -0.370143
  0.012964	 -0.089373	 -0.035319	  0.031388	  0.017254	 -0.062322	 -0.008616	  0.012561	 -0.016839	  0.052298	 -0.042735	  0.028241	 -0.036400	 -0.086088	 -0.043907
  0.008071	 -0.069675	 -0.032575	  0.003111	  0.022039	 -0.081592	 -0.010756	  0.016714	 -0.039853	  0.078844	 -0.009138	  0.080170	  0.103247	  0.155999	  0.352244
  0.011718	 -0.052968	 -0.031386	  0.001888	  0.068243	 -0.079927	 -0.014749	  0.034304	  0.001551	  0.081384	  0.008693	  0.100479	  0.138387	  0.228508	  0.430342
  0.033980	 -0.060417	 -0.014619	  0.011034	  0.065140	 -0.088893	 -0.002670	  0.031534	  0.023361	  0.072675	 -0.028980	  0.038019	  0.075025	  0.071537	  0.125166
  0.032519	 -0.069400	 -0.000132	  0.022501	  0.047578	 -0.080730	 -0.005839	  0.032406	 -0.011418	  0.028707	 -0.047515	 -0.037854	 -0.079057	 -0.169718	 -0.273386
  0.034021	 -0.052089	  0.008857	  0.013800	  0.048442	 -0.065886	 -0.032047	  0.028620	 -0.051136	 -0.003318	 -0.086211	 -0.084818	 -0.173721	 -0.275762	 -0.408352
  0.015347	 -0.067015	  0.019050	  0.003968	  0.028193	 -0.043130	 -0.054666	  0.039900	 -0.036514	 -0.007930	 -0.112948	 -0.068160	 -0.109393	 -0.152473	 -0.118042
 -0.000429	 -0.057552	 -0.005577	  0.024615	  0.024279	 -0.037722	 -0.048768	  0.037713	 -0.006661	 -0.007334	 -0.083539	 -0.020458	  0.015101	  0.098502	  0.299770
  0.023592	 -0.034291	 -0.007958	  0.022190	  0.026735	 -0.018588	 -0.038130	  0.036506	  0.014652	  0.000082	 -0.034536	  0.036905	  0.044684	  0.220067	  0.478429
  0.027977	 -0.035538	 -0.014314	  0.018637	  0.022675	 -0.039964	 -0.006477	  0.016556	 -0.009298	  0.005426	 -0.024388	  0.032406	 -0.005125	  0.098655	  0.247874
  0.059292	 -0.042373	 -0.011975	  0.045070	  0.011297	 -0.055828	  0.001394	  0.031861	 -0.048105	 -0.001006	 -0.075679	 -0.042742	 -0.108260	 -0.152934	 -0.175384
  0.055128	 -0.041559	 -0.028338	  0.047525	  0.022109	 -0.079799	 -0.006672	 -0.009952	 -0.039182	 -0.026709	 -0.094558	 -0.090616	 -0.213373	 -0.294935	 -0.405254
  0.070476	 -0.021177	 -0.050551	  0.060666	  0.066404	 -0.098595	 -0.030866	 -0.036607	 -0.029686	 -0.028307	 -0.059979	 -0.048452	 -0.161679	 -0.205302	 -0.213574
  0.103120	 -0.003927	 -0.046119	  0.075902	  0.060333	 -0.084941	 -0.052004	 -0.017592	 -0.032011	 -0.013311	 -0.010607	  0.046229	 -0.013440	  0.028824	  0.206008
  0.091059	  0.002353	 -0.037125	  0.069497	  0.047741	 -0.059978	 -0.046341	 -0.041962	 -0.004832	  0.008083	  0.008665	  0.108865	  0.107642	  0.194528	  0.456829
  0.078497	 -0.000170	 -0.027047	  0.062287	  0.029804	 -0.009078	 -0.060264	 -0.054106	  0.001156	  0.014085	  0.018199	  0.109023	  0.098328	  0.142200	  0.342785
  0.077021	 -0.005286	  0.003276	  0.054723	  0.026415	 -0.013719	 -0.047386	 -0.056763	 -0.009693	  0.010879	 -0.002994	  0.039303	  0.008426	 -0.093338	 -0.024196
  0.063938	 -0.003710	  0.010904	  0.055657	  0.050729	 -0.007476	 -0.041793	 -0.059910	 -0.017434	 -0.021180	 -0.052774	 -0.025211	 -0.065382	 -0.301327	 -0.335080
  0.079751	  0.007396	  0.011380	  0.041524	  0.017110	  0.002291	 -0.011316	 -0.056166	 -0.017079	  0.000953	 -0.068906	 -0.030109	 -0.056907	 -0.232749	 -0.272695
  0.079254	  0.003367	  0.011371	  0.026593	  0.016803	 -0.017130	  0.028944	 -0.059044	 -0.014653	  0.033418	 -0.026538	  0.029702	  0.053999	  0.003434	  0.124165
  0.071516	 -0.023223	  0.002780	  0.024392	  0.041681	 -0.028114	  0.005452	 -0.068039	 -0.004486	  0.061047	  0.006747	  0.104041	  0.196408	  0.183822	  0.463909
  0.066281	 -0.033562	  0.015893	  0.045794	  0.020320	 -0.029491	 -0.029271	 -0.058375	 -0.008433	  0.054577	  0.028696	  0.099661	  0.220646	  0.184649	  0.435349
  0.033872	 -0.047293	  0.019408	  0.044289	 -0.001016	 -0.051907	 -0.045090	 -0.051638	 -0.053491	  0.014824	  0.009213	  0.030234	  0.105773	  0.008601	  0.063554
  0.016464	 -0.068702	  0.022019	  0.045800	  0.014114	 -0.034217	 -0.052386	 -0.037408	 -0.040470	 -0.010311	 -0.003369	 -0.038940	 -0.022982	 -0.189289	 -0.309745
  0.032026	 -0.096874	  0.010657	  0.034298	  0.007694	 -0.008136	 -0.039015	 -0.023508	 -0.042150	 -0.000257	 -0.010272	 -0.078032	 -0.059263	 -0.238197	 -0.331462
  0.058218	 -0.076128	 -0.006007	  0.043184	  0.013816	 -0.017910	 -0.030075	 -0.030744	 -0.024560	 -0.000329	 -0.005084	 -0.017126	  0.042272	 -0.070030	  0.013539
  0.037928	 -0.025797	  0.002442	  0.056155	  0.009177	  0.000297	 -0.022421	 -0.036205	 -0.002636	  0.021710	  0.019163	  0.072682	  0.173174	  0.179365	  0.381246
  0.033919	 -0.014551	  0.009627	  0.057216	  0.015394	 -0.009551	 -0.014860	 -0.004724	 -0.001437	  0.044989	  0.027806	  0.083808	  0.197385	  0.227311	  0.446002
  0.014458	  0.001523	 -0.016071	  0.035719	  0.022397	 -0.024177	 -0.055392	 -0.001764	 -0.026834	  0.023829	  0.021398	  0.041756	  0.127606	  0.039875	  0.124073
  0.011044	  0.015059	 -0.024500	  0.024370	 -0.006514	 -0.031773	 -0.049645	 -0.013509	 -0.062664	 -0.003769	 -0.032052	 -0.008062	  0.012386	 -0.188360	 -0.278165
 -0.007050	  0.031624	 -0.009990	  0.050489	  0.001286	 -0.051753	 -0.066246	 -0.009490	 -0.073778	  0.001652	 -0.042959	 -0.056266	 -0.053544	 -0.274391	 -0.418014
 -0.006948	  0.028029	  0.010877	  0.034389	  0.006888	 -0.055963	 -0.075214	 -0.001645	 -0.076278	  0.015413	 -0.027738	 -0.033472	  0.012770	 -0.134243	 -0.179770
 -0.000993	  0.023813	  0.033410	  0.045824	  0.005498	 -0.065428	 -0.074051	  0.016637	 -0.071412	  0.049820	 -0.001662	  0.009697	  0.119141	  0.091127	  0.236948
  0.032829	 -0.000650	  0.055676	  0.047381	  0.015903	 -0.054379	 -0.067211	  0.021180	 -0.085155	  0.092697	  0.029109	  0.022950	  0.203459	  0.215345	  0.456685
  0.001173	 -0.006111	  0.054097	  0.053730	  0.000127	 -0.048917	 -0.058105	  0.004566	 -0.091431	  0.063143	  0.018862	  0.010840	  0.144185	  0.111049	  0.229130
 -0.031389	  0.017584	  0.056034	  0.072071	 -0.013775	 -0.042815	 -0.058110	 -0.002289	 -0.074655	  0.029113	 -0.007954	 -0.007997	 -0.000946	 -0.130411	 -0.174411
 -0.027713	 -0.004275	  0.058805	  0.056925	  0.000765	 -0.043727	 -0.039801	 -0.027204	 -0.044161	  0.013847	 -0.047586	 -0.058359	 -0.074907	 -0.271072	 -0.406324
 -0.030213	 -0.017462	  0.043921	  0.035536	 -0.029369	 -0.077543	 -0.035408	 -0.048528	 -0.026659	  0.019053	 -0.050951	 -0.050534	 -0.024777	 -0.174173	 -0.216744
 -0.018062	 -0.013183	  0.046729	  0.027695	 -0.054942	 -0.085141	 -0.044821	 -0.029477	  0.002965	  0.049064	 -0.010927	  0.010887	  0.077236	  0.083087	  0.184953
  0.001036	 -0.012230	  0.034132	  0.035907	 -0.035882	 -0.081440	 -0.024070	 -0.006853	  0.017969	  0.054386	  0.033476	  0.042430	  0.189406	  0.282264	  0.419205
  0.002584	 -0.000142	  0.007587	  0.039989	 -0.008861	 -0.083838	  0.016244	  0.000457	  0.003302	  0.065345	  0.010179	  0.037741	  0.180583	  0.232715	  0.292539
  0.013635	  0.013749	  0.015540	  0.032634	 -0.042628	 -0.086582	 -0.010055	 -0.017499	  0.018616	  0.046029	 -0.005672	 -0.026104	  0.057083	 -0.004546	 -0.105460
  0.010530	  0.022495	  0.021777	  0.012082	 -0.047412	 -0.088945	 -0.042198	 -0.010292	  0.005885	 -0.001849	 -0.038059	 -0.061799	 -0.054374	 -0.218676	 -0.393787
 -0.011804	 -0.000716	 -0.011419	  0.004945	 -0.061173	 -0.075390	 -0.022110	 -0.010714	  0.004937	 -0.022865	 -0.068401	 -0.021678	 -0.031612	 -0.199001	 -0.309201
 -0.004176	  0.017828	 -0.026274	  0.013537	 -0.043673	 -0.070206	 -0.005055	 -0.000184	  0.013587	  0.001879	 -0.055058	  0.040850	  0.070516	  0.037272	  0.097711
  0.000197	  0.023182	 -0.018557	  0.018517	 -0.045114	 -0.068989	  0.003238	  0.007650	  0.031972	  0.045875	 -0.017647	  0.102395	  0.155314	  0.240410	  0.463986
  0.010610	  0.014380	 -0.018892	  0.013886	 -0.040277	 -0.044736	  0.015739	  0.000628	  0.037291	  0.049194	 -0.003044	  0.102337	  0.144937	  0.216457	  0.431445
 -0.003055	  0.031436	 -0.016169	  0.014929	 -0.017901	 -0.025549	  0.012154	  0.003418	  0.020017	  0.017075	 -0.040219	  0.035823	  0.004980	 -0.003325	  0.033694
 -0.009822	  0.032320	 -0.017314	  0.011653	 -0.001008	 -0.011932	  0.002984	  0.027741	  0.011392	 -0.010915	 -0.097085	 -0.029296	 -0.109889	 -0.245564	 -0.352514
  0.011475	  0.026421	 -0.023135	  0.019774	  0.022475	 -0.042648	  0.000611	  0.053702	 -0.007275	 -0.016425	 -0.128526	 -0.022821	 -0.145138	 -0.297004	 -0.364705
 -0.000693	  0.000191	  0.002153	  0.007013	 -0.031034	 -0.040655	 -0.013595	  0.053101	  0.004401	 -0.022566	 -0.090006	  0.045442	 -0.055107	 -0.105170	 -0.002615
 -0.029098	  0.010949	  0.015971	 -0.012425	 -0.053022	 -0.032862	  0.008504	  0.062309	 -0.001233	 -0.028195	 -0.051598	  0.122374	  0.059678	  0.139047	  0.400690
 -0.025703	  0.011698	  0.018111	  0.011544	 -0.038751	 -0.043119	  0.002402	  0.100699	 -0.023909	  0.001877	 -0.000873	  0.157921	  0.093862	  0.217404	  0.486517
 -0.020247	  0.024291	  0.020099	  0.056540	 -0.027086	 -0.020171	  0.017732	  0.094570	 -0.037923	  0.008100	 -0.018081	  0.116651	  0.011402	  0.066039	  0.163527
 -0.036632	  0.013994	  0.014483	  0.041385	 -0.021144	 -0.003310	  0.026671	  0.074487	 -0.028643	 -0.012070	 -0.029949	  0.056527	 -0.103420	 -0.135477	 -0.231732
 -0.008169	  0.018750	  0.013125	  0.033222	 -0.021185	 -0.031454	  0.023598	  0.078922	 -0.022580	 -0.013471	 -0.028759	  0.043770	 -0.127780	 -0.198210	 -0.380308
  0.009349	  0.025550	  0.000890	  0.032603	 -0.011763	 -0.052708	  0.024118	  0.070852	  0.003523	  0.005883	 -0.017351	  0.091075	 -0.032383	 -0.035835	 -0.096139
  0.014250	  0.026272	 -0.016973	  0.042921	 -0.033230	 -0.052895	  0.010699	  0.070039	  0.040227	  0.043687	  0.022492	  0.139291	  0.137656	  0.209861	  0.333128
  0.022113	  0.031414	 -0.037021	  0.050507	 -0.059561	 -0.042990	  0.020017	  0.066270	  0.044624	  0.070752	  0.048621	  0.151484	  0.210050	  0.321177	  0.481916
  0.031477	  0.040482	 -0.012358	  0.051653	 -0.038740	 -0.039605	  0.004705	  0.060260	 -0.003258	  0.053469	  0.060962	  0.116982	  0.131808	  0.227033	  0.228029
  0.022786	  0.040422	 -0.010801	  0.055936	 -0.018751	 -0.055591	 -0.018834	  0.062213	 -0.022463	  0.026570	  0.062293	  0.014173	  0.009960	  0.010509	 -0.185729
  0.014540	  0.038330	 -0.008054	  0.034252	 -0.010992	 -0.070184	 -0.024197	  0.065902	 -0.022721	 -0.008974	  0.026595	 -0.057670	 -0.046688	 -0.143966	 -0.399763
  0.034709	  0.030766	 -0.011856	  0.016006	 -0.027256	 -0.094230	 -0.007728	  0.059495	 -0.004714	  0.004518	 -0.001041	 -0.033151	  0.012407	 -0.087773	 -0.204140
  0.090288	  0.011079	 -0.023719	 -0.006882	 -0.009098	 -0.095871	 -0.002430	  0.044985	 -0.012670	  0.067933	  0.039160	  0.010427	  0.150310	  0.140209	  0.220405
  0.081700	 -0.002626	 -0.005951	 -0.025093	  0.003622	 -0.079245	 -0.002737	  0.051445	 -0.031106	  0.064951	  0.062459	  0.045934	  0.245413	  0.294811	  0.486070
  0.066813	  0.008728	  0.013906	 -0.023695	  0.013248	 -0.091251	  0.007472	  0.069881	 -0.026740	  0.039719	  0.023997	  0.027929	  0.211650	  0.232789	  0.360363
  0.076797	  0.020661	  0.016921	 -0.017758	  0.005457	 -0.126388	  0.007835	  0.053019	 -0.052593	  0.025880	 -0.025920	 -0.056555	  0.089842	 -0.001103	 -0.037721
  0.053041	  0.035088	  0.016041	 -0.008279	  0.005948	 -0.118589	 -0.012673	  0.024592	 -0.063748	  0.026150	 -0.026158	 -0.110608	 -0.044582	 -0.182490	 -0.372265
  0.017463	  0.010797	  0.022435	 -0.011288	  0.002357	 -0.113170	 -0.016749	  0.023990	 -0.018788	 -0.001775	 -0.000714	 -0.094289	 -0.052354	 -0.167497	 -0.296023
 -0.003149	 -0.027010	  0.018018	 -0.007915	 -0.020648	 -0.096099	 -0.010431	  0.012096	  0.007730	  0.028068	  0.034482	 -0.011953	  0.052835	  0.009031	  0.101256
 -0.008866	 -0.060643	  0.025979	 -0.012694	 -0.037056	 -0.085786	 -0.043314	  0.024942	  0.001183	  0.083569	  0.051759	  0.066995	  0.151303	  0.216663	  0.445271
 -0.033243	 -0.071554	  0.043615	 -0.021348	 -0.057612	 -0.052216	 -0.035107	  0.032460	 -0.005016	  0.092241	  0.040191	  0.078560	  0.162660	  0.234703	  0.413140
 -0.053926	 -0.056746	  0.027615	 -0.024205	 -0.071491	 -0.045324	  0.006701	  0.020971	  0.004750	  0.093302	  0.006347	  0.034848	  0.057841	  0.072645	  0.038572
 -0.071269	 -0.065702	  0.011216	 -0.019870	 -0.060739	 -0.056161	 -0.010369	 -0.000547	  0.005970	  0.073566	 -0.030795	 -0.014766	 -0.035829	 -0.134595	 -0.316955
 -0.080758	 -0.095285	  0.002676	 -0.009423	 -0.040617	 -0.067990	 -0.027391	  0.015135	 -0.001587	  0.079888	 -0.027613	 -0.035269	 -0.045812	 -0.172650	 -0.348533
 -0.065417	 -0.071063	  0.009981	 -0.007382	 -0.032451	 -0.075658	  0.004547	  0.032954	 -0.003601	  0.127551	 -0.001325	  0.028072	  0.051283	  0.006424	 -0.003695
 -0.064905	 -0.055841	  0.035716	  0.011259	 -0.031465	 -0.055940	  0.024259	  0.016506	 -0.007836	  0.151722	  0.017712	  0.117476	  0.193459	  0.235046	  0.387226
 -0.069339	 -0.077028	  0.006989	  0.002894	 -0.006352	 -0.023530	  0.043479	  0.008340	 -0.000738	  0.152649	  0.026042	  0.129661	  0.222433	  0.305182	  0.493047
 -0.061690	 -0.089930	 -0.016161	 -0.010361	  0.005065	 -0.016240	  0.030839	 -0.002758	 -0.013694	  0.105760	 -0.009976	  0.070116	  0.140080	  0.123224	  0.203882
 -0.063591	 -0.094045	 -0.043354	 -0.019716	 -0.003653	 -0.031737	  0.037416	 -0.021849	 -0.017633	  0.084890	 -0.051327	  0.024492	  0.012884	 -0.127452	 -0.201354
 -0.048277	 -0.089759	 -0.033998	 -0.026577	 -0.024741	 -0.039965	  0.013128	 -0.039662	 -0.034081	  0.082695	 -0.062776	  0.025283	 -0.049511	 -0.212801	 -0.356938
 -0.055777	 -0.094361	 -0.019014	 -0.033595	 -0.061798	 -0.023895	 -0.010990	 -0.039917	 -0.029035	  0.094284	 -0.034613	  0.046512	  0.004776	 -0.077502	 -0.108042
 -0.034211	 -0.102064	 -0.037905	 -0.021493	 -0.072216	 -0.018802	 -0.016525	 -0.017888	 -0.009845	  0.095897	  0.001035	  0.123283	  0.137072	  0.141058	  0.325486
 -0.029079	 -0.101270	 -0.026285	 -0.022618	 -0.079312	 -0.015444	 -0.008006	  0.006066	 -0.042154	  0.115765	  0.041337	  0.183472	  0.183853	  0.253881	  0.499919
 -0.024793	 -0.064918	 -0.018982	  0.003362	 -0.060593	 -0.026303	  0.020642	  0.003561	 -0.062768	  0.105324	  0.047464	  0.145648	  0.082368	  0.109943	  0.273910
 -0.026240	 -0.047581	 -0.035587	  0.020762	 -0.053821	 -0.020049	 -0.002480	 -0.007042	 -0.046323	  0.060737	  0.011890	  0.047042	 -0.064727	 -0.139355	 -0.122569
 -0.051897	 -0.042644	 -0.025477	  0.014192	 -0.067031	  0.020673	 -0.012100	  0.006989	 -0.050012	  0.047331	 -0.012427	  0.007940	 -0.127298	 -0.253379	 -0.257110
 -0.038283	 -0.040030	  0.010714	  0.004048	 -0.071373	 -0.000030	 -0.005137	  0.011115	 -0.061587	  0.076586	 -0.006870	  0.034082	 -0.084473	 -0.182746	 -0.071299
 -0.023259	 -0.024938	  0.026123	 -0.019737	 -0.122215	 -0.032893	  0.012701	  0.000872	 -0.061674	  0.076452	  0.008948	  0.071003	  0.014089	 -0.040937	  0.215182
  0.003951	 -0.036327	  0.022325	 -0.027933	 -0.082988	 -0.048306	 -0.007790	  0.009965	 -0.051652	  0.052027	  0.013403	  0.096863	  0.062072	  0.041071	  0.340274
  0.013600	 -0.050885	 -0.000797	 -0.015963	 -0.039996	 -0.065555	 -0.015536	  0.028979	 -0.053662	  0.037072	 -0.007872	  0.079199	  0.053095	  0.017918	  0.223338
 -0.007780	 -0.039122	 -0.003555	 -0.010632	 -0.023123	 -0.050334	 -0.040747	  0.036730	 -0.039392	  0.014509	 -0.026140	  0.037918	  0.024211	 -0.071006	  0.016389
 -0.018823	 -0.030837	 -0.012205	  0.000724	 -0.020768	 -0.038155	 -0.028384	  0.049855	 -0.030931	  0.042212	 -0.009756	  0.014863	 -0.012354	 -0.114849	 -0.054960
 -0.027631	  0.009783	  0.000556	  0.012079	 -0.024278	 -0.073348	  0.006441	  0.041247	 -0.063947	  0.032333	 -0.004112	  0.014699	 -0.015686	 -0.080182	  0.026931
 -0.006119	  0.014788	  0.029264	  0.002760	 -0.004198	 -0.068352	  0.015944	  0.027075	 -0.090438	  0.025986	 -0.018663	  0.050941	  0.024091	 -0.038413	  0.115902
  0.025038	  0.025893	  0.053341	 -0.001070	  0.003100	 -0.062975	  0.008373	  0.010800	 -0.102288	  0.032471	 -0.008605	  0.109368	  0.060457	 -0.042868	  0.139071
  0.042574	  0.025488	  0.017549	 -0.007159	  0.007890	 -0.056775	  0.016843	  0.041550	 -0.082802	 -0.018914	 -0.023075	  0.119547	  0.056166	 -0.015467	  0.099858
  0.030242	  0.036735	  0.023927	 -0.004556	  0.002238	 -0.054392	  0.017103	  0.051837	 -0.070330	 -0.037892	 -0.022555	  0.130652	  0.053418	 -0.011268	  0.076147
  0.009333	  0.028448	  0.010866	  0.016429	  0.019763	 -0.048372	 -0.017629	  0.054973	 -0.052493	 -0.016196	 -0.015758	  0.139111	  0.024049	 -0.003213	  0.069025
  0.009970	  0.010149	  0.018253	  0.037562	  0.032830	 -0.031005	 -0.023091	  0.042322	 -0.029703	 -0.028623	 -0.018318	  0.097492	  0.030156	 -0.008535	  0.077031
 -0.001251	  0.000961	  0.026905	  0.042235	  0.049119	 -0.043286	 -0.007862	  0.057716	 -0.055280	 -0.019556	 -0.018502	  0.079294	  0.048731	 -0.012694	  0.033479
 -0.013457	 -0.014731	  0.036555	  0.042155	  0.026348	 -0.014115	 -0.004385	  0.054360	 -0.052626	 -0.000479	 -0.037027	  0.102081	  0.072038	 -0.022108	  0.035783
 -0.033463	 -0.015742	  0.032292	  0.054336	 -0.014452	 -0.008191	 -0.011687	  0.039030	 -0.053299	 -0.010175	 -0.050031	  0.122688	  0.099282	 -0.020424	  0.059801
 -0.007557	 -0.034933	  0.014856	  0.061105	 -0.043373	 -0.047007	 -0.015935	  0.042007	 -0.041514	 -0.024618	 -0.059353	  0.127039	  0.126832	 -0.002158	  0.067076
 -0.017320	 -0.018635	  0.020736	  0.037904	 -0.036153	 -0.093028	 -0.028398	  0.032632	 -0.029352	 -0.012735	 -0.074778	  0.102258	  0.095804	  0.012650	  0.058244
 -0.041923	 -0.008125	  0.003712	  0.023566	 -0.040049	 -0.113876	 -0.047202	  0.016622	 -0.020043	 -0.011087	 -0.072790	  0.099634	  0.086289	  0.015180	  0.025317
 -0.055356	 -0.025920	 -0.003372	  0.028244	 -0.049437	 -0.096264	 -0.052704	  0.004048	 -0.019543	 -0.012144	 -0.083320	  0.106214	  0.067178	 -0.007142	  0.036767
 -0.062188	 -0.048389	  0.005897	  0.019277	 -0.044637	 -0.099905	 -0.041732	 -0.022518	  0.006556	 -0.011800	 -0.097077	  0.120799	  0.077705	 -0.017277	  0.045392
 -0.094131	 -0.053747	  0.004881	  0.046110	 -0.037458	 -0.115027	 -0.026593	 -0.021842	  0.033795	 -0.020439	 -0.090915	  0.133625	  0.091092	  0.028006	  0.053514
 -0.090587	 -0.036119	 -0.011292	  0.090710	 -0.048102	 -0.134619	  0.000107	 -0.013098	  0.046394	 -0.020533	 -0.092611	  0.130557	  0.076820	  0.039572	  0.038513
 -0.087262	 -0.045079	 -0.006121	  0.095295	 -0.048907	 -0.137285	  0.016296	  0.004373	  0.039482	 -0.021562	 -0.096885	  0.114202	  0.069993	  0.072651	  0.008015
 -0.095249	 -0.055429	 -0.023139	  0.068726	 -0.060717	 -0.117382	  0.034021	 -0.005161	  0.018138	 -0.001833	 -0.108151	  0.103479	  0.054643	  0.085103	  0.004962
 -0.109741	 -0.063046	 -0.021891	  0.034151	 -0.068917	 -0.106439	  0.050654	  0.015547	  0.028488	  0.011643	 -0.105840	  0.071314	  0.074005	  0.074447	  0.014005
 -0.112922	 -0.079740	 -0.024565	  0.018981	 -0.073166	 -0.092927	  0.036230	  0.030405	  0.048095	  0.003189	 -0.100393	  0.057738	  0.097932	  0.069271	  0.066278
 -0.092832	 -0.089964	 -0.034656	  0.010320	 -0.073430	 -0.070802	  0.032652	  0.035364	  0.050409	  0.000340	 -0.104905	  0.021230	  0.097935	  0.031458	  0.081436
 -0.062695	 -0.077948	 -0.004004	  0.018480	 -0.068207	 -0.075061	  0.028427	  0.032487	  0.013523	  0.007699	 -0.101730	  0.040596	  0.069267	  0.022622	  0.093481
 -0.062846	 -0.114041	 -0.001763	  0.023771	 -0.064168	 -0.086420	  0.038332	  0.022533	  0.007521	  0.018278	 -0.108558	  0.038675	  0.059686	 -0.016943	  0.083052
 -0.068597	 -0.133899	 -0.036585	  0.024445	 -0.075184	 -0.076664	  0.037769	  0.050252	  0.006869	  0.028649	 -0.123388	  0.022351	  0.045060	 -0.024987	  0.071742
 -0.055338	 -0.110060	 -0.040472	  0.018987	 -0.089338	 -0.083736	  0.042162	  0.058935	 -0.002631	  0.027483	 -0.120944	  0.025035	  0.055255	 -0.022437	  0.094647
 -0.011612	 -0.091829	 -0.028901	  0.010712	 -0.096936	 -0.107758	  0.037393	  0.013347	 -0.012318	  0.012254	 -0.114994	 -0.012164	  0.052465	 -0.015496	  0.082695
 -0.002215	 -0.063113	  0.001262	  0.034269	 -0.098491	 -0.132228	  0.025879	  0.004652	 -0.016296	  0.017058	 -0.109016	 -0.026027	  0.056128	 -0.001579	  0.082914
  0.011339	 -0.099288	  0.008672	  0.026814	 -0.098833	 -0.110470	  0.032332	  0.022388	 -0.019191	  0.022730	 -0.112931	 -0.004966	  0.046617	  0.030007	  0.086605
  0.028203	 -0.110199	  0.027690	  0.034803	 -0.084569	 -0.101911	  0.051090	  0.030944	 -0.038621	  0.045132	 -0.101243	  0.022264	  0.039283	  0.017811	  0.074163
  0.012748	 -0.103205	  0.077870	  0.036446	 -0.090441	 -0.083433	  0.051159	  0.019729	 -0.047199	  0.066508	 -0.080146	  0.026360	  0.014240	 -0.006555	  0.089259
  0.016759	 -0.094205	  0.046919	  0.033040	 -0.096868	 -0.073453	  0.039022	  0.017277	 -0.056434	  0.090323	 -0.066673	 -0.002822	  0.016881	  0.015459	  0.084704
  0.034002	 -0.093628	 -0.006238	  0.034346	 -0.093412	 -0.072884	 -0.007821	  0.038804	 -0.038607	  0.061529	 -0.048859	  0.010860	  0.041394	  0.017279	  0.073775
  0.046915	 -0.062902	  0.004065	  0.017877	 -0.081680	 -0.096601	 -0.016838	  0.004905	 -0.009497	  0.062925	 -0.029170	  0.038972	  0.043635	  0.001198	  0.063410
  0.018666	 -0.048326	 -0.011610	  0.035239	 -0.055640	 -0.108617	 -0.001009	  0.011885	 -0.008486	  0.042380	 -0.053463	  0.029493	  0.006150	  0.009275	  0.064147
 -0.018433	 -0.057632	 -0.012532	  0.056009	 -0.088626	 -0.094989	 -0.026927	  0.010939	 -0.018377	  0.032867	 -0.067407	  0.020259	 -0.004764	  0.028607	  0.060672
 -0.034866	 -0.068944	 -0.006912	  0.033970	 -0.115909	 -0.089649	 -0.049835	  0.007532	 -0.011526	  0.036002	 -0.055629	  0.032027	  0.034106	  0.040256	  0.042499
 -0.018877	 -0.095267	 -0.009152	  0.030086	 -0.088015	 -0.072328	 -0.064285	  0.036790	 -0.003273	  0.020563	 -0.047187	  0.062108	  0.038610	  0.011932	  0.029981
  0.013117	 -0.095438	 -0.015538	  0.052139	 -0.071143	 -0.064755	 -0.052238	  0.049377	 -0.021718	  0.019595	 -0.021125	  0.056348	  0.031087	  0.027367	  0.050694
  0.031041	 -0.056410	 -0.012210	  0.009295	 -0.078842	 -0.049202	 -0.049297	  0.047103	 -0.051527	  0.030495	 -0.009515	  0.052327	  0.013240	  0.050342	  0.082136
  0.015458	 -0.031454	 -0.006048	 -0.006043	 -0.063391	 -0.054686	 -0.041304	  0.030787	 -0.074825	  0.031724	 -0.008501	  0.011572	  0.007277	  0.037847	  0.079211
  0.000089	 -0.037700	 -0.003097	 -0.002465	 -0.052987	 -0.056087	 -0.055436	  0.001423	 -0.073673	  0.022744	  0.021649	  0.000071	 -0.002620	  0.022739	  0.113530
 -0.016074	 -0.031580	  0.000307	 -0.020562	 -0.046517	 -0.063534	 -0.058008	 -0.014921	 -0.056747	  0.010780	  0.020268	  0.000845	  0.019657	  0.017934	  0.133269
 -0.022483	 -0.033063	 -0.005861	 -0.016034	 -0.064384	 -0.071087	 -0.034282	 -0.008811	 -0.055157	 -0.026197	  0.007614	 -0.039678	  0.012076	  0.025573	  0.135977
 -0.010845	 -0.020752	 -0.027944	 -0.023359	 -0.056091	 -0.046099	 -0.044345	  0.009800	 -0.051223	 -0.049643	  0.002642	 -0.037319	 -0.000267	  0.000435	  0.110795
 -0.013221	 -0.048353	 -0.046022	 -0.040300	 -0.037824	 -0.087954	 -0.051640	  0.031705	 -0.021054	 -0.059065	 -0.005068	 -0.036833	 -0.015225	 -0.035590	  0.097994
 -0.017084	 -0.062930	 -0.040394	 -0.016440	 -0.039553	 -0.103657	 -0.054099	  0.043848	  0.002558	 -0.068962	 -0.010188	 -0.031164	 -0.059232	 -0.013786	  0.084834
  0.008715	 -0.054250	 -0.058555	  0.010423	 -0.034818	 -0.097450	 -0.061154	  0.028763	  0.018774	 -0.071928	  0.021556	 -0.028335	 -0.077301	 -0.013743	  0.077687
  0.002786	 -0.050182	 -0.042259	 -0.001022	 -0.052201	 -0.100548	 -0.058885	  0.024865	  0.003134	 -0.050052	  0.043177	  0.005419	 -0.054877	  0.002738	  0.041379
 -0.020577	 -0.032025	 -0.044752	 -0.001499	 -0.073159	 -0.057814	 -0.042922	  0.034568	 -0.009280	 -0.060626	  0.014708	 -0.012528	 -0.027327	  0.000657	  0.011313
 -0.034141	 -0.039914	 -0.055432	 -0.021482	 -0.099585	 -0.041118	 -0.030322	  0.002509	 -0.017471	 -0.079533	  0.021237	 -0.042208	 -0.013968	 -0.009177	 -0.000557
 -0.066082	 -0.045837	 -0.043675	 -0.003074	 -0.089568	 -0.065029	 -0.038030	 -0.024769	 -0.019387	 -0.090379	  0.011372	 -0.026919	 -0.013883	  0.002394	  0.021470
 -0.076564	 -0.044881	 -0.027715	  0.008160	 -0.064808	 -0.052492	 -0.025989	 -0.030284	 -0.008309	 -0.077425	 -0.028839	 -0.002013	 -0.004110	  0.004124	  0.040952
 -0.051584	 -0.035032	 -0.004408	  0.017950	 -0.046680	 -0.032477	 -0.018078	 -0.021784	 -0.002883	 -0.068032	 -0.005641	  0.017153	  0.010461	  0.029533	  0.027648
 -0.034286	 -0.033856	  0.008688	  0.017253	 -0.033607	 -0.028758	 -0.010488	 -0.011046	  0.018551	 -0.068658	  0.049337	 -0.014552	 -0.020330	  0.042100	  0.054955
 -0.029096	 -0.002672	 -0.006043	  0.004753	 -0.047865	 -0.035964	 -0.007334	 -0.007825	  0.049854	 -0.041572	  0.060135	 -0.007724	 -0.016977	  0.044359	  0.077240
 -0.049247	 -0.004302	 -0.025551	  0.005972	 -0.054067	 -0.037839	 -0.016193	 -0.007520	  0.038032	 -0.026464	  0.049559	 -0.009280	 -0.019166	  0.011945	  0.086997
 -0.033169	  0.004628	 -0.009362	 -0.038554	 -0.045665	 -0.046415	 -0.025117	 -0.007032	 -0.012835	 -0.013153	  0.049912	 -0.009927	  0.009206	  0.016475	  0.062607
 -0.037223	 -0.001434	 -0.000275	 -0.070398	 -0.039818	 -0.025138	 -0.025196	  0.007932	 -0.009286	 -0.022425	  0.049561	 -0.029825	  0.006927	  0.004157	  0.067912
 -0.059077	 -0.038919	  0.023248	 -0.089178	 -0.028995	 -0.015567	 -0.008657	 -0.002281	 -0.026375	 -0.042414	  0.053233	 -0.018320	  0.008830	 -0.014599	  0.037849
 -0.042977	 -0.067404	  0.038714	 -0.078759	 -0.026491	 -0.046538	 -0.017216	 -0.013679	 -0.010612	 -0.024894	  0.061559	  0.004388	  0.005322	 -0.004477	  0.019108
 -0.025823	 -0.054185	  0.010835	 -0.081021	 -0.043377	 -0.060045	 -0.015695	 -0.014286	  0.028389	 -0.012953	  0.045035	  0.019958	  0.000683	 -0.003120	 -0.000554
 -0.022679	 -0.049117	  0.009062	 -0.102498	 -0.016789	 -0.082943	 -0.004116	 -0.030822	  0.021653	 -0.010222	  0.028187	  0.036439	 -0.000604	  0.004682	  0.001715
 -0.008917	 -0.061450	  0.012067	 -0.098154	  0.014148	 -0.058237	 -0.002269	 -0.036603	 -0.005018	 -0.021057	  0.029706	  0.043201	  0.016002	  0.012512	  0.006518
  0.005193	 -0.046755	  0.025061	 -0.076179	 -0.004219	 -0.020492	  0.016547	 -0.032844	 -0.017338	 -0.019896	 -0.011916	  0.056991	  0.010928	  0.016319	 -0.001823
 -0.011840	 -0.052810	  0.031985	 -0.058529	 -0.013618	 -0.030423	  0.039480	 -0.029990	 -0.008823	 -0.001560	 -0.024379	  0.055659	  0.027783	  0.041827	  0.021344
 -0.000216	 -0.086279	  0.037758	 -0.050168	 -0.043397	 -0.035423	  0.093262	 -0.036981	 -0.020774	  0.020056	 -0.029348	  0.042721	  0.046429	  0.043389	  0.008117
  0.004451	 -0.079522	  0.048095	 -0.036454	 -0.080855	 -0.032684	  0.097787	  0.013995	 -0.046172	  0.006465	 -0.032712	  0.056910	  0.068084	  0.047142	 -0.022797
  0.026359	 -0.058069	  0.057827	 -0.032995	 -0.052446	 -0.005622	  0.070848	  0.022286	 -0.037630	  0.018793	 -0.005609	  0.064482	  0.069391	  0.055482	 -0.034896
  0.017094	 -0.046917	  0.066615	 -0.018638	 -0.024861	 -0.029867	  0.044494	  0.019206	 -0.010733	  0.026025	  0.005061	  0.065377	  0.059285	  0.032373	 -0.013875
 -0.014337	 -0.054987	  0.050369	 -0.019459	 -0.033123	 -0.059559	  0.009997	  0.011132	 -0.009686	  0.001237	 -0.009303	  0.080312	  0.061204	  0.003136	 -0.012220
 -0.004140	 -0.045271	  0.046751	 -0.054440	 -0.039693	 -0.060223	 -0.009364	 -0.006371	 -0.020796	 -0.001817	 -0.013375	  0.088901	  0.033331	  0.017218	 -0.019959
  0.000799	 -0.023113	  0.026859	 -0.055555	 -0.028171	 -0.044464	 -0.006005	 -0.002188	  0.020666	 -0.004707	 -0.029734	  0.086010	  0.045082	  0.024673	 -0.036011
  0.021840	 -0.019677	 -0.011311	 -0.020893	 -0.050967	 -0.017921	  0.006403	  0.013222	  0.036201	  0.012450	 -0.034494	  0.087296	  0.029835	  0.027365	 -0.048461
  0.057330	 -0.023826	 -0.032619	 -0.030392	 -0.050602	 -0.030935	  0.003490	  0.031169	  0.039914	  0.019605	 -0.036039	  0.079409	  0.009740	  0.033276	 -0.023447
  0.021463	 -0.017205	 -0.028020	 -0.006963	 -0.047382	 -0.062583	  0.006199	  0.045637	  0.051252	  0.007097	 -0.030539	  0.076105	 -0.011724	  0.058103	 -0.054596
  0.017692	 -0.028173	 -0.000831	 -0.006349	 -0.029591	 -0.082094	  0.014064	  0.057629	  0.035419	  0.027336	 -0.016283	  0.037702	 -0.004435	  0.073290	 -0.109592
  0.062642	 -0.040781	  0.034103	 -0.016650	 -0.023755	 -0.080259	 -0.015799	  0.067434	  0.052438	  0.033314	 -0.012774	  0.077258	 -0.012234	  0.032698	 -0.090278
  0.070595	 -0.021171	  0.040407	 -0.000213	 -0.029415	 -0.075274	 -0.008695	  0.078035	  0.051774	  0.049461	 -0.030824	  0.092480	 -0.011482	  0.020010	 -0.029546
  0.081128	 -0.029786	  0.040283	 -0.001522	 -0.016978	 -0.081217	  0.006995	  0.067148	  0.040570	  0.055790	 -0.025948	  0.066065	 -0.000805	  0.036879	 -0.012485
  0.070006	 -0.015779	  0.006135	 -0.012627	 -0.037849	 -0.082105	  0.005066	  0.049108	  0.040654	  0.072189	 -0.028213	  0.038165	 -0.006293	  0.032136	 -0.037384
  0.030035	 -0.017021	 -0.010221	 -0.021497	 -0.032845	 -0.068993	 -0.017662	  0.040995	  0.064764	  0.088278	 -0.030390	  0.022719	  0.022631	  0.015579	 -0.050620
  0.024586	 -0.051957	 -0.005603	 -0.002763	 -0.034851	 -0.039377	 -0.009113	  0.037019	  0.075857	  0.098026	 -0.042407	 -0.007769	  0.037134	 -0.005845	 -0.062747
  0.033702	 -0.058454	 -0.004962	  0.027447	 -0.051953	 -0.026768	 -0.005031	  0.053284	  0.078847	  0.094868	 -0.045865	 -0.010943	  0.001548	 -0.014297	 -0.046369
  0.031556	 -0.078167	  0.032057	  0.027571	 -0.038971	 -0.035633	  0.017808	  0.056075	  0.087888	  0.078347	 -0.029695	 -0.030036	 -0.043380	 -0.018481	 -0.002685
  0.053171	 -0.088557	  0.026225	  0.028282	 -0.021299	 -0.059266	  0.054410	  0.046121	  0.090431	  0.059591	 -0.004396	 -0.051695	 -0.039205	 -0.017489	  0.015745
  0.057271	 -0.080131	  0.013841	  0.040182	 -0.011276	 -0.074928	  0.047084	  0.053174	  0.090250	  0.005589	  0.016066	 -0.047848	 -0.029966	 -0.024389	  0.037485
  0.050059	 -0.059862	  0.019368	  0.054415	 -0.011946	 -0.088383	  0.043986	  0.040471	  0.072949	 -0.014590	  0.024881	 -0.042997	 -0.035712	 -0.023356	  0.029959
  0.049958	 -0.080717	  0.013946	  0.031828	 -0.045842	 -0.083414	  0.038135	  0.047930	  0.055714	 -0.015955	  0.040640	 -0.023709	 -0.030122	 -0.029270	  0.003801
