:RUN-2	LEVEL SWEEP	TEMP:NaN	2/15/2024	2:48 PM	HR:NaN:SW EAR: L	SW FREQ: 8.00	# AVERAGES: 512	REP RATE (/sec): 39	DRIVER: 	SAMPLE (µsec): 40	MASKER dB: 0:Threshold: 37.6:NOTES-:CHAMBER-Bach:Avgs: 512;512;512;512;512;512;512;512;512;512;512;512;512;512;512;512;512
:Tries: 561;580;562;563;562;565;567;561;563;567;565;568;567;555;559;570;568
:Log: :Vary signal level: TRUE :Control: NaN:CFTS Version: V2.37.2 (R3379):LEVELS:20;25;30;35;40;45;50;55;60;65;70;75;80;85;90;95;100;:DATA  0.041060	  0.030705	  0.056729	 -0.044705	 -0.004470	  0.000957	 -0.026170	  0.021842	  0.040769	 -0.007259	  0.066755	  0.035076	 -0.065110	  0.043965	  0.016794	  0.057230	  0.032638
  0.014560	  0.028167	  0.035119	 -0.037259	 -0.013929	  0.024399	 -0.034585	  0.019645	  0.059015	  0.000216	  0.052100	  0.029284	 -0.043820	  0.044151	  0.031014	  0.047442	  0.047353
  0.014047	  0.024554	  0.022855	 -0.018435	 -0.002503	  0.018706	 -0.029711	  0.020235	  0.034572	 -0.005697	  0.052836	  0.021258	 -0.017775	  0.012606	  0.022377	  0.039715	  0.037489
  0.022157	  0.004191	 -0.004869	 -0.009514	  0.010613	  0.024132	 -0.029929	  0.022972	  0.037470	  0.002070	  0.008362	  0.004173	 -0.040250	 -0.013985	  0.040957	  0.027280	  0.035822
  0.031356	  0.007066	  0.001729	 -0.017260	  0.011677	  0.047121	 -0.022981	  0.032272	  0.049405	  0.012952	 -0.009431	 -0.002820	 -0.045370	 -0.008210	  0.048810	  0.011952	  0.057806
  0.012299	 -0.009893	 -0.013673	 -0.017533	  0.021758	  0.045835	  0.007945	  0.036987	  0.039173	  0.027986	  0.012271	 -0.000429	 -0.036791	  0.001961	  0.051416	  0.019180	  0.062782
 -0.006810	 -0.004794	 -0.000769	 -0.011458	  0.038778	  0.034206	 -0.001334	  0.026724	  0.015019	  0.037880	  0.023337	 -0.004520	 -0.027556	  0.012846	  0.044421	  0.014019	  0.056285
  0.023830	 -0.002785	  0.013410	 -0.021792	  0.033285	  0.027832	  0.003579	  0.051646	  0.009918	  0.015130	  0.005179	  0.016719	 -0.013503	  0.013488	  0.035068	  0.020395	  0.049710
  0.030465	 -0.025476	  0.016632	  0.015246	  0.008625	 -0.001955	  0.008709	  0.027753	 -0.012451	  0.000338	  0.007480	  0.042825	  0.006765	 -0.014922	  0.023186	  0.009702	  0.044463
  0.018631	 -0.031549	  0.024079	  0.059993	  0.003262	 -0.024128	  0.022845	 -0.032930	  0.000529	  0.004050	 -0.005410	  0.044358	  0.030885	 -0.010725	  0.026702	 -0.002557	  0.043309
  0.008269	 -0.010108	  0.027171	  0.033054	 -0.004924	 -0.030458	  0.031741	 -0.050594	 -0.018255	 -0.011797	 -0.015878	  0.038936	  0.032781	  0.009060	  0.050549	 -0.008619	  0.027512
 -0.033535	 -0.026282	 -0.004727	 -0.005109	 -0.004113	 -0.034963	  0.010877	 -0.031541	 -0.043039	 -0.014934	 -0.012318	  0.018503	  0.038212	  0.023249	  0.003877	 -0.006552	  0.018755
 -0.038535	 -0.014736	 -0.025902	  0.015730	  0.016728	 -0.050626	 -0.006852	 -0.052563	 -0.045203	 -0.037228	  0.001937	 -0.025035	  0.041833	  0.029093	  0.005502	 -0.006557	  0.003075
 -0.010684	  0.021050	 -0.040479	  0.003956	 -0.003340	 -0.036916	 -0.008929	 -0.055803	 -0.005455	 -0.020490	  0.003734	 -0.017386	  0.018852	  0.004268	 -0.022130	  0.009675	 -0.028807
 -0.028481	  0.025686	 -0.028738	 -0.001992	 -0.011781	 -0.009054	 -0.007223	 -0.040249	  0.002475	 -0.009231	 -0.038675	 -0.024056	  0.032516	 -0.002442	 -0.046493	 -0.007182	 -0.035067
 -0.041797	  0.022089	 -0.019195	  0.001055	  0.004320	 -0.014173	 -0.025539	 -0.016999	 -0.023980	 -0.014556	 -0.064918	 -0.044987	  0.008177	  0.001505	 -0.042727	 -0.005361	 -0.028525
 -0.020787	 -0.007422	 -0.010762	  0.009464	 -0.024392	 -0.026969	  0.015136	  0.013356	 -0.038187	 -0.015937	 -0.066330	 -0.039024	  0.033588	 -0.013468	 -0.047166	 -0.017147	 -0.052545
 -0.035425	 -0.006808	 -0.008130	  0.012102	 -0.037502	 -0.005847	  0.017166	  0.012408	 -0.044832	 -0.022117	 -0.031166	 -0.024556	  0.035143	 -0.026037	 -0.053903	 -0.055643	 -0.097011
 -0.022908	 -0.005501	 -0.005748	  0.017498	 -0.022095	  0.015851	  0.027926	 -0.004518	 -0.018226	  0.006774	 -0.002079	 -0.020640	  0.021901	 -0.029590	 -0.089785	 -0.072317	 -0.135695
  0.022287	 -0.018156	 -0.034733	  0.016958	 -0.019998	 -0.003950	  0.047330	 -0.000644	 -0.038716	  0.051853	  0.012215	 -0.047680	 -0.010478	 -0.076812	 -0.098469	 -0.074657	 -0.139347
  0.053545	 -0.012557	 -0.050493	 -0.010182	 -0.028056	  0.000948	  0.073860	 -0.030540	 -0.060797	  0.057201	  0.005880	 -0.032139	 -0.045476	 -0.100953	 -0.125126	 -0.098525	 -0.133585
  0.036764	 -0.004149	 -0.025130	 -0.015372	 -0.018758	  0.003481	  0.037200	 -0.052908	 -0.085092	  0.024334	  0.022561	 -0.022628	 -0.041640	 -0.086496	 -0.120238	 -0.103178	 -0.152669
  0.025683	 -0.018862	 -0.005861	 -0.010729	 -0.026357	 -0.000623	 -0.006580	 -0.050652	 -0.084240	  0.017678	  0.022371	 -0.066420	 -0.064982	 -0.065809	 -0.121237	 -0.101138	 -0.140934
  0.015424	 -0.017014	 -0.013012	 -0.020846	 -0.029877	 -0.013087	 -0.017939	 -0.048476	 -0.072485	 -0.015739	 -0.014039	 -0.124505	 -0.054713	 -0.117406	 -0.119543	 -0.112662	 -0.124824
  0.011717	 -0.051137	 -0.026651	 -0.013125	 -0.028012	 -0.010806	 -0.018084	 -0.052275	 -0.050395	 -0.000681	 -0.032056	 -0.110168	 -0.061152	 -0.126676	 -0.127587	 -0.104142	 -0.105782
  0.016781	 -0.048127	 -0.035977	  0.014126	 -0.018349	 -0.000614	 -0.046500	 -0.086928	 -0.016363	 -0.010742	 -0.022006	 -0.104714	 -0.074315	 -0.114617	 -0.092253	 -0.107152	 -0.097234
  0.013272	 -0.033065	 -0.049900	  0.012239	 -0.031500	  0.015545	 -0.058647	 -0.072564	 -0.034171	 -0.008649	 -0.027880	 -0.086571	 -0.091340	 -0.096407	 -0.098045	 -0.131841	 -0.101968
  0.005155	 -0.038124	 -0.079059	  0.005313	 -0.024086	  0.012036	 -0.051609	 -0.068862	 -0.025787	 -0.001605	 -0.010807	 -0.088414	 -0.126897	 -0.098821	 -0.143895	 -0.148335	 -0.146077
 -0.021111	 -0.069469	 -0.094127	 -0.010705	  0.019739	 -0.018809	 -0.055640	 -0.094255	 -0.009395	 -0.011227	 -0.004101	 -0.091412	 -0.138736	 -0.106113	 -0.168521	 -0.186732	 -0.199932
  0.002807	 -0.086243	 -0.067334	  0.005956	  0.015816	  0.001350	 -0.051397	 -0.103164	 -0.006173	 -0.016903	 -0.024957	 -0.087478	 -0.145431	 -0.119553	 -0.211336	 -0.227004	 -0.269456
  0.016064	 -0.065084	 -0.061718	  0.008302	  0.002656	  0.006317	 -0.057997	 -0.092307	 -0.011698	 -0.024652	 -0.038671	 -0.084422	 -0.159934	 -0.136194	 -0.227733	 -0.252164	 -0.326925
  0.006685	 -0.061614	 -0.044118	 -0.003576	 -0.016247	  0.011528	 -0.035818	 -0.078545	 -0.006647	 -0.024780	 -0.038486	 -0.085786	 -0.175345	 -0.157905	 -0.237819	 -0.296850	 -0.330783
 -0.010078	 -0.041389	 -0.042415	  0.016118	 -0.012529	 -0.009785	 -0.003328	 -0.082301	 -0.011715	 -0.018665	 -0.058935	 -0.124215	 -0.198868	 -0.199033	 -0.277640	 -0.331195	 -0.317930
 -0.005947	 -0.055709	 -0.038124	  0.014022	 -0.015339	 -0.037431	 -0.016911	 -0.082855	 -0.019420	 -0.022013	 -0.074341	 -0.135018	 -0.196128	 -0.230136	 -0.299883	 -0.340821	 -0.303890
  0.005173	 -0.055827	 -0.037594	  0.006904	 -0.003543	 -0.019214	 -0.006642	 -0.068209	 -0.020434	 -0.026414	 -0.062327	 -0.149551	 -0.188905	 -0.214409	 -0.272951	 -0.300638	 -0.270252
 -0.022675	 -0.040394	 -0.030029	 -0.012813	  0.005826	  0.002480	 -0.009930	 -0.106970	 -0.046676	 -0.052341	 -0.039007	 -0.166753	 -0.239477	 -0.213731	 -0.236269	 -0.241864	 -0.243664
 -0.049029	 -0.034391	 -0.029742	 -0.064417	 -0.002616	  0.019829	 -0.019413	 -0.136709	 -0.052922	 -0.038133	 -0.044990	 -0.175543	 -0.250642	 -0.235591	 -0.216717	 -0.191155	 -0.202578
 -0.043945	 -0.008744	 -0.024879	 -0.070890	  0.001047	 -0.016483	 -0.037087	 -0.121460	 -0.078382	 -0.025719	 -0.083063	 -0.169477	 -0.232459	 -0.203605	 -0.190995	 -0.115810	 -0.149630
 -0.004159	 -0.009515	 -0.009899	 -0.069555	 -0.016719	 -0.039374	 -0.052195	 -0.110838	 -0.095229	 -0.031119	 -0.122182	 -0.157039	 -0.212245	 -0.170034	 -0.148161	 -0.070819	 -0.095678
 -0.005195	  0.000507	 -0.026748	 -0.054458	 -0.055282	 -0.051064	 -0.045755	 -0.116297	 -0.106132	 -0.002035	 -0.127237	 -0.117398	 -0.159563	 -0.114079	 -0.081881	 -0.026878	 -0.050064
 -0.018772	  0.000551	 -0.058996	 -0.054312	 -0.048960	 -0.055772	 -0.048432	 -0.149921	 -0.125529	  0.017411	 -0.093699	 -0.070573	 -0.121623	 -0.061607	 -0.007008	  0.013706	 -0.016863
  0.019558	  0.011574	 -0.079924	 -0.054747	 -0.038708	 -0.056308	 -0.040599	 -0.166152	 -0.104869	  0.073915	 -0.086641	 -0.035055	 -0.083492	 -0.029805	  0.034849	  0.026344	 -0.035204
  0.022822	  0.041479	 -0.092725	 -0.087090	 -0.028404	 -0.041391	 -0.032964	 -0.147034	 -0.064567	  0.067614	 -0.077873	  0.010515	 -0.024328	 -0.004790	  0.067552	  0.050146	 -0.064358
 -0.007171	  0.027827	 -0.053669	 -0.102801	 -0.031088	 -0.038825	 -0.036937	 -0.098268	 -0.071203	  0.070051	 -0.054785	  0.009636	 -0.008201	  0.029236	  0.098771	  0.022428	 -0.086431
 -0.011055	  0.046416	 -0.040313	 -0.067212	 -0.064870	 -0.065573	 -0.037976	 -0.075914	 -0.092352	  0.056895	 -0.028847	  0.036826	  0.032917	  0.059917	  0.083786	 -0.045145	 -0.091445
 -0.031634	  0.017878	 -0.045738	 -0.079342	 -0.076999	 -0.066914	 -0.037369	 -0.081789	 -0.055786	  0.041569	  0.002532	  0.075087	  0.046599	  0.107535	  0.053200	 -0.112185	 -0.073609
 -0.033686	 -0.025050	 -0.046688	 -0.107097	 -0.069442	 -0.034935	 -0.041091	 -0.080372	 -0.048464	  0.077557	  0.046340	  0.123084	  0.023781	  0.089547	  0.024231	 -0.148263	 -0.054175
 -0.023327	 -0.049781	 -0.042307	 -0.114137	 -0.061075	 -0.007003	 -0.035427	 -0.052227	 -0.023863	  0.087748	  0.095049	  0.129604	  0.003931	  0.042907	 -0.044175	 -0.170859	 -0.014644
 -0.016640	 -0.043384	 -0.044383	 -0.123740	 -0.060016	 -0.003569	 -0.002625	 -0.017769	  0.016917	  0.115433	  0.085975	  0.114152	 -0.013991	 -0.019128	 -0.138810	 -0.194438	 -0.016876
 -0.003438	 -0.055059	 -0.051973	 -0.130360	 -0.048161	 -0.015208	  0.041504	 -0.000475	  0.037591	  0.137606	  0.043366	  0.073661	 -0.040985	 -0.100878	 -0.199863	 -0.208472	 -0.048789
  0.006218	 -0.064468	 -0.039011	 -0.107608	 -0.054093	  0.003228	  0.058628	  0.002764	  0.072472	  0.122629	  0.038000	  0.008650	 -0.093873	 -0.222850	 -0.285468	 -0.212484	 -0.132883
  0.016428	 -0.046192	 -0.036722	 -0.094538	 -0.052428	  0.017178	  0.052549	  0.022426	  0.055699	  0.083106	  0.021909	 -0.054094	 -0.184704	 -0.355847	 -0.340974	 -0.266746	 -0.254556
 -0.003758	 -0.031015	 -0.038765	 -0.100405	 -0.049579	  0.027155	  0.050098	  0.034835	  0.020858	  0.021746	 -0.000768	 -0.084149	 -0.285219	 -0.485261	 -0.365872	 -0.336423	 -0.412080
 -0.008002	 -0.003690	 -0.056278	 -0.129805	 -0.026484	  0.019177	  0.045707	  0.000720	 -0.031406	 -0.001249	 -0.060509	 -0.155695	 -0.351656	 -0.574379	 -0.407362	 -0.450885	 -0.585350
 -0.013295	  0.005860	 -0.035779	 -0.116487	 -0.007360	  0.020030	  0.019386	 -0.023782	 -0.051978	 -0.025199	 -0.119146	 -0.225232	 -0.446297	 -0.601436	 -0.450914	 -0.586685	 -0.762337
 -0.019429	 -0.031057	 -0.031253	 -0.080439	 -0.003872	  0.026962	 -0.010778	 -0.031755	 -0.085127	 -0.076249	 -0.185198	 -0.300907	 -0.567308	 -0.622307	 -0.472766	 -0.709633	 -0.896521
 -0.008027	 -0.049251	 -0.047453	 -0.059284	 -0.001363	  0.007663	 -0.031675	 -0.073639	 -0.108785	 -0.124335	 -0.226212	 -0.381755	 -0.609079	 -0.578499	 -0.512456	 -0.770190	 -0.961888
  0.003258	 -0.050442	 -0.075913	 -0.027363	 -0.002289	  0.012297	 -0.027119	 -0.115834	 -0.136177	 -0.189685	 -0.264183	 -0.450904	 -0.618665	 -0.512761	 -0.544986	 -0.783405	 -0.939026
 -0.003699	 -0.046233	 -0.049025	 -0.024805	  0.001840	 -0.001360	 -0.043411	 -0.128117	 -0.168370	 -0.216499	 -0.294923	 -0.476170	 -0.608001	 -0.468504	 -0.545867	 -0.781488	 -0.859758
  0.013875	 -0.023112	 -0.054568	 -0.026639	 -0.013422	 -0.047567	 -0.078261	 -0.170445	 -0.203528	 -0.241551	 -0.347608	 -0.438185	 -0.561972	 -0.369077	 -0.518568	 -0.716748	 -0.757861
  0.019894	 -0.030325	 -0.058952	 -0.060255	 -0.032515	 -0.085386	 -0.112600	 -0.189572	 -0.240166	 -0.273280	 -0.352603	 -0.388884	 -0.445061	 -0.269819	 -0.455477	 -0.574064	 -0.577690
  0.027959	 -0.032254	 -0.031346	 -0.083409	 -0.065816	 -0.111959	 -0.133525	 -0.233644	 -0.246980	 -0.242386	 -0.318002	 -0.339054	 -0.312404	 -0.178927	 -0.348318	 -0.382578	 -0.346793
  0.014486	 -0.034129	 -0.005372	 -0.081689	 -0.079911	 -0.135752	 -0.156724	 -0.283947	 -0.232298	 -0.204319	 -0.226856	 -0.241369	 -0.168557	 -0.066333	 -0.190530	 -0.175322	 -0.087755
  0.020730	 -0.035911	  0.008889	 -0.064648	 -0.102750	 -0.172780	 -0.147873	 -0.270496	 -0.188790	 -0.109593	 -0.148066	 -0.110420	 -0.020069	  0.023638	 -0.082190	  0.021807	  0.139183
  0.021473	 -0.054880	 -0.007613	 -0.061114	 -0.131940	 -0.200917	 -0.146266	 -0.224557	 -0.125551	 -0.031841	 -0.102998	 -0.012495	  0.104248	  0.078010	 -0.016042	  0.163966	  0.299832
  0.002708	 -0.056568	 -0.035588	 -0.061716	 -0.128195	 -0.203689	 -0.145380	 -0.161370	 -0.068820	  0.010611	 -0.018646	  0.108129	  0.197227	  0.113756	  0.052337	  0.239756	  0.359260
  0.003207	 -0.034398	 -0.059633	 -0.051363	 -0.135753	 -0.176212	 -0.120294	 -0.112869	 -0.016370	  0.040666	  0.048105	  0.200342	  0.231210	  0.129356	  0.113445	  0.243239	  0.355806
  0.014053	 -0.034166	 -0.060251	 -0.075885	 -0.177408	 -0.108148	 -0.064207	 -0.061289	  0.014112	  0.101026	  0.122847	  0.226210	  0.263283	  0.096757	  0.104369	  0.208295	  0.311933
  0.014925	 -0.039251	 -0.062681	 -0.066778	 -0.192972	 -0.088557	 -0.011426	 -0.021810	  0.032528	  0.158312	  0.145143	  0.250763	  0.250063	  0.057041	  0.039275	  0.148577	  0.223581
  0.015322	 -0.042027	 -0.084482	 -0.061512	 -0.172549	 -0.081708	  0.036273	  0.007446	  0.077535	  0.167712	  0.160947	  0.245393	  0.193300	 -0.029483	 -0.048111	  0.072432	  0.137937
  0.010807	 -0.036093	 -0.078345	 -0.036146	 -0.131893	 -0.023672	  0.044254	  0.021281	  0.077590	  0.182030	  0.143355	  0.191111	  0.098017	 -0.118047	 -0.141756	  0.009198	  0.029549
 -0.023493	 -0.041113	 -0.101341	 -0.013104	 -0.124499	  0.014821	  0.049432	  0.034481	  0.063408	  0.158231	  0.077231	  0.113278	 -0.003747	 -0.230596	 -0.221224	 -0.062402	 -0.088098
 -0.047899	 -0.044465	 -0.121562	 -0.009491	 -0.134614	  0.024455	  0.071906	  0.023524	  0.065364	  0.133349	  0.020838	  0.047133	 -0.114170	 -0.343450	 -0.268185	 -0.121571	 -0.192738
 -0.041889	 -0.046928	 -0.113381	 -0.029340	 -0.154818	  0.043990	  0.089789	  0.005857	  0.045124	  0.094636	 -0.012636	 -0.041545	 -0.248693	 -0.408485	 -0.298488	 -0.193812	 -0.276277
 -0.066966	 -0.051129	 -0.108177	 -0.038708	 -0.144078	  0.049478	  0.084112	 -0.008895	  0.028592	  0.026831	 -0.047114	 -0.138975	 -0.321310	 -0.424604	 -0.289120	 -0.264843	 -0.306270
 -0.071668	 -0.048745	 -0.085530	 -0.034247	 -0.102615	  0.010598	  0.071375	 -0.023677	  0.028719	 -0.024249	 -0.105934	 -0.190273	 -0.337334	 -0.438901	 -0.253754	 -0.264709	 -0.280774
 -0.063821	 -0.024569	 -0.097760	 -0.026949	 -0.086656	 -0.008514	  0.049250	 -0.073922	  0.001883	 -0.027366	 -0.132287	 -0.235772	 -0.328088	 -0.412751	 -0.210412	 -0.192982	 -0.166503
 -0.063474	 -0.024859	 -0.093277	 -0.020457	 -0.058440	  0.011067	  0.004610	 -0.111562	 -0.047234	 -0.039925	 -0.141191	 -0.225485	 -0.326362	 -0.324427	 -0.141550	 -0.111021	 -0.021426
 -0.053984	 -0.041592	 -0.068526	 -0.051252	 -0.053944	 -0.000440	 -0.023918	 -0.138180	 -0.077685	 -0.044871	 -0.116577	 -0.186976	 -0.275625	 -0.232213	 -0.041134	 -0.005551	  0.107088
 -0.036193	 -0.051754	 -0.067729	 -0.074638	 -0.060555	  0.003155	 -0.068530	 -0.164090	 -0.083642	 -0.033559	 -0.089313	 -0.154907	 -0.210907	 -0.131048	  0.100034	  0.122641	  0.232363
 -0.010999	 -0.063352	 -0.063790	 -0.074112	 -0.075985	 -0.024657	 -0.092201	 -0.162158	 -0.069539	 -0.008805	 -0.075174	 -0.110020	 -0.106668	 -0.028988	  0.233560	  0.234770	  0.324135
  0.017778	 -0.069811	 -0.051817	 -0.071538	 -0.099253	 -0.023794	 -0.066391	 -0.147130	 -0.029616	  0.039399	 -0.038161	 -0.033050	 -0.016657	  0.078059	  0.335003	  0.322220	  0.396101
  0.032841	 -0.082170	 -0.045353	 -0.069265	 -0.115192	 -0.035712	 -0.054969	 -0.112029	  0.008780	  0.086991	 -0.023892	  0.050274	  0.049153	  0.182269	  0.405620	  0.401085	  0.471631
  0.015487	 -0.086385	 -0.025260	 -0.060733	 -0.137457	 -0.068641	 -0.049564	 -0.070871	  0.049818	  0.105427	  0.019325	  0.144859	  0.119652	  0.262899	  0.428467	  0.415592	  0.497900
  0.031020	 -0.090046	  0.000743	 -0.059957	 -0.129070	 -0.069518	 -0.054628	 -0.037260	  0.091763	  0.133890	  0.075790	  0.202398	  0.177841	  0.307657	  0.451059	  0.435117	  0.538775
  0.025741	 -0.083806	  0.019947	 -0.053519	 -0.099443	 -0.075160	 -0.031116	 -0.013641	  0.150146	  0.154845	  0.102441	  0.239105	  0.207389	  0.327462	  0.459670	  0.445168	  0.584052
  0.007389	 -0.109319	  0.021504	 -0.064272	 -0.082696	 -0.043620	  0.017759	 -0.009724	  0.156707	  0.159330	  0.126688	  0.283707	  0.197121	  0.352156	  0.470090	  0.462547	  0.609544
 -0.015739	 -0.116790	  0.012438	 -0.051936	 -0.094155	 -0.020946	  0.079578	  0.021240	  0.163283	  0.147914	  0.143338	  0.291948	  0.231429	  0.363949	  0.469311	  0.470858	  0.585732
 -0.017132	 -0.096702	 -0.012483	 -0.049420	 -0.110327	  0.010738	  0.108059	  0.031074	  0.194572	  0.145101	  0.151808	  0.267541	  0.255584	  0.393987	  0.464625	  0.478747	  0.553387
 -0.003428	 -0.049859	  0.002237	 -0.056873	 -0.109031	  0.084838	  0.106180	  0.030303	  0.230315	  0.141970	  0.155063	  0.254450	  0.263734	  0.383879	  0.466443	  0.449025	  0.561189
  0.006554	 -0.014051	  0.020465	 -0.049704	 -0.074616	  0.101866	  0.082199	  0.048606	  0.231565	  0.138257	  0.139323	  0.240136	  0.232879	  0.379022	  0.436197	  0.424883	  0.533606
  0.025370	 -0.027670	  0.015799	 -0.044947	 -0.044015	  0.114266	  0.071746	  0.084935	  0.235555	  0.149459	  0.143219	  0.216619	  0.223122	  0.364296	  0.387145	  0.378172	  0.530315
  0.030601	 -0.031615	  0.011394	 -0.052069	 -0.016704	  0.124434	  0.063808	  0.084504	  0.221296	  0.182956	  0.150953	  0.198097	  0.206883	  0.350253	  0.336302	  0.318848	  0.477622
  0.021665	 -0.040040	  0.039058	 -0.043695	  0.024731	  0.114971	  0.075466	  0.046284	  0.205733	  0.177627	  0.141002	  0.162591	  0.208176	  0.329345	  0.294971	  0.254232	  0.391399
  0.032499	 -0.026687	  0.032211	 -0.021874	  0.051738	  0.119029	  0.085929	  0.020964	  0.242447	  0.182659	  0.147915	  0.136046	  0.200885	  0.307627	  0.258271	  0.198526	  0.323689
 -0.006209	 -0.021973	  0.019244	  0.002499	  0.065209	  0.126521	  0.082934	 -0.032062	  0.260609	  0.193811	  0.129707	  0.112375	  0.165373	  0.269708	  0.211810	  0.143704	  0.249997
 -0.010855	 -0.044608	 -0.015900	  0.029384	  0.038962	  0.139635	  0.047842	 -0.039408	  0.233763	  0.189881	  0.087767	  0.113456	  0.138352	  0.226263	  0.144796	  0.084171	  0.178329
  0.002437	 -0.039591	  0.016825	  0.013341	  0.054946	  0.107323	  0.045335	 -0.006691	  0.186629	  0.173177	  0.048328	  0.082842	  0.114084	  0.193141	  0.099126	  0.044811	  0.131802
  0.019793	 -0.005233	  0.042391	  0.034722	  0.057343	  0.097152	  0.037197	 -0.002271	  0.137101	  0.144535	  0.023781	  0.024763	  0.059086	  0.147907	  0.043098	 -0.011269	  0.113806
  0.033406	 -0.009979	  0.021992	  0.038964	  0.049005	  0.098846	  0.003258	 -0.012666	  0.108010	  0.099106	  0.004406	 -0.006791	 -0.007943	  0.116104	  0.022675	 -0.007969	  0.132195
  0.032795	  0.002973	  0.057364	  0.032763	  0.024622	  0.100635	  0.004358	 -0.005543	  0.093605	  0.054754	 -0.012985	 -0.029338	 -0.044867	  0.058769	  0.028585	 -0.021415	  0.122214
  0.051066	  0.016367	  0.075560	  0.007493	  0.020099	  0.076364	  0.034621	  0.010850	  0.070988	  0.010035	 -0.021932	 -0.057935	 -0.059818	  0.024667	  0.052924	  0.014068	  0.125962
  0.061645	 -0.000568	  0.062191	 -0.003748	  0.055930	  0.077522	  0.064011	 -0.004149	  0.087158	 -0.035405	 -0.047451	 -0.063109	 -0.033873	  0.003469	  0.082166	  0.071483	  0.166315
  0.071754	 -0.000432	  0.060114	  0.000229	  0.033543	  0.078946	  0.060766	 -0.024479	  0.068777	 -0.043145	 -0.060121	 -0.028684	 -0.025097	  0.013795	  0.104638	  0.152985	  0.213734
  0.063120	  0.022803	  0.082143	 -0.016059	  0.054051	  0.086504	  0.029773	 -0.055897	  0.040086	 -0.029055	 -0.050614	 -0.018770	 -0.028156	  0.047693	  0.159403	  0.255564	  0.277140
  0.041489	  0.048084	  0.086081	 -0.006747	  0.046902	  0.073390	 -0.004384	 -0.056752	  0.057189	 -0.017904	 -0.058878	 -0.010823	 -0.017823	  0.104455	  0.231636	  0.308509	  0.334678
  0.041027	  0.025411	  0.062053	  0.007935	  0.042160	  0.079102	 -0.017978	 -0.042727	  0.063530	  0.003085	 -0.023045	  0.020092	  0.029524	  0.172397	  0.283364	  0.413372	  0.378624
  0.045876	  0.025169	  0.022831	 -0.003648	  0.033123	  0.067197	  0.000465	 -0.052132	  0.083885	  0.033344	 -0.002067	  0.057255	  0.057193	  0.209434	  0.351303	  0.473992	  0.403126
  0.013084	  0.042064	  0.027532	 -0.011717	  0.011863	  0.058247	 -0.000039	 -0.033268	  0.093853	  0.050172	  0.021478	  0.082189	  0.081614	  0.226031	  0.415184	  0.477036	  0.423048
  0.008857	  0.033446	  0.037437	 -0.009433	  0.031192	  0.053901	 -0.023606	 -0.009905	  0.097063	  0.043853	  0.037818	  0.096599	  0.118696	  0.243708	  0.451154	  0.481357	  0.419645
  0.024023	  0.031384	  0.028927	 -0.009960	  0.054915	  0.021200	  0.005542	  0.018747	  0.094176	  0.071441	  0.026507	  0.131539	  0.156808	  0.271305	  0.453721	  0.467050	  0.408443
  0.027137	  0.022760	  0.021651	 -0.004177	  0.033218	  0.031121	  0.007102	  0.066628	  0.139390	  0.119863	  0.034143	  0.160264	  0.179754	  0.320919	  0.454397	  0.449387	  0.353265
  0.030839	  0.046673	  0.029253	  0.016381	  0.017523	  0.039704	  0.035995	  0.116310	  0.163488	  0.150953	  0.034097	  0.200801	  0.190280	  0.351626	  0.453210	  0.411525	  0.303632
  0.034217	  0.054513	  0.033572	  0.019822	  0.021022	  0.051582	  0.048237	  0.132241	  0.171334	  0.174084	  0.061843	  0.207614	  0.208795	  0.372616	  0.422416	  0.347439	  0.249043
  0.030921	  0.044108	 -0.005811	 -0.013481	  0.035267	  0.031880	  0.070785	  0.137909	  0.181720	  0.189017	  0.105145	  0.186840	  0.206985	  0.337775	  0.381189	  0.277689	  0.224543
  0.040264	  0.062945	 -0.018994	 -0.007691	  0.045864	  0.036869	  0.089408	  0.151216	  0.177717	  0.193629	  0.118668	  0.195542	  0.196623	  0.324265	  0.322646	  0.233331	  0.188533
  0.046611	  0.043357	 -0.020612	 -0.015337	  0.030449	  0.074883	  0.075724	  0.136776	  0.180975	  0.200376	  0.076840	  0.197551	  0.200280	  0.302020	  0.236309	  0.206551	  0.144738
  0.058671	  0.019124	  0.002821	  0.007260	  0.044201	  0.087870	  0.098961	  0.141510	  0.159186	  0.197860	  0.070246	  0.191505	  0.194490	  0.261892	  0.167694	  0.128478	  0.133757
  0.023238	  0.008924	  0.008160	  0.014028	  0.077658	  0.093251	  0.097653	  0.126745	  0.138839	  0.182001	  0.068244	  0.226681	  0.168680	  0.228880	  0.108087	  0.053527	  0.104124
  0.020137	  0.024440	  0.002011	  0.037312	  0.113398	  0.099996	  0.112051	  0.113457	  0.114488	  0.160421	  0.064864	  0.233271	  0.139476	  0.221968	  0.061382	  0.022289	  0.084930
  0.011328	  0.025938	  0.011750	  0.030988	  0.102021	  0.112960	  0.130031	  0.137686	  0.103771	  0.151884	  0.049057	  0.200909	  0.131207	  0.182136	  0.013000	  0.001155	  0.072875
  0.018600	 -0.016799	  0.002357	  0.034005	  0.063057	  0.080312	  0.125867	  0.133043	  0.102314	  0.127034	  0.017198	  0.162209	  0.113742	  0.126618	 -0.017942	 -0.027087	  0.058032
  0.032388	 -0.040431	  0.002871	  0.033600	  0.049127	  0.095450	  0.148970	  0.122595	  0.142596	  0.117129	  0.012412	  0.130192	  0.113982	  0.107894	 -0.021161	 -0.081458	  0.052842
  0.044158	 -0.061755	  0.023073	  0.039209	  0.020062	  0.096506	  0.129007	  0.091059	  0.104535	  0.115071	 -0.013267	  0.120253	  0.082741	  0.070600	 -0.011548	 -0.076698	  0.043014
  0.065213	 -0.056352	  0.002920	  0.063249	  0.045600	  0.075000	  0.101615	  0.064324	  0.094750	  0.098296	 -0.026428	  0.101812	  0.048251	  0.035478	 -0.008160	 -0.062379	  0.018420
  0.073399	 -0.057276	 -0.011355	  0.064899	  0.094713	  0.050686	  0.089471	  0.046600	  0.081797	  0.064740	 -0.016929	  0.066549	  0.009784	  0.029035	 -0.017975	 -0.047590	  0.013887
  0.097893	 -0.057056	 -0.036243	  0.055305	  0.088261	  0.081411	  0.082851	  0.046273	  0.060398	  0.059354	 -0.033519	  0.032072	 -0.044129	 -0.001295	 -0.029360	 -0.024205	  0.013786
  0.118130	 -0.052872	 -0.012425	  0.030566	  0.082090	  0.112633	  0.076665	  0.041261	  0.070807	  0.079102	 -0.023707	  0.009613	 -0.069457	  0.002715	 -0.021142	 -0.002028	 -0.028802
  0.115951	 -0.043660	  0.028815	  0.040262	  0.086350	  0.070696	  0.068697	 -0.005076	  0.058427	  0.057157	 -0.026408	  0.016261	 -0.087776	 -0.002266	 -0.029604	  0.011140	 -0.043469
  0.098151	 -0.052596	  0.055915	  0.058332	  0.089239	  0.028854	  0.052093	 -0.029572	  0.048279	  0.023183	 -0.037912	  0.013096	 -0.097480	 -0.024774	 -0.003305	  0.043156	 -0.004085
  0.132589	 -0.075351	  0.082745	  0.063282	  0.051484	  0.000978	  0.033698	 -0.054193	  0.050800	 -0.015569	 -0.029990	 -0.006819	 -0.130135	 -0.032208	  0.003316	  0.085902	  0.056738
  0.112828	 -0.072971	  0.080465	  0.069126	  0.017551	  0.010696	  0.035484	 -0.051135	  0.039773	 -0.029993	 -0.030872	  0.031137	 -0.120541	 -0.013656	  0.026850	  0.131771	  0.119288
  0.109242	 -0.037870	  0.082279	  0.096707	  0.006537	  0.005070	  0.034836	 -0.057542	  0.046369	 -0.000543	 -0.040082	  0.043986	 -0.108255	  0.006985	  0.067041	  0.123261	  0.150264
  0.113648	 -0.007729	  0.051398	  0.097873	 -0.002360	 -0.027597	  0.031170	 -0.050275	  0.037235	  0.005927	 -0.050426	  0.031680	 -0.076280	  0.028633	  0.087204	  0.107343	  0.176712
  0.102934	 -0.012179	  0.030679	  0.123409	  0.002466	 -0.049456	  0.017084	 -0.025726	  0.052445	  0.026713	 -0.036064	 -0.002325	 -0.053043	  0.067039	  0.102198	  0.116101	  0.211428
  0.074499	  0.021695	  0.034937	  0.147513	  0.009185	 -0.070764	 -0.006580	 -0.037048	  0.072263	  0.023114	 -0.012533	  0.030327	 -0.032899	  0.083980	  0.117427	  0.123703	  0.240797
  0.068129	  0.007759	  0.052937	  0.167104	  0.002438	 -0.055747	 -0.009435	 -0.040714	  0.073122	  0.016304	  0.008003	  0.059213	 -0.029500	  0.103032	  0.133290	  0.133639	  0.273108
  0.070805	  0.029490	  0.063232	  0.144818	  0.002103	 -0.036744	 -0.014583	 -0.030539	  0.061629	  0.005360	  0.011567	  0.059616	 -0.009623	  0.113300	  0.120018	  0.151140	  0.298714
  0.071337	  0.018709	  0.081964	  0.105112	 -0.007893	 -0.025101	 -0.013953	 -0.048804	  0.091435	 -0.015355	  0.052027	  0.081231	  0.025640	  0.097058	  0.127748	  0.168505	  0.314286
  0.094961	  0.020159	  0.084944	  0.112735	  0.011687	 -0.019673	  0.001347	 -0.057502	  0.091554	 -0.034483	  0.107654	  0.062492	  0.011415	  0.095477	  0.152602	  0.198240	  0.312766
  0.116758	  0.050640	  0.076734	  0.108162	  0.031738	  0.003292	  0.023297	 -0.033957	  0.107683	 -0.015156	  0.129974	  0.053132	 -0.020312	  0.100024	  0.187126	  0.211020	  0.305770
  0.124672	  0.067164	  0.039918	  0.102714	  0.011945	  0.014379	  0.029433	  0.013063	  0.146697	  0.019914	  0.144916	  0.061095	 -0.051344	  0.104762	  0.222535	  0.221887	  0.305646
  0.122727	  0.066242	  0.027215	  0.062024	  0.012295	 -0.012934	  0.020732	  0.039284	  0.161547	  0.024736	  0.140781	  0.101050	 -0.047327	  0.121925	  0.209793	  0.222590	  0.284798
  0.119405	  0.037623	  0.025061	  0.060044	  0.033823	 -0.001098	  0.020878	  0.049210	  0.166313	  0.047960	  0.121964	  0.111570	 -0.034040	  0.109641	  0.209290	  0.216587	  0.295514
  0.138678	  0.011113	 -0.003531	  0.087986	  0.022988	 -0.010576	  0.033614	  0.068333	  0.161144	  0.068565	  0.103971	  0.111232	 -0.000596	  0.116656	  0.197004	  0.204424	  0.316214
  0.153357	  0.035962	 -0.004576	  0.062483	  0.024142	  0.009212	  0.062644	  0.049203	  0.164404	  0.070237	  0.111704	  0.128091	  0.003785	  0.129850	  0.157834	  0.167931	  0.294927
  0.168870	  0.051177	  0.003037	  0.042627	  0.026444	  0.026150	  0.057304	  0.042428	  0.166722	  0.049011	  0.103501	  0.132027	  0.023685	  0.139761	  0.111305	  0.153980	  0.263654
  0.136140	  0.050459	  0.006115	  0.032167	  0.010694	  0.044171	  0.056003	  0.074924	  0.167634	  0.066268	  0.088061	  0.136971	  0.029543	  0.134877	  0.107134	  0.132450	  0.253567
  0.141163	  0.072801	  0.014222	  0.033163	  0.028025	  0.045650	  0.043580	  0.103631	  0.164322	  0.051114	  0.075435	  0.151535	  0.029747	  0.137936	  0.093954	  0.113439	  0.227171
  0.165355	  0.060294	 -0.002128	  0.052901	  0.048215	  0.031687	  0.042262	  0.120452	  0.153646	  0.077067	  0.063603	  0.186779	  0.035189	  0.120906	  0.102873	  0.085327	  0.163738
  0.143576	  0.047729	 -0.012164	  0.037840	  0.037983	  0.070337	  0.022172	  0.105296	  0.157267	  0.098795	  0.067810	  0.192226	  0.058886	  0.111544	  0.083387	  0.079140	  0.123307
  0.125748	  0.039168	 -0.030312	  0.043855	  0.029714	  0.092236	  0.032815	  0.111732	  0.155811	  0.118705	  0.072819	  0.156368	  0.036094	  0.090113	  0.087231	  0.045474	  0.092742
  0.147172	 -0.002436	 -0.021595	  0.065201	  0.010158	  0.111558	  0.030884	  0.109508	  0.138004	  0.156027	  0.059973	  0.144880	  0.029426	  0.072424	  0.069351	  0.050024	  0.055514
  0.156119	  0.009381	  0.009297	  0.062785	  0.025572	  0.109303	  0.046866	  0.139065	  0.133456	  0.152666	  0.066993	  0.151570	  0.032969	  0.073563	  0.044212	  0.048952	  0.059040
  0.138907	  0.014006	  0.018461	  0.080086	  0.027902	  0.119424	  0.082225	  0.145004	  0.151868	  0.136587	  0.043298	  0.184109	  0.032288	  0.045028	  0.023831	  0.041423	  0.103222
  0.125005	  0.021301	  0.030674	  0.089974	  0.042896	  0.123811	  0.094768	  0.125974	  0.164237	  0.147221	  0.048110	  0.165381	  0.029028	  0.046819	 -0.001794	  0.059894	  0.097552
  0.106920	  0.016218	  0.028554	  0.084675	  0.044562	  0.113945	  0.092887	  0.136002	  0.162868	  0.151798	  0.055065	  0.165865	 -0.004797	  0.038804	  0.010391	  0.072704	  0.100067
  0.118573	 -0.015301	  0.018200	  0.084506	  0.025840	  0.122654	  0.080634	  0.168447	  0.151850	  0.153964	  0.030358	  0.137066	 -0.015811	  0.015279	  0.021801	  0.095446	  0.114391
  0.123071	 -0.013974	  0.039721	  0.068878	  0.046142	  0.100784	  0.084497	  0.133263	  0.155982	  0.158957	  0.024742	  0.100104	 -0.025638	  0.015897	  0.018194	  0.120088	  0.133754
  0.086703	  0.027621	  0.045043	  0.054054	  0.073698	  0.085743	  0.079033	  0.102070	  0.171120	  0.153401	  0.035139	  0.080603	 -0.019326	  0.034443	  0.019674	  0.131141	  0.162733
  0.063898	 -0.013245	  0.029724	  0.068282	  0.065103	  0.104460	  0.077436	  0.077469	  0.160242	  0.155637	  0.023016	  0.057826	 -0.008490	  0.016604	  0.031808	  0.112478	  0.198824
  0.064965	 -0.028128	  0.009076	  0.081299	  0.031616	  0.103119	  0.091306	  0.057809	  0.170743	  0.125442	  0.007388	  0.043575	  0.005613	  0.005569	  0.045267	  0.106934	  0.230248
  0.073321	 -0.015075	 -0.000017	  0.063860	  0.040276	  0.087359	  0.079109	  0.073562	  0.161325	  0.112773	  0.002574	  0.055376	  0.001908	  0.018969	  0.068646	  0.111691	  0.248965
  0.081434	 -0.021745	 -0.000506	  0.063246	  0.055266	  0.104186	  0.060857	  0.084044	  0.161892	  0.127381	  0.019291	  0.056832	  0.018346	  0.019278	  0.086581	  0.142333	  0.255687
  0.092174	  0.001966	 -0.012268	  0.067486	  0.048791	  0.113382	  0.063099	  0.077059	  0.143307	  0.143902	  0.036492	  0.038352	  0.021588	  0.041621	  0.079951	  0.162352	  0.240248
  0.075494	  0.019972	 -0.015848	  0.047980	  0.039782	  0.110078	  0.075880	  0.098870	  0.145795	  0.133717	  0.068203	  0.026875	  0.043103	  0.071498	  0.070287	  0.156385	  0.227354
  0.045206	  0.037287	 -0.001538	  0.029617	  0.023902	  0.097992	  0.105601	  0.124946	  0.145929	  0.125702	  0.070728	  0.036061	  0.049228	  0.045249	  0.045632	  0.153023	  0.232640
  0.031391	  0.060889	  0.004477	  0.011133	  0.034698	  0.079643	  0.099964	  0.135705	  0.134938	  0.121947	  0.070491	  0.068907	  0.062323	  0.039728	  0.057216	  0.156329	  0.248948
  0.043820	  0.101772	 -0.003034	  0.000103	  0.038397	  0.068973	  0.112623	  0.150938	  0.123439	  0.094749	  0.062818	  0.057735	  0.077074	  0.075912	  0.104738	  0.177052	  0.252372
  0.047461	  0.101966	 -0.012033	 -0.008250	  0.051649	  0.080174	  0.100843	  0.148959	  0.119590	  0.084787	  0.062263	  0.072902	  0.046211	  0.111819	  0.156829	  0.177590	  0.231454
  0.040529	  0.120769	 -0.000739	 -0.003947	  0.070927	  0.074539	  0.076991	  0.165230	  0.123010	  0.084735	  0.047594	  0.085084	  0.039266	  0.148688	  0.192873	  0.163066	  0.228593
  0.044309	  0.117921	 -0.004171	  0.020902	  0.080286	  0.060603	  0.060776	  0.168188	  0.130354	  0.070786	  0.042062	  0.092179	  0.054394	  0.140169	  0.236332	  0.178053	  0.217645
  0.046673	  0.100133	  0.003197	  0.045125	  0.071113	  0.077065	  0.039387	  0.151560	  0.161382	  0.080794	  0.037077	  0.103749	  0.064514	  0.144179	  0.220823	  0.194933	  0.235185
  0.057221	  0.092243	  0.027852	  0.080766	  0.062766	  0.126453	  0.017234	  0.120705	  0.183660	  0.101524	  0.044429	  0.105699	  0.079120	  0.178009	  0.219427	  0.187617	  0.246119
  0.077305	  0.077668	  0.055039	  0.068962	  0.041709	  0.141013	  0.008372	  0.123191	  0.181683	  0.077985	  0.027025	  0.118857	  0.087743	  0.209175	  0.253205	  0.206221	  0.237001
  0.061453	  0.081403	  0.045688	  0.065339	  0.042438	  0.125229	  0.022703	  0.114624	  0.173988	  0.069671	  0.027155	  0.114889	  0.101435	  0.233513	  0.289772	  0.196238	  0.253645
  0.037406	  0.084280	  0.032913	  0.066815	  0.038971	  0.120824	  0.020322	  0.096474	  0.135909	  0.071677	  0.063797	  0.134635	  0.137040	  0.253312	  0.293300	  0.185078	  0.262507
  0.058450	  0.083012	  0.040011	  0.083179	  0.039143	  0.119645	  0.045734	  0.079042	  0.120220	  0.071932	  0.051008	  0.170482	  0.169260	  0.263075	  0.257051	  0.209965	  0.288581
  0.069563	  0.078751	  0.025224	  0.091279	  0.054338	  0.119890	  0.041558	  0.091726	  0.130740	  0.089982	  0.056879	  0.176549	  0.178265	  0.247319	  0.241496	  0.224364	  0.336285
  0.048281	  0.093090	  0.036274	  0.070106	  0.063143	  0.132018	  0.032679	  0.084638	  0.152717	  0.096438	  0.067045	  0.157779	  0.196763	  0.234064	  0.223533	  0.272230	  0.393681
  0.037270	  0.087020	  0.068497	  0.070709	  0.056189	  0.147318	  0.031339	  0.085849	  0.173791	  0.091660	  0.052000	  0.160027	  0.206174	  0.238339	  0.249297	  0.309069	  0.422953
  0.024650	  0.069914	  0.060091	  0.074785	  0.053536	  0.155949	  0.030346	  0.085042	  0.150610	  0.087823	  0.074228	  0.191990	  0.200856	  0.247955	  0.263670	  0.309477	  0.394821
  0.012269	  0.044542	  0.072699	  0.078852	  0.059168	  0.141999	  0.043277	  0.102028	  0.133495	  0.082857	  0.091115	  0.176255	  0.193942	  0.235119	  0.288346	  0.343477	  0.394200
  0.039212	  0.041671	  0.043363	  0.056675	  0.073259	  0.132189	  0.038799	  0.123585	  0.133316	  0.106217	  0.100091	  0.201055	  0.182745	  0.242121	  0.282601	  0.371514	  0.410410
  0.068465	  0.044415	  0.035380	  0.055610	  0.069836	  0.126350	  0.048689	  0.149988	  0.141783	  0.104179	  0.085918	  0.223876	  0.162876	  0.246248	  0.242760	  0.369705	  0.413810
  0.097083	  0.030785	  0.061101	  0.058122	  0.067629	  0.127504	  0.049939	  0.143592	  0.136874	  0.112526	  0.098437	  0.234992	  0.162661	  0.255099	  0.242165	  0.382292	  0.419593
  0.097848	  0.036367	  0.077339	  0.074839	  0.071255	  0.148601	  0.082088	  0.141595	  0.161278	  0.130279	  0.100522	  0.225745	  0.169325	  0.276144	  0.262266	  0.408910	  0.403323
  0.101780	  0.060989	  0.108107	  0.092789	  0.048262	  0.169866	  0.095294	  0.143236	  0.160077	  0.160583	  0.080689	  0.218374	  0.172989	  0.310977	  0.267528	  0.385633	  0.393151
  0.091699	  0.071469	  0.117509	  0.082825	  0.053525	  0.167519	  0.083420	  0.172261	  0.157936	  0.151477	  0.055633	  0.221634	  0.179316	  0.332417	  0.279480	  0.377821	  0.364223
  0.089939	  0.068815	  0.118644	  0.084061	  0.057149	  0.146310	  0.090775	  0.180377	  0.155049	  0.159430	  0.030288	  0.189076	  0.175487	  0.329505	  0.284024	  0.368593	  0.344892
  0.111439	  0.059689	  0.084767	  0.096590	  0.083691	  0.151210	  0.095663	  0.143667	  0.129215	  0.125780	  0.042647	  0.200997	  0.181403	  0.329626	  0.268137	  0.367788	  0.344349
  0.112455	  0.071350	  0.057065	  0.095225	  0.080162	  0.150745	  0.101278	  0.109420	  0.114173	  0.111923	  0.104194	  0.210612	  0.189572	  0.318341	  0.275199	  0.341535	  0.350128
  0.083319	  0.063130	  0.072939	  0.101360	  0.089653	  0.141468	  0.096305	  0.136330	  0.108910	  0.110930	  0.142523	  0.190096	  0.201563	  0.307471	  0.293503	  0.331704	  0.326796
  0.103593	  0.062902	  0.110050	  0.111725	  0.111923	  0.122910	  0.123109	  0.175928	  0.121258	  0.135710	  0.122476	  0.195945	  0.179412	  0.306823	  0.311622	  0.337873	  0.286133
  0.138971	  0.069153	  0.133941	  0.149917	  0.115423	  0.096266	  0.150110	  0.198797	  0.121207	  0.111809	  0.103162	  0.193290	  0.181914	  0.282635	  0.305391	  0.343962	  0.261888
  0.149920	  0.077066	  0.151458	  0.172642	  0.128093	  0.104223	  0.157384	  0.194304	  0.128391	  0.088735	  0.122166	  0.173548	  0.172684	  0.281672	  0.292344	  0.320347	  0.262783
  0.120742	  0.126589	  0.150593	  0.152671	  0.120172	  0.090988	  0.167971	  0.164100	  0.148738	  0.098375	  0.123809	  0.160395	  0.182643	  0.264072	  0.274644	  0.308135	  0.286174
  0.115714	  0.127808	  0.130157	  0.129036	  0.131796	  0.076006	  0.197958	  0.137415	  0.179872	  0.116809	  0.098522	  0.168852	  0.186986	  0.258417	  0.271671	  0.295395	  0.287369
  0.115087	  0.126950	  0.106648	  0.123365	  0.158854	  0.087079	  0.193407	  0.159642	  0.177508	  0.133413	  0.083222	  0.157032	  0.167450	  0.250765	  0.302411	  0.310223	  0.270310
  0.117039	  0.155499	  0.077157	  0.112846	  0.158680	  0.085954	  0.162404	  0.195715	  0.184247	  0.111506	  0.046974	  0.145645	  0.150278	  0.239809	  0.297298	  0.293160	  0.301529
  0.135811	  0.125045	  0.090405	  0.107357	  0.137881	  0.061729	  0.152749	  0.195922	  0.184713	  0.118197	  0.074203	  0.128271	  0.121645	  0.247957	  0.291830	  0.301118	  0.323029
  0.125006	  0.116881	  0.083126	  0.102983	  0.156390	  0.059630	  0.144467	  0.211337	  0.188347	  0.128208	  0.105664	  0.126660	  0.117199	  0.257677	  0.292326	  0.326596	  0.307537
  0.123352	  0.141002	  0.103319	  0.100805	  0.186449	  0.053365	  0.147722	  0.200905	  0.187686	  0.128651	  0.109257	  0.131902	  0.121224	  0.272365	  0.282749	  0.317188	  0.305857
  0.110353	  0.154575	  0.135559	  0.043541	  0.172911	  0.056533	  0.157702	  0.180739	  0.196680	  0.127731	  0.102640	  0.134602	  0.110805	  0.271255	  0.270638	  0.283741	  0.308092
  0.068692	  0.152005	  0.129102	  0.041860	  0.171266	  0.047382	  0.170816	  0.177293	  0.197084	  0.122672	  0.123795	  0.133681	  0.105653	  0.230007	  0.280287	  0.290520	  0.305048
  0.049739	  0.143260	  0.129664	  0.052986	  0.143498	  0.046117	  0.175678	  0.172091	  0.188001	  0.118345	  0.125694	  0.116617	  0.104841	  0.221718	  0.253921	  0.273016	  0.311829
  0.051461	  0.102628	  0.126028	  0.064066	  0.136959	  0.081319	  0.151395	  0.175849	  0.187741	  0.119477	  0.121811	  0.101642	  0.125985	  0.199771	  0.231708	  0.263757	  0.327005
  0.043013	  0.102398	  0.126894	  0.064973	  0.125349	  0.102937	  0.125577	  0.176267	  0.158204	  0.113198	  0.127608	  0.085115	  0.140347	  0.188854	  0.223885	  0.249516	  0.318051
  0.045379	  0.113148	  0.144547	  0.077305	  0.112635	  0.083339	  0.103296	  0.175629	  0.156753	  0.110267	  0.154005	  0.101585	  0.152455	  0.160830	  0.214992	  0.216607	  0.315171
  0.059415	  0.109031	  0.154092	  0.093590	  0.087650	  0.070903	  0.092981	  0.166874	  0.160263	  0.112973	  0.156446	  0.082901	  0.153621	  0.181465	  0.203777	  0.230406	  0.330407
  0.042074	  0.137062	  0.145913	  0.074250	  0.095477	  0.056843	  0.120186	  0.146067	  0.166747	  0.107245	  0.143708	  0.088335	  0.151933	  0.187188	  0.191861	  0.218147	  0.284888
  0.048924	  0.157339	  0.125079	  0.068571	  0.121869	  0.068246	  0.121293	  0.130202	  0.143189	  0.118970	  0.140247	  0.060375	  0.149312	  0.177541	  0.188442	  0.192366	  0.239888
  0.059751	  0.126656	  0.152808	  0.062315	  0.128150	  0.057406	  0.137711	  0.108730	  0.127641	  0.154782	  0.150880	  0.053261	  0.136894	  0.182201	  0.193973	  0.169559	  0.230147
 -0.014539	 -0.036165	  0.048036	 -0.075297	  0.024528	 -0.028606	 -0.060646	 -0.005513	 -0.063585	  0.049076	  0.043151	 -0.043332	 -0.041910	 -0.017169	  0.004439	 -0.009755	  0.038977
 -0.021332	 -0.041041	  0.041398	 -0.051630	  0.027200	 -0.031507	 -0.056064	  0.016124	 -0.034696	  0.061582	  0.025120	 -0.038666	 -0.020950	  0.001166	 -0.007613	 -0.049046	  0.036305
 -0.035225	 -0.054886	  0.032835	 -0.038638	  0.015432	  0.013705	 -0.067397	  0.017240	 -0.021268	  0.022635	  0.028029	 -0.040918	 -0.010491	  0.026678	 -0.021612	 -0.051493	  0.036307
 -0.019518	 -0.057989	  0.041415	 -0.031516	 -0.006294	  0.023807	 -0.048469	  0.015137	 -0.005059	  0.009654	  0.015891	 -0.012429	 -0.027478	  0.053421	 -0.007338	 -0.029481	  0.042446
 -0.021688	 -0.028479	 -0.003970	 -0.031210	  0.009918	  0.034533	 -0.041628	  0.002884	  0.004326	  0.002498	  0.018857	  0.014881	 -0.041372	  0.052062	  0.008563	 -0.019543	  0.036942
 -0.012432	 -0.014156	 -0.001168	 -0.023960	 -0.001955	  0.042450	 -0.045271	  0.016505	  0.010724	  0.015579	  0.013945	  0.011145	  0.002813	  0.019364	  0.008634	 -0.006424	 -0.003671
  0.009226	 -0.035057	  0.027008	 -0.025850	 -0.013631	  0.031426	 -0.003643	  0.012564	 -0.000175	  0.031312	 -0.011136	  0.016570	  0.018364	 -0.001072	 -0.030975	 -0.015321	 -0.057120
  0.006004	 -0.015681	  0.038803	 -0.012580	 -0.008010	  0.003068	  0.014012	 -0.019441	 -0.009914	  0.011733	 -0.025863	  0.017590	  0.018810	  0.017252	 -0.002400	  0.027565	  0.023339
 -0.008238	  0.005700	  0.028888	 -0.009530	 -0.002147	 -0.007898	  0.051836	 -0.032440	 -0.031647	  0.018713	 -0.007723	  0.030005	  0.017312	  0.017096	  0.018320	  0.085167	  0.044618
 -0.004398	 -0.018979	  0.011125	 -0.016566	 -0.003891	 -0.019008	  0.054467	 -0.010513	 -0.046774	  0.025810	  0.002711	  0.014866	 -0.020643	 -0.015146	 -0.011715	 -0.057026	 -0.154947
 -0.017970	 -0.002492	 -0.017511	  0.009306	 -0.018158	 -0.031157	  0.032524	  0.007203	 -0.020849	  0.026984	  0.010597	  0.024844	 -0.001876	  0.043593	  0.053765	  0.064800	  0.087143
 -0.025533	  0.053043	 -0.034084	  0.014000	 -0.013040	 -0.004123	  0.041435	  0.010713	 -0.010170	  0.005562	  0.013223	  0.024659	  0.026108	  0.058543	  0.080878	  0.135861	  0.179365
 -0.008721	  0.039529	 -0.032554	  0.008697	 -0.024073	  0.033906	  0.044006	  0.015243	  0.006138	 -0.041738	 -0.001443	 -0.014825	 -0.028609	 -0.043011	 -0.077313	 -0.138292	 -0.288991
 -0.004504	  0.026832	 -0.038130	  0.008041	 -0.005391	  0.020985	  0.046974	  0.020139	  0.001926	 -0.044434	 -0.006578	  0.010708	  0.026043	  0.008076	  0.019095	  0.065021	  0.020914
 -0.008375	  0.034482	 -0.046932	  0.041461	  0.006844	 -0.002641	  0.038070	  0.006295	  0.014284	 -0.012035	 -0.001310	  0.028213	  0.052329	  0.050330	  0.094706	  0.211929	  0.290181
  0.001397	  0.022730	 -0.042830	  0.036341	  0.001151	 -0.041749	  0.002718	 -0.028649	  0.030499	 -0.010170	 -0.025901	 -0.013862	 -0.019668	 -0.090116	 -0.092332	 -0.164626	 -0.294643
  0.045584	  0.042040	 -0.035778	  0.039108	  0.007670	 -0.044720	 -0.015280	 -0.029649	  0.047800	 -0.033302	 -0.028307	 -0.012760	  0.011156	 -0.065399	 -0.026738	 -0.039315	 -0.056837
  0.044048	  0.021342	 -0.030383	  0.034947	  0.007206	 -0.023870	 -0.001261	 -0.014988	  0.055128	 -0.040702	 -0.009739	  0.017802	  0.060802	  0.053387	  0.136174	  0.238982	  0.392780
  0.046027	  0.027312	 -0.004125	  0.054382	 -0.009436	  0.009840	 -0.003911	  0.005338	  0.037140	 -0.048513	 -0.022650	 -0.016349	 -0.010935	 -0.096981	 -0.082776	 -0.147295	 -0.222091
  0.050185	  0.031915	  0.017957	  0.070494	  0.006078	  0.021558	  0.017529	 -0.004193	  0.036171	 -0.050245	 -0.030872	 -0.018141	 -0.009806	 -0.072074	 -0.063762	 -0.101706	 -0.151018
  0.053938	  0.009329	  0.030813	  0.055608	  0.016211	  0.012661	  0.020730	 -0.003491	  0.026828	 -0.030211	  0.019021	  0.015145	  0.056607	  0.080440	  0.165364	  0.267840	  0.395140
  0.072852	  0.037885	  0.024684	  0.041237	  0.015555	 -0.017662	  0.017965	 -0.016361	  0.014758	 -0.049619	  0.017901	 -0.027798	 -0.031093	 -0.061146	 -0.045840	 -0.066223	 -0.158248
  0.079348	  0.029804	  0.042480	  0.049197	  0.029291	 -0.025502	  0.018083	 -0.016951	  0.012082	 -0.058886	 -0.024316	 -0.047300	 -0.062485	 -0.098976	 -0.056559	 -0.131878	 -0.267191
  0.096220	  0.015251	  0.039328	  0.044298	  0.014203	  0.003635	  0.019186	  0.004018	  0.026532	 -0.055632	  0.003163	  0.025068	  0.034532	  0.084003	  0.205175	  0.269708	  0.340804
  0.101959	 -0.013294	  0.028881	  0.059901	  0.006193	 -0.014924	  0.008173	  0.018523	  0.022448	 -0.089914	 -0.005410	 -0.016481	 -0.040619	 -0.020777	 -0.000215	 -0.023377	 -0.135076
  0.102774	 -0.028368	  0.025935	  0.083379	 -0.001878	 -0.002105	 -0.004194	 -0.000717	  0.035040	 -0.085004	 -0.003628	 -0.051924	 -0.088749	 -0.121376	 -0.088258	 -0.212849	 -0.374508
  0.077602	 -0.049733	  0.027357	  0.074073	 -0.013636	 -0.000845	  0.034411	 -0.013481	  0.056487	 -0.048771	  0.050058	  0.014432	  0.022915	  0.068095	  0.183014	  0.227146	  0.290301
  0.073098	 -0.050288	  0.021040	  0.059725	 -0.002898	  0.014587	  0.038854	 -0.023638	  0.039289	 -0.044451	  0.042294	 -0.018750	  0.003345	 -0.001716	  0.064467	 -0.005565	 -0.027428
  0.078876	 -0.072082	  0.016507	  0.031367	  0.024406	 -0.000835	  0.026787	 -0.036138	 -0.005755	 -0.052304	  0.007206	 -0.091726	 -0.052780	 -0.102900	 -0.097743	 -0.284976	 -0.396289
  0.049791	 -0.071841	  0.046792	  0.015722	  0.043301	 -0.020973	  0.022233	 -0.023799	  0.000494	 -0.029198	  0.012070	 -0.046826	  0.064260	  0.055270	  0.181482	  0.154245	  0.248158
  0.051512	 -0.038148	  0.061416	  0.003546	  0.027536	 -0.024524	 -0.005127	 -0.023183	 -0.011950	 -0.037082	  0.006200	 -0.019968	  0.046180	  0.021023	  0.115482	  0.046211	  0.095619
  0.053082	 -0.060395	  0.059935	  0.013390	  0.015583	 -0.023944	 -0.005817	 -0.028004	 -0.014868	 -0.056701	 -0.034393	 -0.085157	 -0.031291	 -0.107329	 -0.089558	 -0.299941	 -0.394690
  0.046426	 -0.074824	  0.058286	  0.027485	  0.012140	 -0.023817	  0.005451	 -0.034291	  0.003442	 -0.012685	  0.010460	 -0.069524	  0.062942	  0.044115	  0.159197	  0.104795	  0.228815
  0.004361	 -0.088726	  0.034307	  0.023967	 -0.000250	 -0.019748	  0.013535	 -0.040239	 -0.000376	 -0.005016	  0.003313	 -0.073630	  0.047487	  0.044080	  0.171096	  0.101820	  0.253380
  0.024093	 -0.094688	  0.004809	  0.012186	 -0.041119	 -0.010445	  0.002869	 -0.030232	 -0.015067	 -0.014782	 -0.041089	 -0.125977	 -0.064702	 -0.100252	 -0.070333	 -0.296421	 -0.320760
  0.057056	 -0.070828	  0.011543	  0.037255	 -0.029255	 -0.000589	 -0.032150	  0.013402	 -0.026826	  0.011417	  0.008339	 -0.082853	  0.014588	  0.058246	  0.134898	  0.048479	  0.193573
  0.041188	 -0.033719	  0.048333	  0.067752	 -0.004343	 -0.027102	 -0.025269	 -0.005887	 -0.006650	  0.022316	  0.022862	 -0.038348	  0.063759	  0.106711	  0.200545	  0.143499	  0.327748
  0.044699	 -0.035226	  0.059321	  0.067314	  0.033356	 -0.051179	 -0.016984	 -0.022268	 -0.038077	  0.011027	  0.016159	 -0.086372	 -0.045093	 -0.113657	 -0.121374	 -0.270188	 -0.338647
  0.018187	 -0.066017	  0.073205	  0.056645	  0.072511	 -0.044907	 -0.007863	  0.004559	 -0.044958	 -0.009694	  0.006965	 -0.083009	 -0.007532	 -0.038651	  0.032199	 -0.004456	  0.049586
 -0.001218	 -0.084924	  0.062903	  0.052633	  0.049760	 -0.051951	  0.001812	 -0.001897	 -0.060678	 -0.039850	  0.024165	 -0.084602	  0.044695	  0.039954	  0.184334	  0.211249	  0.372864
 -0.006964	 -0.085925	  0.052167	  0.041146	  0.044598	 -0.026823	 -0.010712	 -0.007361	 -0.102256	 -0.072597	 -0.001530	 -0.148848	 -0.056843	 -0.118051	 -0.105801	 -0.229044	 -0.315635
 -0.005692	 -0.064689	  0.063464	  0.038118	  0.060609	 -0.035462	 -0.017310	 -0.032154	 -0.096676	 -0.049540	 -0.001665	 -0.128595	 -0.023514	 -0.040420	  0.007502	 -0.082936	 -0.100678
 -0.005399	 -0.087608	  0.037013	  0.024893	  0.065963	 -0.049482	 -0.030502	 -0.010059	 -0.053993	 -0.053081	  0.051890	 -0.060263	  0.051378	  0.103216	  0.254333	  0.211307	  0.362120
  0.001585	 -0.099317	 -0.006486	  0.026790	  0.076351	 -0.042264	 -0.023384	 -0.003757	 -0.028200	 -0.054447	  0.026566	 -0.082333	 -0.039405	 -0.041695	 -0.036316	 -0.201883	 -0.295682
  0.027458	 -0.094666	 -0.026171	  0.035170	  0.047590	 -0.059477	 -0.033013	  0.013687	 -0.006056	 -0.051315	  0.043460	 -0.057862	 -0.027001	 -0.002941	 -0.035016	 -0.132864	 -0.223986
  0.050733	 -0.123864	 -0.023550	  0.025781	  0.022723	 -0.072817	 -0.032704	  0.025367	 -0.013133	 -0.018776	  0.074442	 -0.029179	  0.080782	  0.157627	  0.189438	  0.270312	  0.354116
  0.050786	 -0.122022	 -0.016728	  0.018188	  0.013682	 -0.060074	 -0.012181	  0.005881	 -0.033112	 -0.017804	  0.062463	 -0.098735	 -0.000828	 -0.000260	 -0.061746	 -0.092105	 -0.229606
  0.040462	 -0.107630	 -0.021579	  0.012366	  0.000048	 -0.066427	 -0.007850	 -0.030061	 -0.021530	 -0.042258	  0.063034	 -0.085240	 -0.032512	 -0.040606	 -0.105678	 -0.146679	 -0.304494
  0.029455	 -0.112228	 -0.036804	  0.007401	  0.006607	 -0.077305	  0.001611	 -0.037122	  0.009275	 -0.037313	  0.085658	 -0.019486	  0.056256	  0.121361	  0.154693	  0.296189	  0.359974
  0.041161	 -0.093458	 -0.015753	 -0.025463	 -0.006664	 -0.068588	 -0.000304	 -0.041344	 -0.000843	 -0.044021	  0.080852	 -0.082101	 -0.012977	  0.006262	 -0.041385	  0.012835	 -0.093200
  0.051637	 -0.098257	 -0.030727	 -0.049485	  0.020658	 -0.075486	 -0.010161	 -0.041395	 -0.014400	 -0.042868	  0.107924	 -0.103654	 -0.073915	 -0.060861	 -0.123127	 -0.148114	 -0.319819
  0.033174	 -0.085370	 -0.037881	 -0.008532	  0.011964	 -0.084457	  0.010763	 -0.013745	  0.020331	 -0.026464	  0.137722	 -0.019805	  0.027182	  0.128054	  0.199928	  0.325520	  0.379330
  0.015737	 -0.090082	 -0.026510	 -0.001580	 -0.005682	 -0.056475	 -0.007778	  0.005008	  0.021701	 -0.011973	  0.105469	 -0.050439	 -0.017802	  0.053115	  0.062736	  0.110933	  0.070992
  0.016239	 -0.083506	 -0.022901	 -0.012582	 -0.015203	 -0.044387	 -0.026216	 -0.007048	  0.024302	 -0.022719	  0.090967	 -0.080630	 -0.098034	 -0.062044	 -0.138778	 -0.141640	 -0.300181
  0.015114	 -0.056558	 -0.022638	 -0.002148	 -0.003333	 -0.044041	 -0.009334	  0.001085	  0.033743	 -0.014711	  0.085269	 -0.001735	 -0.004809	  0.103036	  0.168651	  0.304437	  0.369581
  0.031902	 -0.085060	 -0.025135	  0.027496	  0.032714	 -0.060178	 -0.006174	  0.015633	 -0.001919	 -0.042421	  0.031421	 -0.030272	 -0.020190	  0.027906	  0.107720	  0.175785	  0.178564
  0.040202	 -0.081543	 -0.010574	  0.028349	  0.048534	 -0.069628	 -0.003277	  0.020996	 -0.034215	 -0.049540	 -0.014160	 -0.119647	 -0.112942	 -0.146594	 -0.153328	 -0.168135	 -0.378698
  0.035597	 -0.077122	 -0.023079	  0.016384	  0.041635	 -0.040465	 -0.020712	  0.032786	 -0.034689	 -0.040714	  0.021829	 -0.069917	 -0.014493	  0.007276	  0.115631	  0.233737	  0.214927
  0.039099	 -0.064950	 -0.003700	  0.015625	  0.061103	 -0.029035	 -0.025901	  0.040304	 -0.051518	 -0.033705	  0.020177	 -0.054521	  0.032930	  0.026524	  0.140919	  0.208023	  0.230809
  0.054841	 -0.048308	  0.021198	 -0.005190	  0.051622	 -0.049983	 -0.015192	  0.049318	 -0.045348	 -0.037477	 -0.020235	 -0.099718	 -0.072934	 -0.144062	 -0.111257	 -0.169693	 -0.342800
  0.045384	 -0.054316	  0.005343	 -0.013752	  0.047198	 -0.063017	  0.009931	  0.047539	 -0.034804	 -0.018223	  0.014162	 -0.070539	  0.006127	  0.005889	  0.114565	  0.186467	  0.183326
  0.062603	 -0.062282	 -0.022090	 -0.025659	  0.026806	 -0.064047	 -0.000909	  0.050790	 -0.037969	  0.042816	  0.017884	 -0.046354	  0.028347	  0.071469	  0.175744	  0.272716	  0.322814
  0.082786	 -0.082591	 -0.042625	 -0.041003	  0.035828	 -0.072188	 -0.002107	  0.032750	 -0.004407	  0.034859	 -0.010549	 -0.103752	 -0.093095	 -0.103166	 -0.118781	 -0.185705	 -0.333164
  0.115858	 -0.094009	 -0.012935	 -0.034830	  0.024725	 -0.096307	  0.013032	  0.022146	 -0.001946	  0.024224	  0.038209	 -0.085357	 -0.016667	  0.017100	  0.054234	  0.087377	  0.074939
  0.104158	 -0.095923	  0.007650	 -0.033914	  0.001305	 -0.092228	  0.023221	  0.004897	  0.011919	  0.002656	  0.058782	 -0.033965	  0.044398	  0.111475	  0.188517	  0.261141	  0.422513
  0.093124	 -0.094305	  0.022510	 -0.028506	  0.028021	 -0.079292	  0.036779	 -0.005515	  0.007764	 -0.018748	  0.043986	 -0.100850	 -0.054032	 -0.067716	 -0.135898	 -0.187778	 -0.255897
  0.113430	 -0.077189	  0.056825	 -0.029096	  0.042844	 -0.080831	  0.063167	 -0.011675	  0.021556	  0.001398	  0.024324	 -0.083752	 -0.004176	 -0.012318	 -0.046789	 -0.000851	 -0.002425
  0.134018	 -0.054102	  0.068849	 -0.042955	  0.061754	 -0.094444	  0.042596	 -0.008906	  0.021937	 -0.005343	  0.019193	 -0.035574	  0.096994	  0.131919	  0.181766	  0.290590	  0.439475
  0.163251	 -0.081405	  0.076947	 -0.025055	  0.053448	 -0.108537	  0.027395	 -0.014817	  0.042498	 -0.053384	 -0.016524	 -0.096131	 -0.026474	 -0.046838	 -0.094724	 -0.129391	 -0.219642
  0.139192	 -0.094089	  0.086438	 -0.018895	  0.067293	 -0.103754	  0.029288	 -0.001361	  0.062502	 -0.053950	 -0.015676	 -0.084021	 -0.055736	 -0.034491	 -0.087345	 -0.057705	 -0.116030
  0.141840	 -0.103447	  0.103100	 -0.001136	  0.060418	 -0.088302	  0.012075	  0.007143	  0.044453	 -0.057551	  0.014731	 -0.050421	  0.023931	  0.139098	  0.144739	  0.337506	  0.463867
  0.147962	 -0.114666	  0.105537	  0.034196	  0.043513	 -0.091960	  0.005304	 -0.000611	  0.016917	 -0.046330	  0.014237	 -0.115141	 -0.059715	 -0.004547	 -0.095370	 -0.059244	 -0.069394
  0.159662	 -0.101378	  0.091811	  0.022574	  0.013124	 -0.078466	  0.000275	  0.000978	  0.021109	 -0.051843	 -0.009141	 -0.109797	 -0.087004	 -0.024978	 -0.094376	 -0.154035	 -0.150023
  0.171225	 -0.094932	  0.093354	  0.001326	  0.015690	 -0.057701	 -0.011738	  0.006346	  0.038659	 -0.057119	  0.034855	 -0.036471	  0.013308	  0.155311	  0.196312	  0.286865	  0.482257
  0.144153	 -0.083239	  0.081517	  0.012511	  0.015863	 -0.057726	 -0.019552	 -0.000303	  0.023913	 -0.084590	  0.023992	 -0.062521	 -0.069054	  0.032110	  0.010591	 -0.012070	  0.002771
  0.129560	 -0.079476	  0.046883	  0.022379	  0.036084	 -0.066970	 -0.032584	 -0.005724	  0.058287	 -0.096455	 -0.001049	 -0.082316	 -0.144393	 -0.040259	 -0.096605	 -0.192400	 -0.248563
  0.141003	 -0.083704	  0.043881	  0.036372	  0.059413	 -0.054688	 -0.017571	 -0.009945	  0.054002	 -0.087182	  0.053400	 -0.013259	 -0.029934	  0.157010	  0.178576	  0.256565	  0.417524
  0.145999	 -0.067023	  0.060167	  0.056615	  0.075708	 -0.058486	 -0.004718	 -0.011019	  0.035854	 -0.102079	  0.035051	 -0.049052	 -0.074554	  0.072363	  0.033973	  0.022809	  0.082746
  0.139337	 -0.074248	  0.056683	  0.055128	  0.070381	 -0.045019	  0.000515	 -0.030972	  0.048015	 -0.129693	  0.030599	 -0.094513	 -0.170186	 -0.025769	 -0.128093	 -0.256878	 -0.309931
  0.143920	 -0.069117	  0.066726	  0.050800	  0.055572	 -0.015618	 -0.000135	 -0.054415	  0.052585	 -0.106379	  0.057272	 -0.051300	 -0.060389	  0.145009	  0.161405	  0.178399	  0.359954
  0.158664	 -0.062921	  0.076860	  0.052818	  0.072385	 -0.015457	  0.004932	 -0.090446	  0.044386	 -0.097328	  0.070552	 -0.052381	 -0.088549	  0.111063	  0.061983	  0.073564	  0.183453
  0.162163	 -0.080097	  0.060427	  0.061526	  0.057737	 -0.045860	  0.011818	 -0.105733	  0.033446	 -0.089806	  0.040439	 -0.096536	 -0.192384	 -0.019546	 -0.147783	 -0.261754	 -0.370265
  0.159012	 -0.070632	  0.077045	  0.080886	  0.056342	 -0.037390	 -0.005010	 -0.100378	  0.029398	 -0.079109	  0.056362	 -0.037933	 -0.107780	  0.116841	  0.122895	  0.129423	  0.230682
  0.156564	 -0.068722	  0.096839	  0.080456	  0.064120	 -0.013652	 -0.001517	 -0.092621	  0.001482	 -0.076642	  0.084256	 -0.030173	 -0.058937	  0.086436	  0.115804	  0.113501	  0.226932
  0.126060	 -0.055580	  0.065019	  0.104153	  0.062889	 -0.018647	 -0.004617	 -0.095086	 -0.008553	 -0.076077	  0.085136	 -0.079475	 -0.164993	 -0.089898	 -0.126565	 -0.287020	 -0.386157
  0.100041	 -0.047137	  0.054218	  0.109882	  0.059182	 -0.033675	 -0.010677	 -0.078148	  0.001256	 -0.054460	  0.130244	 -0.054610	 -0.104827	  0.040574	  0.133661	  0.042937	  0.163748
  0.106466	 -0.048932	  0.049468	  0.077568	  0.049155	 -0.056174	 -0.015840	 -0.078206	  0.023896	 -0.055831	  0.163416	 -0.045791	 -0.060573	  0.097582	  0.199511	  0.135486	  0.328501
  0.109778	 -0.061234	  0.015155	  0.061740	  0.035898	 -0.061517	 -0.040187	 -0.066793	 -0.000686	 -0.058164	  0.138585	 -0.103450	 -0.161660	 -0.068368	 -0.056197	 -0.288162	 -0.331154
  0.096783	 -0.076124	  0.030036	  0.054965	  0.054363	 -0.057154	 -0.022071	 -0.020617	 -0.015273	 -0.033410	  0.127272	 -0.092661	 -0.089605	  0.024524	  0.133707	 -0.009940	  0.103094
  0.101369	 -0.060365	  0.037535	  0.048549	  0.082895	 -0.056929	 -0.028153	 -0.023743	 -0.030355	 -0.026259	  0.162894	 -0.071479	 -0.035928	  0.111744	  0.269366	  0.233798	  0.409199
  0.104841	 -0.060662	  0.025583	  0.048106	  0.109834	 -0.069300	 -0.022282	 -0.042085	 -0.038471	 -0.044244	  0.119946	 -0.131555	 -0.121259	 -0.054204	 -0.029841	 -0.201008	 -0.284558
  0.122451	 -0.065348	  0.025345	  0.039781	  0.111718	 -0.070445	 -0.016399	 -0.019461	 -0.022030	 -0.071643	  0.105822	 -0.067642	 -0.079092	  0.026274	  0.080310	 -0.017226	 -0.055881
  0.118370	 -0.051811	  0.023148	  0.061766	  0.089324	 -0.062976	 -0.045328	 -0.005720	 -0.011050	 -0.047722	  0.147272	 -0.002132	 -0.005529	  0.138841	  0.289196	  0.281016	  0.406077
  0.114337	 -0.072470	  0.053018	  0.093270	  0.117956	 -0.060216	 -0.040614	  0.003938	 -0.033659	 -0.069019	  0.086833	 -0.072690	 -0.078939	 -0.046810	  0.021831	 -0.152980	 -0.233803
  0.116952	 -0.115440	  0.058840	  0.124420	  0.107196	 -0.071518	 -0.023322	  0.032913	 -0.048215	 -0.053422	  0.039117	 -0.089638	 -0.059531	 -0.029278	  0.054677	 -0.093625	 -0.139837
  0.106807	 -0.131824	  0.063069	  0.096936	  0.081544	 -0.097190	 -0.027931	  0.053910	 -0.024105	  0.005177	  0.084468	 -0.047276	  0.027553	  0.118362	  0.255838	  0.297727	  0.428053
  0.119169	 -0.145510	  0.060808	  0.073505	  0.085471	 -0.102275	 -0.003175	  0.052750	 -0.007109	 -0.005760	  0.067632	 -0.062392	 -0.074855	 -0.039733	 -0.021178	 -0.092814	 -0.129700
  0.097353	 -0.144027	  0.080527	  0.082467	  0.083526	 -0.114839	  0.002889	  0.049540	 -0.016148	 -0.005812	  0.047687	 -0.083232	 -0.099950	 -0.034537	 -0.053744	 -0.172954	 -0.196765
  0.089861	 -0.164007	  0.080043	  0.063011	  0.083348	 -0.126885	 -0.003232	  0.050748	  0.007153	  0.000456	  0.068478	 -0.036555	  0.019542	  0.133583	  0.250418	  0.256278	  0.442698
  0.109577	 -0.183741	  0.092228	  0.059396	  0.077398	 -0.110427	 -0.020492	  0.049587	  0.051934	  0.005788	  0.040040	 -0.086469	 -0.052500	 -0.009034	  0.055099	 -0.023673	 -0.039247
  0.108775	 -0.147789	  0.091899	  0.070594	  0.081355	 -0.076462	 -0.022026	  0.030244	  0.050752	  0.008859	  0.049094	 -0.113257	 -0.103079	 -0.097433	 -0.032154	 -0.169569	 -0.332742
  0.088214	 -0.130111	  0.058516	  0.070139	  0.088102	 -0.074638	 -0.014230	  0.021156	  0.067507	 -0.008379	  0.077730	 -0.042603	  0.009883	  0.074790	  0.250894	  0.281718	  0.360603
  0.099934	 -0.145349	  0.059590	  0.060532	  0.091078	 -0.095104	  0.009703	  0.008867	  0.039084	 -0.049516	  0.044344	 -0.059926	 -0.017939	  0.005047	  0.112320	  0.032004	  0.040531
  0.119701	 -0.123157	  0.085609	  0.059839	  0.070993	 -0.087687	  0.026367	 -0.000453	  0.026702	 -0.054727	  0.026524	 -0.109112	 -0.067875	 -0.069047	 -0.069953	 -0.227338	 -0.395123
  0.112922	 -0.104745	  0.108471	  0.058698	  0.108086	 -0.084858	  0.034370	 -0.014274	  0.048630	 -0.014870	  0.042829	 -0.096451	  0.067456	  0.141700	  0.202642	  0.210663	  0.269707
  0.143772	 -0.106853	  0.123362	  0.036257	  0.110303	 -0.086605	  0.041732	 -0.035602	  0.037411	 -0.022560	  0.036209	 -0.102605	  0.052689	  0.081476	  0.148420	  0.120286	  0.121815
  0.139505	 -0.077272	  0.089656	  0.030874	  0.098064	 -0.086686	  0.008136	 -0.035715	  0.037266	 -0.040464	  0.022960	 -0.161249	 -0.065112	 -0.058796	 -0.085852	 -0.213057	 -0.390472
  0.142301	 -0.067914	  0.081132	  0.046568	  0.081523	 -0.087297	 -0.019125	 -0.038360	  0.029208	 -0.051092	  0.054939	 -0.112266	  0.016985	  0.117060	  0.158839	  0.163491	  0.217661
  0.176882	 -0.093052	  0.095922	  0.037218	  0.084711	 -0.060516	 -0.023120	 -0.020079	  0.027594	 -0.068230	  0.061474	 -0.056935	  0.010341	  0.137699	  0.171387	  0.162651	  0.208909
  0.188510	 -0.111151	  0.097084	  0.017408	  0.116252	 -0.095323	 -0.000213	 -0.039900	  0.019887	 -0.077072	  0.021966	 -0.118044	 -0.086693	 -0.029322	 -0.094931	 -0.249348	 -0.394974
  0.172919	 -0.127331	  0.099201	  0.024085	  0.126329	 -0.093510	  0.025437	 -0.040789	  0.027987	 -0.064441	  0.031896	 -0.080444	  0.009126	  0.107364	  0.108815	  0.103432	  0.137430
  0.159468	 -0.141015	  0.084381	  0.037980	  0.106545	 -0.058998	  0.044496	 -0.009909	  0.021237	 -0.055902	  0.028925	 -0.056021	  0.022807	  0.183224	  0.159345	  0.203138	  0.319633
  0.147988	 -0.128122	  0.085988	  0.042636	  0.091262	 -0.055933	  0.059098	 -0.005346	  0.022626	 -0.081287	  0.004044	 -0.130062	 -0.109409	  0.011421	 -0.130729	 -0.238178	 -0.365653
  0.121311	 -0.144857	  0.082445	  0.027768	  0.079958	 -0.052724	  0.046451	  0.001326	  0.048629	 -0.061651	  0.027038	 -0.107963	 -0.050498	  0.104857	  0.049311	  0.036121	  0.035771
  0.120476	 -0.156408	  0.053660	  0.022293	  0.060043	 -0.046974	  0.016738	 -0.000088	  0.063675	 -0.046284	  0.053474	 -0.061674	  0.018634	  0.176237	  0.146731	  0.229310	  0.345626
  0.118555	 -0.172839	  0.049640	  0.024083	  0.092578	 -0.052347	  0.026915	 -0.040215	  0.024984	 -0.056037	  0.030660	 -0.098469	 -0.121458	 -0.032270	 -0.120817	 -0.212404	 -0.304908
  0.119905	 -0.158968	  0.024941	  0.049795	  0.070877	 -0.043495	  0.049525	 -0.025851	  0.020147	 -0.041132	  0.048624	 -0.088205	 -0.090578	  0.046233	  0.022913	 -0.077127	 -0.050507
  0.131747	 -0.156667	 -0.005490	  0.028680	  0.058662	 -0.029499	  0.033904	  0.001832	  0.073400	 -0.021350	  0.060149	 -0.050746	  0.025958	  0.166552	  0.207431	  0.150239	  0.286945
  0.172494	 -0.160173	  0.002908	  0.006591	  0.043853	 -0.049681	  0.010163	  0.010847	  0.064855	 -0.033231	  0.011905	 -0.122718	 -0.025878	  0.035307	  0.010899	 -0.171912	 -0.147926
  0.169501	 -0.134216	  0.033712	  0.016896	  0.052541	 -0.059408	  0.016739	 -0.014595	  0.028979	 -0.015823	  0.008224	 -0.098753	 -0.014551	  0.059737	  0.031178	 -0.085268	 -0.052755
  0.155418	 -0.094923	  0.017613	  0.009800	  0.046348	 -0.058016	  0.035055	 -0.024948	  0.038876	 -0.000051	  0.044615	 -0.041402	  0.049012	  0.149497	  0.191435	  0.108539	  0.200253
  0.160180	 -0.075035	  0.020307	  0.011318	  0.054875	 -0.058804	  0.023324	 -0.025567	  0.014872	  0.006739	  0.047239	 -0.072176	  0.013959	  0.054611	  0.062115	 -0.067136	 -0.027274
  0.147462	 -0.083762	  0.038974	  0.024741	  0.059664	 -0.045026	 -0.012472	 -0.056998	 -0.002163	  0.015439	  0.029093	 -0.086900	  0.016154	  0.022299	  0.001269	 -0.068263	 -0.042070
  0.150978	 -0.074707	  0.070111	  0.018234	  0.068921	 -0.053606	 -0.022653	 -0.092665	  0.006166	 -0.006344	  0.007600	 -0.055624	  0.072396	  0.120760	  0.116273	  0.107723	  0.176897
  0.160629	 -0.069568	  0.055526	 -0.029408	  0.084984	 -0.058425	 -0.009577	 -0.076922	  0.000745	 -0.018959	 -0.003926	 -0.045794	  0.029828	  0.081448	  0.030159	 -0.001950	  0.046734
  0.136530	 -0.054945	  0.062969	 -0.059598	  0.061401	 -0.044175	 -0.007729	 -0.067666	 -0.003417	 -0.008058	 -0.002252	 -0.087789	 -0.017982	  0.018801	 -0.011197	 -0.053945	 -0.027575
  0.101168	 -0.049462	  0.075058	 -0.049007	  0.067960	 -0.054458	  0.009139	 -0.054539	 -0.022384	  0.025962	 -0.003444	 -0.078708	 -0.006656	  0.083895	  0.093640	  0.101066	  0.149866
  0.102601	 -0.042561	  0.067527	 -0.024472	  0.074398	 -0.058535	  0.016132	 -0.059603	 -0.019161	  0.035515	 -0.021462	 -0.078646	 -0.029467	  0.081061	  0.064934	  0.054370	  0.053951
  0.099122	 -0.024223	  0.074139	 -0.003111	  0.098543	 -0.050146	 -0.010370	 -0.060169	 -0.004695	  0.043594	 -0.005063	 -0.111093	 -0.045489	  0.056805	  0.065671	 -0.020997	 -0.007398
  0.103910	 -0.019802	  0.082443	 -0.027001	  0.118979	 -0.015653	 -0.013720	 -0.054060	 -0.017775	  0.045405	 -0.011652	 -0.116885	 -0.025288	  0.104377	  0.148247	  0.065918	  0.151044
  0.098178	 -0.015653	  0.085329	 -0.019321	  0.113062	 -0.027599	 -0.022898	 -0.024316	 -0.020029	  0.059140	 -0.046778	 -0.130979	 -0.015976	  0.091768	  0.116696	  0.034712	  0.114450
  0.098376	 -0.010743	  0.086496	  0.006109	  0.098433	 -0.013090	 -0.017117	 -0.020605	  0.009701	  0.053964	 -0.053868	 -0.129992	  0.005133	  0.072741	  0.082110	 -0.007409	  0.021891
  0.084052	 -0.025123	  0.087203	  0.050007	  0.093429	 -0.022892	 -0.010347	 -0.020633	 -0.005058	  0.051013	 -0.045061	 -0.097531	  0.020786	  0.100591	  0.140731	  0.036381	  0.098206
  0.081539	 -0.064632	  0.077773	  0.092064	  0.094788	 -0.025216	 -0.004192	 -0.044224	  0.018285	  0.032115	 -0.051239	 -0.091487	  0.023372	  0.094258	  0.100538	  0.027643	  0.057618
  0.106931	 -0.094995	  0.088036	  0.126025	  0.078251	 -0.033522	  0.009306	 -0.052387	  0.029176	  0.033439	 -0.023188	 -0.071319	  0.032751	  0.105698	  0.108251	  0.012467	  0.046814
  0.120678	 -0.080684	  0.092425	  0.123641	  0.057357	 -0.047149	  0.004403	  0.000184	 -0.005822	  0.044733	 -0.003912	 -0.063746	  0.025461	  0.114892	  0.129123	  0.031003	  0.102603
  0.133379	 -0.089010	  0.136145	  0.100988	  0.050090	 -0.059874	  0.014349	 -0.023078	 -0.006149	  0.036298	 -0.023581	 -0.045833	  0.032511	  0.111758	  0.115409	 -0.000132	  0.056965
  0.132536	 -0.108979	  0.138080	  0.083767	  0.031574	 -0.050005	  0.019628	 -0.031186	 -0.006162	  0.027298	 -0.046207	 -0.051755	  0.014789	  0.098363	  0.084700	 -0.045308	 -0.008482
  0.141000	 -0.081504	  0.129496	  0.070722	 -0.004836	 -0.009947	  0.004370	 -0.022965	 -0.002592	  0.039603	 -0.035411	 -0.032686	  0.013975	  0.091453	  0.083352	 -0.044959	  0.023659
  0.150009	 -0.066707	  0.116879	  0.070976	 -0.015278	 -0.008984	 -0.016191	 -0.021182	 -0.011494	  0.035934	 -0.040730	 -0.030627	  0.009935	  0.084062	  0.079064	 -0.041545	  0.016439
  0.155014	 -0.060094	  0.121126	  0.115811	 -0.000296	 -0.019072	 -0.005095	 -0.033547	 -0.036610	  0.019290	 -0.008182	 -0.043278	  0.008883	  0.102620	  0.057428	 -0.031472	  0.003656
  0.141389	 -0.069370	  0.111207	  0.129858	 -0.003061	 -0.045910	  0.005682	 -0.055541	 -0.057531	  0.010972	  0.027227	 -0.017112	 -0.020039	  0.109830	  0.053164	 -0.009518	  0.025110
  0.130843	 -0.069552	  0.089205	  0.114622	 -0.002853	 -0.045106	 -0.006341	 -0.070821	 -0.034252	  0.018253	  0.025621	 -0.013157	 -0.026772	  0.100367	  0.061337	 -0.011460	  0.019975
  0.130816	 -0.095116	  0.096935	  0.119240	 -0.010653	 -0.072306	 -0.020861	 -0.085655	 -0.019353	  0.003898	  0.001071	 -0.021149	 -0.028702	  0.065982	  0.048602	 -0.022848	  0.010486
  0.146903	 -0.101886	  0.085126	  0.138873	 -0.008609	 -0.077942	  0.000471	 -0.049377	 -0.012923	  0.014170	 -0.017755	 -0.041938	 -0.007383	  0.064292	  0.041884	 -0.016189	 -0.014433
  0.149313	 -0.112543	  0.066235	  0.134373	 -0.000751	 -0.086315	  0.001922	 -0.043730	 -0.005088	  0.042451	 -0.015731	 -0.026436	  0.017730	  0.098494	  0.045961	  0.030459	 -0.041998
  0.141655	 -0.149399	  0.070992	  0.112812	 -0.014559	 -0.053016	  0.017489	 -0.071207	  0.002406	  0.071409	  0.006929	 -0.044096	  0.023914	  0.115269	  0.067051	  0.043358	 -0.013329
  0.149735	 -0.168739	  0.064493	  0.078040	 -0.001515	 -0.042528	  0.032132	 -0.076180	 -0.029595	  0.061304	 -0.006815	 -0.074749	  0.027765	  0.107352	  0.065756	  0.023618	 -0.009420
  0.162828	 -0.181368	  0.054750	  0.070477	 -0.024130	 -0.067619	  0.019916	 -0.064063	 -0.026334	  0.029154	  0.017029	 -0.068719	  0.025294	  0.104047	  0.059770	  0.014911	  0.011296
  0.172208	 -0.176383	  0.047645	  0.073206	 -0.020822	 -0.093980	 -0.008404	 -0.053789	 -0.042500	  0.027249	 -0.000028	 -0.087387	  0.043082	  0.107563	  0.017847	  0.051465	  0.019689
  0.151125	 -0.169718	  0.043962	  0.067496	 -0.013498	 -0.099029	 -0.011350	 -0.047939	 -0.031353	  0.007192	 -0.027784	 -0.078167	  0.020915	  0.092776	  0.024781	  0.076853	 -0.023182
  0.141034	 -0.140003	  0.043904	  0.063717	  0.002845	 -0.095693	 -0.010482	 -0.037529	 -0.027452	  0.006600	 -0.019595	 -0.050241	  0.028496	  0.094371	  0.066480	  0.085667	 -0.038892
  0.135766	 -0.117605	  0.012062	  0.050435	  0.008306	 -0.096217	 -0.035541	 -0.042905	 -0.050370	 -0.012738	  0.005652	 -0.012916	  0.052100	  0.084421	  0.054083	  0.087503	 -0.007258
  0.124710	 -0.120599	  0.024359	  0.050226	  0.019587	 -0.075291	 -0.047521	 -0.023576	 -0.065772	 -0.034733	  0.021167	  0.010550	  0.017570	  0.091119	  0.063666	  0.081047	  0.007432
  0.105578	 -0.100868	  0.053438	  0.032812	  0.008455	 -0.079096	 -0.055262	 -0.014186	 -0.069429	 -0.024478	  0.034294	  0.006097	  0.006693	  0.099293	  0.100151	  0.064783	  0.007176
  0.114798	 -0.075330	  0.062014	  0.048255	 -0.011313	 -0.087028	 -0.015956	 -0.001721	 -0.072349	 -0.031875	  0.017414	  0.018138	 -0.020754	  0.105409	  0.090050	  0.052882	  0.015532
  0.121623	 -0.070476	  0.064178	  0.045848	 -0.032330	 -0.072485	  0.002599	 -0.013295	 -0.073129	 -0.017515	  0.027800	  0.029939	 -0.027054	  0.116512	  0.069843	  0.069398	 -0.001958
  0.114548	 -0.087970	  0.066997	  0.029220	 -0.029740	 -0.083274	  0.003107	 -0.047825	 -0.083975	  0.016966	  0.029183	  0.005320	  0.008005	  0.115523	  0.048485	  0.081299	 -0.013735
  0.149270	 -0.089918	  0.078557	  0.042520	 -0.003108	 -0.072764	  0.031060	 -0.023758	 -0.100695	  0.032133	  0.046515	  0.004421	  0.011095	  0.075219	  0.057995	  0.111136	 -0.033817
  0.171752	 -0.106202	  0.082322	  0.058405	  0.006121	 -0.056210	  0.047679	 -0.012747	 -0.097240	 -0.001891	  0.061882	 -0.004455	 -0.005671	  0.078576	  0.056743	  0.106059	 -0.044743
  0.179665	 -0.109378	  0.051201	  0.036773	  0.024758	 -0.030594	  0.026449	 -0.002643	 -0.089854	 -0.016936	  0.043059	 -0.010455	  0.007186	  0.082880	  0.041187	  0.099653	 -0.052769
  0.189097	 -0.113314	  0.057694	  0.014201	  0.004029	 -0.011239	  0.021303	 -0.024587	 -0.073128	 -0.018785	  0.062826	  0.004396	  0.014780	  0.109521	  0.066464	  0.103763	 -0.046068
  0.180540	 -0.106849	  0.069733	  0.002082	 -0.012077	 -0.030397	 -0.007215	 -0.054819	 -0.064562	 -0.007059	  0.048277	  0.027085	  0.023854	  0.106896	  0.075755	  0.096481	 -0.051918
  0.151568	 -0.089997	  0.088810	 -0.004678	 -0.021468	 -0.041195	  0.011521	 -0.063791	 -0.072226	  0.008908	  0.026701	  0.035532	  0.042757	  0.122137	  0.057444	  0.068391	 -0.053280
  0.117847	 -0.042630	  0.102046	 -0.016298	  0.003886	 -0.063698	  0.020243	 -0.045102	 -0.083415	 -0.013511	  0.033052	  0.030225	  0.039785	  0.119139	  0.048327	  0.043737	 -0.037800
  0.115220	 -0.046704	  0.124997	 -0.026903	  0.043615	 -0.040150	  0.035833	 -0.051937	 -0.060740	 -0.031356	  0.037184	  0.035588	  0.024744	  0.119767	  0.049850	  0.023632	 -0.023433
  0.128631	 -0.065496	  0.132497	 -0.058319	  0.044435	 -0.000888	  0.042628	 -0.039789	 -0.032705	 -0.010740	  0.028624	  0.048009	  0.006397	  0.095395	  0.044405	  0.007402	 -0.004417
  0.143080	 -0.050241	  0.116755	 -0.035285	  0.026500	  0.010684	  0.026723	 -0.037356	 -0.023266	 -0.026075	  0.035801	  0.026288	  0.000749	  0.049669	  0.046590	 -0.013458	 -0.023393
  0.137037	 -0.049751	  0.095421	 -0.031642	  0.053692	  0.025096	 -0.000233	 -0.046951	 -0.035573	 -0.054984	  0.015023	 -0.009715	  0.015282	  0.044789	  0.054601	 -0.004259	 -0.040923
  0.133064	 -0.057272	  0.088825	 -0.065688	  0.056873	  0.057786	 -0.018218	 -0.048234	 -0.042588	 -0.046667	  0.009631	 -0.033560	  0.046035	  0.060591	  0.070534	 -0.002481	 -0.033065
  0.124048	 -0.062791	  0.101320	 -0.046061	  0.067073	  0.073426	 -0.028102	 -0.054102	 -0.045049	 -0.040067	  0.034839	 -0.059186	  0.044071	  0.072782	  0.067175	 -0.001296	 -0.026765
  0.141004	 -0.055285	  0.097490	 -0.014658	  0.065348	  0.062122	 -0.022680	 -0.037505	 -0.029832	 -0.023444	  0.025929	 -0.047719	  0.017586	  0.069824	  0.063688	  0.006172	 -0.012296
  0.145813	 -0.001516	  0.114432	 -0.001338	  0.048958	  0.050463	  0.029231	 -0.025653	 -0.004838	 -0.003893	  0.022324	 -0.042544	  0.007851	  0.033322	  0.055803	  0.016532	 -0.003183
  0.127058	  0.032339	  0.084962	  0.021959	  0.041390	  0.058427	  0.048678	 -0.014551	  0.016448	 -0.005839	  0.019391	 -0.032749	 -0.008068	  0.030216	  0.031637	  0.027580	 -0.000956
  0.124043	  0.042157	  0.066302	  0.033954	  0.038037	  0.090716	  0.037880	  0.012998	  0.005651	  0.016391	  0.006863	 -0.048663	 -0.009513	  0.055106	  0.026322	  0.032589	 -0.020813
  0.095165	  0.007003	  0.062895	  0.026904	  0.031893	  0.078499	  0.046041	  0.004847	  0.009752	  0.038018	  0.026435	 -0.038691	  0.012569	  0.049875	  0.047175	  0.045691	 -0.039312
  0.088423	 -0.023327	  0.035893	  0.030558	  0.032946	  0.065690	  0.023329	 -0.033029	 -0.000524	  0.032828	  0.018786	 -0.045223	  0.013031	  0.053405	  0.060401	  0.019485	 -0.031099
  0.085234	 -0.018905	  0.043604	  0.038637	 -0.020522	  0.038408	  0.006934	 -0.070956	  0.018934	  0.033064	 -0.011011	 -0.039418	  0.019896	  0.065179	  0.068860	  0.001846	 -0.055680
  0.091752	 -0.009998	  0.057149	  0.025517	 -0.020802	  0.017157	  0.018156	 -0.071198	  0.024766	  0.023919	 -0.035490	 -0.020436	  0.023458	  0.092345	  0.057033	  0.033097	 -0.059854
  0.094950	 -0.012248	  0.054520	  0.032438	  0.012612	  0.027009	 -0.004270	 -0.068370	  0.015028	  0.040299	 -0.021075	 -0.021118	  0.020838	  0.091303	  0.033781	  0.053688	 -0.029346
  0.112446	 -0.047101	  0.035480	  0.036672	  0.024785	  0.021040	 -0.018051	 -0.084107	 -0.021651	  0.024440	 -0.046420	 -0.001594	  0.019901	  0.081250	  0.029149	  0.017472	 -0.054855
  0.108134	 -0.026815	  0.026484	  0.043867	  0.021615	  0.021087	 -0.010908	 -0.105570	 -0.037581	  0.008648	 -0.061247	 -0.006384	  0.008906	  0.045485	  0.022810	  0.009247	 -0.055413
  0.086003	 -0.045608	  0.017030	  0.061295	  0.014962	  0.014859	 -0.020096	 -0.087797	 -0.004236	  0.009784	 -0.034035	 -0.017641	  0.012700	  0.066376	  0.033975	  0.023274	 -0.060085
  0.090920	 -0.040136	  0.008916	  0.027612	  0.016134	  0.016570	 -0.000842	 -0.097202	  0.018783	  0.032025	 -0.030010	 -0.032367	 -0.008938	  0.061872	  0.046315	  0.052913	 -0.041325
  0.090632	 -0.015839	  0.026151	  0.027401	 -0.013736	  0.030837	  0.012968	 -0.092937	  0.008593	  0.033045	 -0.039175	 -0.048746	 -0.028913	  0.075494	  0.042666	  0.041978	 -0.041874
  0.085601	 -0.026844	  0.008266	  0.048399	 -0.010800	  0.041628	  0.040297	 -0.067943	 -0.011077	  0.027185	 -0.029366	 -0.033367	 -0.021549	  0.085204	  0.053246	  0.039627	 -0.044655
  0.069997	  0.012789	 -0.007749	  0.050493	  0.009142	  0.020092	  0.043956	 -0.092251	 -0.025293	  0.040510	 -0.045193	 -0.032610	 -0.005488	  0.095398	  0.049025	  0.037719	 -0.028425
  0.070551	 -0.002386	 -0.005988	  0.053803	  0.014856	  0.013582	  0.010414	 -0.096939	 -0.028760	  0.027454	 -0.044219	 -0.015673	  0.020611	  0.079886	  0.025878	  0.014117	 -0.013644
  0.084696	 -0.027306	  0.023215	  0.039101	  0.017345	  0.041056	  0.009292	 -0.090586	 -0.023847	  0.032356	 -0.027753	 -0.020192	  0.010879	  0.051428	  0.014537	  0.042307	 -0.021490
  0.100609	 -0.029225	  0.067412	  0.018155	  0.008704	  0.068793	  0.002541	 -0.082676	 -0.038344	  0.016095	 -0.023263	 -0.033603	 -0.014292	  0.048047	  0.024193	  0.049246	 -0.043930
  0.117719	 -0.041868	  0.104848	  0.003217	 -0.026259	  0.037377	  0.023931	 -0.074639	 -0.052895	  0.014240	 -0.017881	 -0.027026	 -0.014539	  0.063674	  0.045093	  0.052787	 -0.045636
  0.120232	 -0.056821	  0.076850	  0.007063	 -0.040348	  0.009123	  0.028652	 -0.075061	 -0.091200	  0.001169	  0.017986	 -0.009949	  0.002592	  0.090574	  0.059921	  0.048085	 -0.018637
  0.100471	 -0.049949	  0.066067	  0.008498	 -0.079425	  0.009168	  0.050874	 -0.059941	 -0.101636	  0.001608	  0.009486	 -0.006677	  0.001611	  0.090195	  0.040907	  0.084730	 -0.023321
  0.080121	 -0.026221	  0.075291	  0.020949	 -0.082263	 -0.001025	  0.062974	 -0.074356	 -0.091647	 -0.001700	  0.005210	 -0.029519	  0.005612	  0.071796	  0.043773	  0.084368	 -0.021831
  0.102669	 -0.032316	  0.081336	  0.035754	 -0.052153	 -0.022987	  0.081942	 -0.105133	 -0.076492	  0.003465	  0.004589	 -0.055256	  0.034557	  0.074031	  0.033283	  0.063871	 -0.033638
  0.123013	 -0.056319	  0.082334	  0.037785	 -0.053271	 -0.010020	  0.078116	 -0.124500	 -0.066445	  0.023456	  0.002080	 -0.048487	  0.068909	  0.079731	  0.028655	  0.087538	 -0.046151
  0.105786	 -0.082348	  0.073919	  0.056968	 -0.073997	 -0.003993	  0.077623	 -0.118133	 -0.041483	  0.017704	  0.009174	 -0.023960	  0.040003	  0.101677	  0.047571	  0.101465	 -0.045564
  0.082724	 -0.102341	  0.057184	  0.047636	 -0.063057	 -0.018697	  0.067680	 -0.117842	 -0.034052	 -0.002349	  0.026257	 -0.041559	  0.012933	  0.108432	  0.064105	  0.077834	 -0.020130
  0.068718	 -0.127876	  0.057470	  0.015243	 -0.069784	 -0.008889	  0.030561	 -0.115209	 -0.034925	 -0.009973	  0.039803	 -0.023896	  0.022690	  0.113700	  0.050762	  0.078995	 -0.005558
  0.065458	 -0.126953	  0.047592	  0.022157	 -0.085467	 -0.028220	  0.023350	 -0.083251	 -0.057766	 -0.020380	  0.041549	 -0.005546	  0.018016	  0.120391	 -0.000616	  0.063102	 -0.004336
  0.096403	 -0.127526	  0.054417	  0.047515	 -0.088697	 -0.043268	  0.027813	 -0.041958	 -0.061850	 -0.016640	  0.024238	  0.011509	  0.014692	  0.090563	 -0.018554	  0.046692	  0.004521
  0.116996	 -0.112705	  0.042056	  0.061857	 -0.088720	 -0.045161	  0.027325	 -0.034014	 -0.086364	  0.006523	 -0.004219	 -0.014580	  0.014678	  0.071853	 -0.020942	  0.058394	  0.007628
  0.127720	 -0.074986	  0.012117	  0.044359	 -0.067900	 -0.019396	  0.010073	 -0.044441	 -0.110425	  0.008452	  0.016431	 -0.047065	  0.023544	  0.080532	 -0.023346	  0.028671	  0.004165
  0.101671	 -0.040465	  0.029171	  0.050265	 -0.041462	 -0.022075	  0.000334	 -0.069821	 -0.109931	 -0.002638	  0.007827	 -0.053172	  0.003574	  0.076921	 -0.046965	  0.035136	  0.017586
  0.076357	 -0.023180	  0.069813	  0.066387	 -0.026895	 -0.014255	  0.000742	 -0.087076	 -0.135179	  0.029828	  0.020048	 -0.026614	 -0.023407	  0.042320	 -0.026255	  0.033699	 -0.009731
  0.066295	 -0.021551	  0.033072	  0.064654	 -0.043032	 -0.017394	 -0.012737	 -0.078851	 -0.146614	  0.032182	  0.029688	 -0.007362	 -0.020593	  0.043773	  0.002919	  0.017126	 -0.014546
  0.059662	 -0.016073	  0.014670	  0.054420	 -0.067240	 -0.037663	 -0.022011	 -0.079672	 -0.126129	  0.019511	  0.041009	  0.025283	 -0.032383	  0.024900	 -0.005885	  0.013085	 -0.012174
  0.049273	 -0.016013	  0.014579	  0.043539	 -0.068415	 -0.048185	 -0.031598	 -0.100663	 -0.093297	 -0.002132	  0.021045	  0.027415	 -0.009016	  0.029629	 -0.033632	  0.006617	 -0.021771
  0.037383	 -0.043206	  0.001460	  0.035444	 -0.055760	 -0.051293	 -0.013839	 -0.107739	 -0.070757	  0.001645	  0.027097	  0.001879	 -0.014160	  0.023955	 -0.024441	  0.022837	 -0.030122
  0.042953	 -0.040311	 -0.015846	  0.059300	 -0.078399	 -0.037899	 -0.004648	 -0.074309	 -0.087581	 -0.000373	  0.038158	  0.017813	 -0.032952	  0.005027	 -0.037857	  0.063314	 -0.048151
  0.034468	 -0.047796	  0.023998	  0.052637	 -0.123869	 -0.050929	 -0.016687	 -0.073811	 -0.114121	 -0.036028	  0.047096	  0.027476	 -0.021251	  0.004449	 -0.058081	  0.065477	 -0.054063
  0.064805	 -0.037736	  0.069349	  0.025521	 -0.118062	 -0.020380	 -0.008400	 -0.100797	 -0.104044	 -0.051472	  0.031303	  0.027144	 -0.041675	  0.003334	 -0.072249	  0.072541	 -0.047764
  0.069193	 -0.040944	  0.076666	  0.038229	 -0.118601	 -0.025115	  0.021060	 -0.142664	 -0.094616	 -0.056358	 -0.002231	  0.014703	 -0.050765	  0.004915	 -0.059407	  0.086260	 -0.023991
