:RUN-4	LEVEL SWEEP	TEMP:NaN	2/15/2024	3:05 PM	HR:NaN:SW EAR: L	SW FREQ: 32.00	# AVERAGES: 512	REP RATE (/sec): 39	DRIVER: 	SAMPLE (µsec): 40	MASKER dB: 0:Threshold: 45.0:NOTES-:CHAMBER-Bach:Avgs: 512;512;512;512;512;512;512;512;512;512;512;512;512;512;512
:Tries: 565;564;561;564;569;554;567;571;566;567;579;575;560;564;574
:Log: :Vary signal level: TRUE :Control: NaN:CFTS Version: V2.37.2 (R3379):LEVELS:30;35;40;45;50;55;60;65;70;75;80;85;90;95;100;:DATA  0.008680	 -0.053613	  0.028558	 -0.018817	 -0.014989	 -0.025550	  0.009605	 -0.009201	  0.078077	  0.013206	  0.031433	  0.016556	 -0.000729	 -0.043634	  0.038515
  0.010660	 -0.034373	  0.051572	 -0.055014	  0.011156	 -0.006641	  0.003742	  0.005586	  0.060469	 -0.031427	  0.025099	  0.019013	 -0.026979	 -0.031674	  0.055800
  0.039763	 -0.057513	  0.025916	 -0.031376	  0.020756	  0.003081	 -0.032029	 -0.009700	  0.055653	 -0.028347	  0.030692	  0.042300	 -0.022740	 -0.027616	  0.056450
  0.048126	 -0.046270	  0.018447	 -0.010501	 -0.013105	 -0.013764	 -0.012884	 -0.017918	  0.054158	 -0.007645	  0.030982	  0.032217	  0.001832	 -0.022281	  0.045117
  0.039672	 -0.013102	  0.001063	 -0.008335	 -0.030685	 -0.014542	 -0.008706	 -0.013409	  0.042829	  0.010990	  0.013170	  0.019937	  0.014308	  0.006692	  0.048808
  0.024513	 -0.000472	  0.011626	 -0.006119	 -0.006516	 -0.025961	 -0.038068	 -0.017365	  0.037383	  0.022706	  0.029691	  0.007670	  0.014687	 -0.010672	  0.043970
  0.031119	 -0.006183	  0.005132	 -0.024610	 -0.002382	  0.014110	 -0.037524	 -0.014790	  0.027541	  0.010652	  0.032584	  0.013341	  0.029831	  0.000202	  0.028080
  0.023624	  0.001007	 -0.009724	 -0.030887	 -0.027709	  0.016408	 -0.028768	 -0.025480	  0.015181	  0.007431	  0.023930	  0.037192	  0.053747	  0.041160	  0.035867
 -0.008386	  0.017482	 -0.012031	 -0.037103	 -0.025016	 -0.012930	 -0.004190	 -0.009548	  0.013158	  0.007345	  0.004009	  0.030961	  0.077523	  0.063937	  0.050412
 -0.001925	  0.010326	 -0.024374	 -0.041111	 -0.017960	 -0.014364	 -0.003780	 -0.008307	  0.031375	  0.002673	 -0.029263	  0.028202	  0.078054	  0.052645	  0.075459
 -0.021650	  0.009023	 -0.043867	 -0.015875	 -0.031543	 -0.034688	 -0.014266	 -0.017193	  0.007062	 -0.006926	 -0.032765	  0.039039	  0.055021	  0.028918	  0.080007
 -0.030780	  0.010966	 -0.018964	  0.004832	  0.005759	 -0.019354	  0.001239	  0.000726	 -0.013765	  0.002662	 -0.023354	  0.029215	  0.046989	  0.026201	  0.044606
 -0.009239	  0.008365	 -0.009741	  0.026599	  0.019028	 -0.008939	  0.006400	  0.020211	 -0.019981	  0.009578	 -0.017698	  0.017289	  0.011550	  0.032501	  0.025793
 -0.004983	 -0.000493	 -0.021930	  0.045036	  0.003007	  0.005699	  0.020871	  0.025177	 -0.035005	  0.009966	 -0.026068	  0.001365	 -0.019859	  0.047652	  0.003138
 -0.005994	  0.000332	 -0.035235	  0.042439	  0.010978	  0.024812	  0.047934	  0.024128	 -0.032809	 -0.006676	 -0.016991	 -0.025602	 -0.047705	  0.021494	 -0.049098
 -0.026083	  0.024606	 -0.022191	  0.033895	  0.019784	  0.041580	  0.039825	  0.037343	 -0.040193	  0.002936	 -0.007836	 -0.052945	 -0.062747	  0.002537	 -0.087099
 -0.029251	  0.036125	  0.010275	  0.030574	  0.026209	  0.036457	  0.015938	  0.020244	 -0.058082	  0.026786	 -0.006903	 -0.049013	 -0.082504	 -0.019652	 -0.079984
 -0.025644	  0.029497	  0.010149	  0.033795	  0.030404	  0.023192	  0.003212	  0.019319	 -0.078629	  0.011163	 -0.008497	 -0.068246	 -0.056945	 -0.054903	 -0.111590
 -0.033941	  0.034701	  0.015651	  0.037578	  0.016360	  0.002396	  0.009597	  0.000784	 -0.066651	 -0.023761	 -0.029590	 -0.083836	 -0.032430	 -0.058004	 -0.150780
 -0.028282	  0.029590	  0.019666	  0.025000	  0.006463	  0.008998	  0.021851	 -0.010606	 -0.077770	 -0.033312	 -0.022625	 -0.054658	 -0.030904	 -0.055503	 -0.153472
 -0.039082	  0.044305	  0.031629	  0.005756	 -0.003441	 -0.021140	  0.025938	 -0.013981	 -0.096552	 -0.027930	 -0.034102	 -0.033048	 -0.019457	 -0.060330	 -0.140015
 -0.045175	  0.063170	  0.021600	  0.010236	  0.022652	 -0.030503	  0.004862	 -0.011450	 -0.083897	 -0.028487	 -0.046944	 -0.062697	 -0.026882	 -0.072502	 -0.141822
 -0.011789	  0.036295	  0.023729	  0.026655	  0.020685	 -0.023791	 -0.031994	 -0.013647	 -0.079464	 -0.014893	 -0.050683	 -0.037948	 -0.024591	 -0.063578	 -0.133755
 -0.003304	  0.047751	  0.057578	  0.028521	  0.028265	 -0.010052	 -0.012288	 -0.025912	 -0.087738	 -0.008045	 -0.055841	 -0.008767	 -0.026592	 -0.083557	 -0.174153
  0.009145	  0.088479	  0.022696	  0.035399	  0.013400	 -0.026210	 -0.019447	 -0.033848	 -0.102290	 -0.013776	 -0.047107	 -0.025871	 -0.048406	 -0.125277	 -0.207881
 -0.017112	  0.081838	  0.000447	  0.046467	  0.018555	 -0.032233	 -0.021614	 -0.047367	 -0.113373	 -0.021604	 -0.051095	 -0.031753	 -0.065788	 -0.160128	 -0.244765
 -0.015490	  0.064009	  0.013259	  0.007228	 -0.010614	 -0.054238	 -0.005209	 -0.086257	 -0.126216	 -0.017307	 -0.061017	 -0.039710	 -0.097865	 -0.164122	 -0.290349
 -0.003966	  0.033054	  0.040309	 -0.010313	 -0.020792	 -0.060470	 -0.028485	 -0.081640	 -0.160441	 -0.034218	 -0.074825	 -0.058548	 -0.130780	 -0.172063	 -0.302615
  0.013204	 -0.000610	  0.030896	 -0.001787	 -0.032083	 -0.071106	 -0.057890	 -0.074686	 -0.177843	 -0.059971	 -0.127558	 -0.068671	 -0.125022	 -0.198509	 -0.264173
 -0.002010	  0.015478	  0.015897	 -0.035533	 -0.028300	 -0.074177	 -0.058059	 -0.080128	 -0.186786	 -0.058675	 -0.129790	 -0.055839	 -0.115984	 -0.227620	 -0.174066
 -0.020033	  0.023401	 -0.001349	 -0.072428	 -0.019691	 -0.072516	 -0.082156	 -0.069367	 -0.189769	 -0.041585	 -0.112192	 -0.037220	 -0.148786	 -0.202877	 -0.099627
 -0.005823	  0.020984	  0.000544	 -0.048839	 -0.010341	 -0.071163	 -0.089693	 -0.075298	 -0.185216	 -0.034289	 -0.098411	  0.012029	 -0.159400	 -0.135350	 -0.021665
 -0.002710	  0.000825	 -0.022376	 -0.006442	 -0.019862	 -0.094569	 -0.081302	 -0.067952	 -0.159231	 -0.012304	 -0.079903	  0.042551	 -0.091489	 -0.099793	  0.057917
 -0.004490	 -0.029078	 -0.031201	  0.000254	 -0.056245	 -0.097011	 -0.065159	 -0.034578	 -0.102908	 -0.021685	 -0.021935	  0.076781	 -0.004391	 -0.037773	  0.111782
 -0.015622	 -0.035224	 -0.039626	 -0.027877	 -0.028608	 -0.078112	 -0.078814	 -0.029037	 -0.085994	 -0.021775	  0.031494	  0.134919	  0.033808	  0.002032	  0.112473
  0.000693	 -0.039064	 -0.076138	 -0.032058	 -0.032044	 -0.072916	 -0.078976	 -0.026795	 -0.067796	  0.016526	  0.062600	  0.144358	  0.046926	  0.001828	  0.107425
 -0.016477	 -0.047253	 -0.078861	 -0.019745	 -0.059621	 -0.057930	 -0.035191	 -0.017931	 -0.058485	  0.011151	  0.095458	  0.153767	  0.026172	 -0.029080	  0.077324
 -0.011933	 -0.055927	 -0.091506	 -0.025490	 -0.052871	 -0.032182	 -0.016713	  0.008942	 -0.025166	 -0.010702	  0.123836	  0.156089	  0.020400	 -0.036512	  0.050308
  0.017844	 -0.044615	 -0.051957	 -0.010583	 -0.021138	  0.005844	  0.005294	  0.047731	 -0.014853	 -0.002607	  0.132732	  0.139169	  0.001393	 -0.042842	  0.054831
  0.051732	 -0.023077	 -0.038153	  0.013372	 -0.023263	  0.018956	  0.009573	  0.064249	 -0.015665	  0.028056	  0.083760	  0.103653	 -0.028941	 -0.044465	  0.053115
  0.054961	 -0.027942	 -0.065534	  0.002527	 -0.048129	  0.024561	 -0.003202	  0.030288	 -0.013152	  0.032985	  0.026906	  0.054278	 -0.071881	 -0.026673	  0.046473
  0.070831	 -0.009398	 -0.086188	  0.006850	 -0.043244	  0.051299	 -0.030621	 -0.013983	 -0.018048	  0.000612	 -0.019473	  0.031023	 -0.085881	 -0.049166	  0.039195
  0.086205	 -0.009491	 -0.083034	  0.011444	  0.001866	  0.019500	 -0.008288	 -0.025677	 -0.057264	 -0.036902	 -0.099054	 -0.025470	 -0.085337	 -0.049723	  0.052326
  0.094272	 -0.007893	 -0.098211	  0.007253	  0.029720	 -0.013491	 -0.011042	 -0.036819	 -0.061421	 -0.055148	 -0.177625	 -0.080866	 -0.130600	 -0.067694	  0.013753
  0.080924	  0.010196	 -0.106536	 -0.019139	  0.012406	 -0.013418	 -0.007679	 -0.041347	 -0.095764	 -0.093346	 -0.217780	 -0.153726	 -0.153262	 -0.131968	 -0.084239
  0.098233	  0.004798	 -0.098400	 -0.045391	  0.003126	 -0.047749	 -0.037704	 -0.061878	 -0.129161	 -0.143704	 -0.257268	 -0.192223	 -0.218343	 -0.224363	 -0.196116
  0.128283	 -0.014480	 -0.093256	 -0.043273	  0.013578	 -0.062316	 -0.057868	 -0.069858	 -0.169615	 -0.201531	 -0.289350	 -0.174970	 -0.256788	 -0.310530	 -0.272472
  0.118783	 -0.020735	 -0.092616	 -0.010016	  0.016340	 -0.086906	 -0.080940	 -0.108595	 -0.215405	 -0.249341	 -0.307078	 -0.184903	 -0.318279	 -0.388805	 -0.381872
  0.097120	 -0.014131	 -0.112053	 -0.003589	  0.018869	 -0.099236	 -0.105346	 -0.166061	 -0.264376	 -0.251815	 -0.326927	 -0.217243	 -0.382193	 -0.456922	 -0.481222
  0.063993	 -0.009916	 -0.094507	 -0.017294	  0.003007	 -0.127057	 -0.127463	 -0.179559	 -0.286389	 -0.242860	 -0.336239	 -0.266402	 -0.405200	 -0.473023	 -0.569336
  0.058376	 -0.032754	 -0.104102	 -0.028324	 -0.005449	 -0.132576	 -0.148067	 -0.189333	 -0.286960	 -0.263396	 -0.356644	 -0.278850	 -0.427144	 -0.478485	 -0.613453
  0.060544	 -0.047454	 -0.111728	 -0.033452	 -0.033952	 -0.110045	 -0.168641	 -0.192820	 -0.265945	 -0.250433	 -0.334527	 -0.283134	 -0.416907	 -0.448528	 -0.603205
  0.030298	 -0.044197	 -0.121019	 -0.042584	 -0.080749	 -0.124910	 -0.165354	 -0.174635	 -0.258528	 -0.216548	 -0.287808	 -0.270633	 -0.377870	 -0.403994	 -0.585921
  0.055929	 -0.019917	 -0.119024	 -0.045410	 -0.082102	 -0.151864	 -0.164386	 -0.171697	 -0.228867	 -0.175074	 -0.230731	 -0.232316	 -0.319006	 -0.321008	 -0.515817
  0.040611	 -0.011858	 -0.124661	 -0.059915	 -0.082809	 -0.149211	 -0.152626	 -0.151686	 -0.195948	 -0.135402	 -0.192276	 -0.142963	 -0.210525	 -0.229277	 -0.396671
  0.026573	 -0.030141	 -0.124507	 -0.055221	 -0.081972	 -0.156836	 -0.164171	 -0.140230	 -0.165509	 -0.106991	 -0.145445	 -0.095183	 -0.112906	 -0.132686	 -0.258326
  0.033522	 -0.042240	 -0.122265	 -0.050542	 -0.073988	 -0.135499	 -0.138318	 -0.114845	 -0.131430	 -0.060467	 -0.090480	 -0.022361	 -0.037925	 -0.069818	 -0.167157
  0.044198	 -0.048500	 -0.097977	 -0.033890	 -0.077431	 -0.098060	 -0.118717	 -0.082002	 -0.130929	 -0.036696	 -0.023052	  0.010650	 -0.001438	 -0.032285	 -0.035095
  0.035428	 -0.043003	 -0.096408	 -0.034593	 -0.072299	 -0.050941	 -0.126108	 -0.059708	 -0.120639	 -0.032436	 -0.022211	  0.037699	  0.004397	  0.005796	  0.085690
  0.013178	 -0.024779	 -0.081187	 -0.022951	 -0.058505	 -0.025750	 -0.124024	 -0.053431	 -0.114212	 -0.023767	  0.014757	  0.056478	  0.019408	  0.048338	  0.133947
 -0.004212	 -0.046264	 -0.062342	 -0.025959	 -0.020344	 -0.012807	 -0.087569	 -0.061909	 -0.091517	 -0.005842	  0.028351	  0.065280	  0.032647	  0.068722	  0.161740
  0.021667	 -0.070240	 -0.077955	 -0.017094	 -0.018246	  0.001033	 -0.081535	 -0.096157	 -0.063785	 -0.009532	  0.044419	  0.082442	  0.042425	  0.062201	  0.138881
  0.039517	 -0.064827	 -0.077310	 -0.008854	 -0.003061	 -0.016748	 -0.092131	 -0.099101	 -0.079695	 -0.021865	  0.023041	  0.063639	  0.021202	  0.050636	  0.121148
  0.042254	 -0.050078	 -0.062329	  0.009663	  0.035149	 -0.042258	 -0.075535	 -0.107330	 -0.092672	 -0.025049	 -0.001334	  0.039251	 -0.032968	 -0.001056	  0.097435
  0.001202	 -0.022260	 -0.050658	  0.017957	  0.044657	 -0.060477	 -0.047619	 -0.106465	 -0.074620	 -0.021465	 -0.021949	  0.026251	 -0.053346	 -0.068183	  0.052466
 -0.020792	 -0.003606	 -0.064792	  0.025626	  0.036535	 -0.067223	 -0.038823	 -0.087559	 -0.060168	 -0.049905	 -0.060872	  0.045725	 -0.065534	 -0.079733	  0.013361
 -0.003500	 -0.022648	 -0.078262	  0.043959	  0.018055	 -0.059755	 -0.044433	 -0.049921	 -0.078213	 -0.052474	 -0.075590	  0.041749	 -0.092688	 -0.084929	 -0.011624
  0.037584	 -0.044560	 -0.063350	  0.035187	 -0.005176	 -0.061624	 -0.046853	 -0.024191	 -0.096005	 -0.058370	 -0.050711	  0.054146	 -0.088034	 -0.087954	 -0.009034
  0.051748	 -0.073260	 -0.029603	  0.016846	 -0.056070	 -0.098923	 -0.061258	 -0.015677	 -0.081254	 -0.057865	 -0.052896	  0.047326	 -0.060787	 -0.103621	 -0.005110
  0.048779	 -0.093818	 -0.033348	  0.027266	 -0.053995	 -0.109103	 -0.056351	  0.008360	 -0.085980	 -0.065427	 -0.037146	  0.070870	 -0.053675	 -0.129585	  0.003461
  0.059714	 -0.074113	 -0.046060	  0.001624	 -0.011843	 -0.116705	 -0.047225	  0.018429	 -0.071279	 -0.043568	 -0.012387	  0.078004	 -0.039357	 -0.092812	  0.042805
  0.047427	 -0.057730	 -0.072552	 -0.048705	 -0.004319	 -0.135269	 -0.034335	  0.018804	 -0.058475	  0.004274	  0.015834	  0.069015	 -0.002032	 -0.048443	  0.099221
  0.043818	 -0.035408	 -0.073608	 -0.041509	  0.001347	 -0.072163	 -0.009765	  0.044952	 -0.043873	  0.010297	  0.037076	  0.099076	  0.012869	  0.001676	  0.161108
  0.014361	 -0.014277	 -0.067476	 -0.031920	 -0.001268	 -0.065443	  0.018612	  0.057162	 -0.027781	  0.021082	  0.080402	  0.135453	  0.054555	  0.039999	  0.210962
  0.023505	  0.000926	 -0.073002	 -0.034807	  0.004843	 -0.064466	  0.020985	  0.047847	 -0.019850	  0.026007	  0.077254	  0.177527	  0.084055	  0.065424	  0.235412
  0.030235	  0.025262	 -0.072833	 -0.051293	  0.023723	 -0.046194	  0.023610	  0.024628	  0.006911	  0.068213	  0.064719	  0.207624	  0.121429	  0.126765	  0.261700
  0.027389	  0.043959	 -0.082602	 -0.030341	  0.020190	 -0.032394	  0.042239	  0.035560	  0.033051	  0.119953	  0.073382	  0.236077	  0.164576	  0.198061	  0.327045
  0.029061	  0.063675	 -0.088093	 -0.019760	  0.012199	  0.020949	  0.088770	  0.063654	  0.098577	  0.124402	  0.080493	  0.241277	  0.199962	  0.262453	  0.393650
  0.049656	  0.082258	 -0.105553	 -0.011750	  0.012226	  0.023530	  0.116114	  0.088442	  0.110303	  0.140006	  0.118469	  0.256649	  0.248398	  0.341977	  0.426146
  0.041047	  0.086460	 -0.074679	 -0.004641	  0.001327	  0.007253	  0.119800	  0.104867	  0.109087	  0.158388	  0.142152	  0.304798	  0.268456	  0.408787	  0.466359
  0.053421	  0.056352	 -0.076051	  0.013718	  0.000244	  0.014221	  0.103517	  0.101342	  0.108899	  0.181234	  0.159138	  0.320085	  0.270127	  0.456438	  0.478304
  0.040590	  0.049275	 -0.075580	  0.018930	  0.004665	  0.012019	  0.114696	  0.119633	  0.122595	  0.204382	  0.173371	  0.317105	  0.259644	  0.431097	  0.476678
  0.047151	  0.012029	 -0.059815	 -0.011907	  0.012152	  0.019035	  0.125270	  0.128980	  0.122715	  0.204775	  0.171078	  0.315642	  0.230766	  0.373868	  0.433411
  0.070115	 -0.007517	 -0.072964	 -0.046736	  0.000425	  0.074489	  0.122336	  0.138204	  0.107064	  0.247987	  0.156828	  0.296462	  0.219839	  0.313010	  0.340085
  0.058661	 -0.002542	 -0.051125	 -0.053099	  0.008603	  0.105077	  0.152751	  0.145534	  0.110163	  0.255339	  0.130776	  0.233298	  0.194544	  0.237936	  0.214810
  0.049013	  0.013320	 -0.023118	 -0.030504	  0.029534	  0.090408	  0.152843	  0.159921	  0.127530	  0.233384	  0.112179	  0.179761	  0.135777	  0.174480	  0.116125
  0.053709	  0.009277	 -0.030837	 -0.020867	  0.073300	  0.072570	  0.148356	  0.128574	  0.119938	  0.219741	  0.076976	  0.159655	  0.046466	  0.097850	  0.040729
  0.077322	  0.009420	 -0.039734	  0.033282	  0.122346	  0.071583	  0.123805	  0.069962	  0.090508	  0.183886	  0.016409	  0.107734	 -0.032210	  0.002586	 -0.056330
  0.080933	  0.005021	 -0.006004	  0.066237	  0.117498	  0.063499	  0.091603	  0.066155	  0.049491	  0.145694	 -0.070223	  0.058142	 -0.095431	 -0.064362	 -0.136751
  0.081095	 -0.007828	  0.015709	  0.069997	  0.135206	  0.045929	  0.099260	  0.045767	  0.006460	  0.084745	 -0.108440	 -0.003670	 -0.146062	 -0.125067	 -0.181839
  0.089779	  0.000854	 -0.003027	  0.074266	  0.117319	  0.032236	  0.124543	  0.020042	 -0.023256	  0.021269	 -0.143348	 -0.071928	 -0.193223	 -0.166596	 -0.223614
  0.067115	 -0.020742	 -0.032001	  0.073710	  0.097908	  0.022455	  0.103797	 -0.009705	 -0.069077	 -0.020066	 -0.160495	 -0.113049	 -0.211904	 -0.207429	 -0.236423
  0.068068	 -0.008043	 -0.045917	  0.081450	  0.109841	  0.039485	  0.085973	 -0.017196	 -0.100494	 -0.065195	 -0.146919	 -0.105083	 -0.194645	 -0.205371	 -0.201428
  0.070586	 -0.010984	 -0.054398	  0.107770	  0.106558	  0.043446	  0.040539	 -0.023885	 -0.117718	 -0.077578	 -0.132440	 -0.102630	 -0.187078	 -0.135215	 -0.132160
  0.075077	  0.002463	 -0.057657	  0.099405	  0.108126	  0.022563	  0.026760	 -0.069592	 -0.150381	 -0.081318	 -0.087696	 -0.038696	 -0.121863	 -0.043832	 -0.046357
  0.081126	  0.024860	 -0.083333	  0.096719	  0.062213	 -0.006142	 -0.004831	 -0.096571	 -0.153250	 -0.072118	 -0.031376	  0.029224	 -0.040702	  0.066189	  0.080739
  0.067950	  0.035038	 -0.097028	  0.101489	  0.028575	  0.002599	 -0.035298	 -0.077234	 -0.127196	 -0.029217	  0.022463	  0.102486	  0.039143	  0.137018	  0.172680
  0.055169	  0.070590	 -0.095483	  0.108316	  0.030104	  0.002726	 -0.025285	 -0.082379	 -0.106396	 -0.030062	  0.066034	  0.167155	  0.140951	  0.230855	  0.249495
  0.069477	  0.083373	 -0.088608	  0.070440	  0.042281	  0.010492	 -0.035621	 -0.080929	 -0.066486	  0.014245	  0.114472	  0.246283	  0.255180	  0.293574	  0.278904
  0.078310	  0.042033	 -0.106220	  0.036419	  0.050032	 -0.004975	 -0.041802	 -0.033709	 -0.001889	  0.069746	  0.153035	  0.291805	  0.330973	  0.338118	  0.295805
  0.053214	  0.052670	 -0.112980	  0.031836	  0.007906	 -0.004213	 -0.015607	 -0.002091	  0.058591	  0.085100	  0.197236	  0.302261	  0.338567	  0.366003	  0.297765
  0.031425	  0.042276	 -0.144784	  0.029276	 -0.017942	 -0.006131	  0.015368	  0.029917	  0.109702	  0.116664	  0.234486	  0.313751	  0.326863	  0.343032	  0.256227
  0.041658	  0.017656	 -0.179410	  0.003728	 -0.010957	 -0.014775	  0.033851	  0.077673	  0.128346	  0.133515	  0.238256	  0.324764	  0.321149	  0.302726	  0.186748
  0.056326	  0.018317	 -0.155751	 -0.002258	  0.015715	  0.014563	  0.075684	  0.127648	  0.124989	  0.174424	  0.271887	  0.292892	  0.295019	  0.239384	  0.127415
  0.070300	  0.012961	 -0.109734	  0.020898	  0.044812	  0.068620	  0.123344	  0.149979	  0.108517	  0.185586	  0.258712	  0.276405	  0.246371	  0.172977	  0.048261
  0.033094	  0.011313	 -0.103881	  0.060816	  0.026706	  0.114614	  0.120371	  0.183949	  0.130690	  0.177205	  0.208841	  0.249183	  0.188220	  0.131233	 -0.016705
  0.007130	 -0.022541	 -0.087964	  0.088001	  0.027739	  0.150524	  0.125293	  0.202915	  0.163937	  0.162194	  0.135203	  0.194017	  0.124870	  0.063268	 -0.078980
  0.021275	 -0.021736	 -0.072608	  0.083297	  0.053636	  0.145545	  0.123333	  0.182240	  0.128965	  0.123145	  0.087285	  0.157035	  0.077721	 -0.002193	 -0.160822
  0.000222	  0.002708	 -0.071397	  0.071376	  0.060628	  0.151272	  0.125923	  0.188626	  0.091639	  0.113431	  0.060339	  0.116038	  0.026015	 -0.017376	 -0.208737
  0.022991	  0.011863	 -0.067754	  0.056640	  0.071906	  0.156684	  0.118360	  0.164491	  0.117568	  0.102704	  0.051671	  0.081986	 -0.018318	 -0.038502	 -0.240016
  0.009865	  0.036471	 -0.087433	  0.055697	  0.087527	  0.116032	  0.088709	  0.151781	  0.078973	  0.095250	  0.050017	  0.028641	 -0.071121	 -0.062749	 -0.254723
 -0.020070	  0.069648	 -0.076007	  0.029170	  0.109521	  0.099744	  0.077810	  0.122567	  0.014256	  0.048008	  0.030659	  0.004181	 -0.091434	 -0.094506	 -0.275811
 -0.018257	  0.074028	 -0.073625	  0.015484	  0.109167	  0.101767	  0.065894	  0.083278	  0.005046	  0.016804	 -0.017789	 -0.011601	 -0.101807	 -0.137257	 -0.289964
 -0.025391	  0.039722	 -0.078853	  0.025640	  0.107437	  0.111772	  0.029221	  0.021813	 -0.038659	  0.025155	 -0.040334	 -0.032077	 -0.100236	 -0.158054	 -0.276155
 -0.034267	  0.030071	 -0.086396	  0.047762	  0.134734	  0.122308	  0.002860	 -0.003186	 -0.060817	  0.014221	 -0.039527	 -0.054275	 -0.125705	 -0.196919	 -0.277129
 -0.049758	  0.049091	 -0.065056	  0.056080	  0.149401	  0.121734	 -0.011043	  0.008842	 -0.095621	 -0.042559	 -0.075909	 -0.059720	 -0.181848	 -0.261669	 -0.286309
 -0.065899	  0.053063	 -0.032460	  0.062379	  0.129313	  0.111834	 -0.016767	 -0.020188	 -0.140656	 -0.071056	 -0.084149	 -0.092368	 -0.212317	 -0.294905	 -0.289773
 -0.092273	  0.028952	 -0.029371	  0.045818	  0.122744	  0.087083	 -0.027022	 -0.030987	 -0.165505	 -0.085281	 -0.116009	 -0.100534	 -0.273624	 -0.295212	 -0.295145
 -0.086505	  0.010092	 -0.028594	  0.042949	  0.079924	  0.054348	 -0.045541	 -0.034584	 -0.183322	 -0.095831	 -0.155674	 -0.079227	 -0.323951	 -0.300797	 -0.305598
 -0.074156	  0.017136	 -0.014098	  0.036196	  0.048848	  0.041592	 -0.039596	 -0.051074	 -0.170565	 -0.104684	 -0.180530	 -0.111858	 -0.297259	 -0.302599	 -0.292160
 -0.086573	  0.024086	 -0.012425	  0.034092	  0.054755	  0.018540	 -0.069089	 -0.049636	 -0.169017	 -0.113177	 -0.163440	 -0.141611	 -0.286228	 -0.271489	 -0.267309
 -0.112688	  0.009013	 -0.050368	  0.050882	  0.074198	 -0.003754	 -0.109625	 -0.060395	 -0.174663	 -0.128047	 -0.157952	 -0.136681	 -0.306545	 -0.261993	 -0.224155
 -0.082737	  0.008724	 -0.021034	  0.071564	  0.053241	 -0.012242	 -0.121807	 -0.041210	 -0.152837	 -0.105642	 -0.150646	 -0.131684	 -0.315370	 -0.232406	 -0.145590
 -0.055831	 -0.004473	 -0.001763	  0.069832	  0.035711	 -0.013368	 -0.130254	 -0.051964	 -0.125380	 -0.091076	 -0.127299	 -0.128821	 -0.297986	 -0.164496	 -0.095354
 -0.035055	 -0.008176	  0.004268	  0.065699	  0.022800	  0.009268	 -0.133950	 -0.052387	 -0.127091	 -0.096173	 -0.134148	 -0.114795	 -0.254827	 -0.112228	 -0.023260
 -0.030221	 -0.002193	  0.019243	  0.083269	 -0.003895	  0.024704	 -0.153802	 -0.057573	 -0.142053	 -0.085428	 -0.121589	 -0.072803	 -0.223649	 -0.054859	  0.047708
 -0.015701	 -0.017535	  0.017836	  0.082573	 -0.024959	  0.003550	 -0.153854	 -0.070759	 -0.122442	 -0.073070	 -0.107946	 -0.056312	 -0.149710	 -0.019478	  0.050974
 -0.004924	 -0.015982	  0.009076	  0.084988	 -0.030265	 -0.012543	 -0.122130	 -0.107727	 -0.104552	 -0.076184	 -0.081007	 -0.049382	 -0.094476	  0.029064	  0.100736
  0.008284	  0.000385	 -0.016672	  0.083096	 -0.013531	  0.002318	 -0.090101	 -0.098206	 -0.078641	 -0.053563	 -0.046428	  0.025974	 -0.053586	  0.072645	  0.121482
  0.019736	  0.017522	 -0.030390	  0.093676	 -0.004749	  0.045549	 -0.078403	 -0.080355	 -0.093900	  0.016364	 -0.004851	  0.059627	  0.011810	  0.112467	  0.148187
  0.021316	  0.040921	 -0.012289	  0.098093	 -0.007039	  0.042702	 -0.086211	 -0.072771	 -0.088242	  0.069198	  0.027917	  0.062820	  0.060139	  0.143711	  0.172579
  0.036042	  0.086951	  0.005858	  0.088971	  0.010034	  0.042090	 -0.080181	 -0.037240	 -0.066658	  0.089081	  0.005198	  0.058272	  0.081578	  0.132809	  0.194188
  0.040336	  0.072120	 -0.024981	  0.079776	  0.032655	  0.065465	 -0.058774	 -0.022561	 -0.045805	  0.103030	  0.015240	  0.050225	  0.080878	  0.135927	  0.211580
  0.018970	  0.052021	 -0.022589	  0.076029	  0.049782	  0.054995	 -0.064493	  0.001760	 -0.050741	  0.124948	  0.038932	  0.041904	  0.073528	  0.117836	  0.204553
  0.014968	  0.043732	 -0.025762	  0.095503	  0.054734	  0.046631	 -0.060209	  0.018337	 -0.053158	  0.155457	  0.057858	  0.057967	  0.078535	  0.104166	  0.191327
  0.001367	  0.038834	 -0.008494	  0.095540	  0.034552	  0.061379	 -0.040995	  0.048509	 -0.039894	  0.162451	  0.058316	  0.111904	  0.086206	  0.127738	  0.195274
  0.012412	  0.015069	 -0.006009	  0.068135	  0.037824	  0.047072	 -0.025536	  0.080322	 -0.039399	  0.158820	  0.037927	  0.103593	  0.089443	  0.143071	  0.214777
  0.018726	  0.022938	 -0.001215	  0.094735	  0.016078	  0.065253	 -0.053935	  0.096669	 -0.028005	  0.160378	  0.040377	  0.085582	  0.075904	  0.135207	  0.226023
  0.042343	  0.041484	  0.018908	  0.087290	  0.012833	  0.077892	 -0.094186	  0.086838	 -0.025780	  0.187997	  0.056082	  0.095861	  0.087463	  0.144112	  0.207409
  0.077882	  0.047642	  0.025299	  0.089290	  0.004124	  0.067604	 -0.089952	  0.103179	  0.003866	  0.170010	  0.065734	  0.089076	  0.113152	  0.157223	  0.201386
  0.067986	  0.069606	  0.046065	  0.090092	  0.021279	  0.066942	 -0.057240	  0.092612	  0.027167	  0.164789	  0.082490	  0.106718	  0.087773	  0.143947	  0.194341
  0.049225	  0.070606	  0.057349	  0.083885	  0.043508	  0.067509	 -0.026213	  0.086541	  0.004746	  0.154354	  0.101863	  0.106749	  0.098613	  0.099843	  0.171812
  0.029706	  0.085988	  0.056124	  0.103199	  0.053337	  0.053252	  0.016664	  0.085857	 -0.007177	  0.135072	  0.095198	  0.109331	  0.095001	  0.090773	  0.118459
  0.024227	  0.104881	  0.046237	  0.102108	  0.051901	  0.026560	  0.040127	  0.082165	  0.020420	  0.127777	  0.064462	  0.112850	  0.099571	  0.093901	  0.066935
  0.043933	  0.090987	  0.031116	  0.080244	  0.044723	  0.032816	  0.025664	  0.103519	  0.032562	  0.126136	  0.029641	  0.102414	  0.090054	  0.121482	  0.102976
  0.032231	  0.090962	  0.055427	  0.085157	  0.043708	  0.043366	  0.037307	  0.051121	  0.017261	  0.111735	  0.040901	  0.096748	  0.066764	  0.134789	  0.106001
  0.018619	  0.101065	  0.072588	  0.110986	  0.040923	  0.063884	  0.051131	  0.039736	  0.006264	  0.128882	  0.031165	  0.076793	  0.009663	  0.124438	  0.099647
  0.010908	  0.109210	  0.082316	  0.107680	  0.056625	  0.057211	  0.033529	  0.057176	 -0.001827	  0.134447	  0.038608	  0.069987	  0.008330	  0.148137	  0.120707
  0.031286	  0.142041	  0.073691	  0.126122	  0.077024	  0.067661	  0.029340	  0.034085	 -0.015876	  0.128991	  0.017935	  0.079737	  0.038624	  0.166632	  0.126078
  0.042073	  0.146564	  0.075404	  0.140628	  0.053633	  0.089479	  0.034676	  0.044407	 -0.046761	  0.140476	  0.032939	  0.079911	  0.044487	  0.174003	  0.107059
  0.071673	  0.121104	  0.066510	  0.150712	  0.043333	  0.090273	  0.025748	  0.078250	 -0.064130	  0.126728	  0.053156	  0.090129	  0.013802	  0.158947	  0.099238
  0.082581	  0.102407	  0.050869	  0.172680	  0.037306	  0.073061	  0.027078	  0.065598	 -0.091561	  0.101539	  0.052742	  0.085722	 -0.000173	  0.172813	  0.093677
  0.067846	  0.101227	  0.041603	  0.199868	  0.048553	  0.078516	  0.027045	  0.042027	 -0.123123	  0.111309	  0.047382	  0.117362	  0.014513	  0.156925	  0.073094
  0.080694	  0.082642	  0.027990	  0.177683	  0.075356	  0.073872	  0.013846	  0.066325	 -0.112906	  0.112249	  0.044812	  0.123865	 -0.003328	  0.139281	  0.077297
  0.085069	  0.056069	 -0.005970	  0.156947	  0.098082	  0.061748	  0.019407	  0.058195	 -0.081352	  0.100738	  0.044547	  0.124286	 -0.000294	  0.148329	  0.088396
  0.085431	  0.063133	 -0.024138	  0.143574	  0.132250	  0.090200	  0.031396	  0.035799	 -0.078394	  0.119841	  0.038986	  0.121112	  0.038162	  0.148047	  0.099174
  0.067311	  0.061911	 -0.025423	  0.139260	  0.140816	  0.129623	  0.031204	  0.059707	 -0.068786	  0.110824	  0.057660	  0.123437	  0.062324	  0.148677	  0.106098
  0.067441	  0.077420	 -0.019113	  0.131973	  0.113829	  0.131071	  0.007597	  0.107303	 -0.038653	  0.118444	  0.062997	  0.105891	  0.075580	  0.171673	  0.111501
  0.060475	  0.068414	 -0.020869	  0.138822	  0.079265	  0.124576	 -0.001005	  0.104286	 -0.016320	  0.117364	  0.072172	  0.114160	  0.090144	  0.207402	  0.114610
  0.069386	  0.072707	 -0.026063	  0.145583	  0.102278	  0.123716	  0.008972	  0.122575	 -0.032253	  0.153042	  0.077483	  0.127685	  0.084450	  0.245478	  0.110762
  0.075934	  0.083705	 -0.037863	  0.165276	  0.126981	  0.125821	  0.001280	  0.121781	 -0.010241	  0.190397	  0.084234	  0.129943	  0.078439	  0.265979	  0.082576
  0.057572	  0.071069	 -0.054568	  0.190627	  0.117821	  0.159770	  0.033625	  0.106917	 -0.030704	  0.198750	  0.090042	  0.151498	  0.086194	  0.260653	  0.035137
  0.032951	  0.089390	 -0.058319	  0.206188	  0.123632	  0.172420	  0.045811	  0.128260	 -0.024509	  0.203227	  0.142766	  0.161939	  0.111373	  0.228084	  0.031077
  0.038577	  0.144148	 -0.064051	  0.200367	  0.119677	  0.150445	  0.046375	  0.130965	  0.025932	  0.202094	  0.166928	  0.169980	  0.103959	  0.194444	  0.044333
  0.052159	  0.123983	 -0.024487	  0.179986	  0.122451	  0.132152	  0.057871	  0.106349	  0.040821	  0.184308	  0.178838	  0.179232	  0.106635	  0.177505	  0.060800
  0.054887	  0.109779	 -0.003638	  0.203364	  0.136135	  0.159566	  0.038148	  0.092773	  0.066912	  0.169339	  0.177058	  0.184560	  0.095046	  0.191045	  0.107068
  0.059203	  0.118707	  0.000106	  0.223295	  0.132377	  0.175840	  0.014581	  0.086750	  0.089670	  0.167017	  0.163792	  0.157168	  0.091225	  0.205771	  0.128625
  0.047836	  0.121814	 -0.027650	  0.230410	  0.135094	  0.173395	  0.046334	  0.047800	  0.097323	  0.182390	  0.159805	  0.141244	  0.104279	  0.188526	  0.159394
  0.045964	  0.119168	 -0.029733	  0.239638	  0.113553	  0.174507	  0.063707	  0.058167	  0.097317	  0.179745	  0.145174	  0.167941	  0.101392	  0.190481	  0.198061
  0.060707	  0.113878	 -0.022738	  0.220482	  0.119663	  0.165725	  0.088712	  0.068889	  0.120055	  0.154340	  0.141823	  0.211166	  0.115417	  0.197228	  0.223227
  0.067189	  0.102635	 -0.005070	  0.206816	  0.149414	  0.144582	  0.074135	  0.071295	  0.085818	  0.137379	  0.127223	  0.199834	  0.148133	  0.188477	  0.246516
  0.081760	  0.093194	 -0.008748	  0.207526	  0.200764	  0.125438	  0.062897	  0.084592	  0.075984	  0.144742	  0.144584	  0.165310	  0.159189	  0.186927	  0.245348
  0.070422	  0.107442	 -0.009270	  0.200457	  0.202413	  0.112023	  0.047434	  0.062864	  0.059612	  0.126945	  0.162663	  0.150125	  0.176510	  0.212357	  0.230061
  0.060326	  0.112961	  0.018935	  0.184306	  0.182737	  0.101706	  0.046932	  0.049267	  0.041505	  0.127069	  0.193037	  0.163037	  0.187517	  0.218404	  0.225948
  0.043805	  0.106113	 -0.009318	  0.183940	  0.168293	  0.117300	  0.058399	  0.039473	  0.047065	  0.164053	  0.198761	  0.151553	  0.212774	  0.212967	  0.193228
  0.039318	  0.093730	 -0.019119	  0.165340	  0.151817	  0.151763	  0.054680	  0.022080	  0.076735	  0.199346	  0.167866	  0.154170	  0.220325	  0.210114	  0.178226
  0.050951	  0.120204	 -0.033719	  0.171752	  0.185322	  0.180029	  0.071301	  0.034907	  0.071917	  0.210401	  0.183130	  0.148349	  0.183206	  0.179074	  0.214177
  0.060817	  0.161847	 -0.017307	  0.209640	  0.185388	  0.165404	  0.086909	  0.043207	  0.080584	  0.207065	  0.181465	  0.105618	  0.184519	  0.160749	  0.220385
  0.058328	  0.164313	 -0.013126	  0.234513	  0.151187	  0.175142	  0.092128	  0.040133	  0.079099	  0.206042	  0.192170	  0.089759	  0.192571	  0.162503	  0.224877
  0.067784	  0.152694	  0.018112	  0.255946	  0.166847	  0.199155	  0.087959	  0.037361	  0.068026	  0.192719	  0.185471	  0.095771	  0.196519	  0.154641	  0.245104
  0.065821	  0.141326	  0.019804	  0.232818	  0.172267	  0.203186	  0.106973	  0.041056	  0.084581	  0.173881	  0.190837	  0.083845	  0.165603	  0.128844	  0.262474
  0.050905	  0.133712	  0.012237	  0.221705	  0.151763	  0.199195	  0.091683	  0.077012	  0.087877	  0.178084	  0.193539	  0.055354	  0.163242	  0.139021	  0.261248
  0.077768	  0.142033	  0.006242	  0.237405	  0.136693	  0.215977	  0.099657	  0.124734	  0.073039	  0.172164	  0.207092	  0.068408	  0.163177	  0.164949	  0.279978
  0.081805	  0.170015	  0.020272	  0.234685	  0.170365	  0.179611	  0.112852	  0.134748	  0.077406	  0.200173	  0.225363	  0.090695	  0.185785	  0.179180	  0.302238
  0.065049	  0.180670	  0.041130	  0.185432	  0.173642	  0.163577	  0.105090	  0.145234	  0.061783	  0.201782	  0.206351	  0.104040	  0.221041	  0.188258	  0.309308
  0.055552	  0.154900	  0.048026	  0.156042	  0.164564	  0.163683	  0.137208	  0.126341	  0.063407	  0.151412	  0.219638	  0.091043	  0.207465	  0.190389	  0.335427
  0.041676	  0.111952	  0.050426	  0.159804	  0.153925	  0.176106	  0.134807	  0.112211	  0.040104	  0.141272	  0.219253	  0.088374	  0.184733	  0.215024	  0.345721
  0.045425	  0.107591	  0.042440	  0.148293	  0.146286	  0.166403	  0.110273	  0.102630	  0.012849	  0.143906	  0.228300	  0.118338	  0.188846	  0.219458	  0.341785
  0.017272	  0.125333	  0.044248	  0.127356	  0.140268	  0.172127	  0.088363	  0.111722	  0.022957	  0.139752	  0.229504	  0.108494	  0.156319	  0.201857	  0.300447
  0.039910	  0.109861	  0.049679	  0.130496	  0.118508	  0.180942	  0.080352	  0.102121	  0.028862	  0.112983	  0.241791	  0.087852	  0.132844	  0.198016	  0.285502
  0.058788	  0.090273	  0.058170	  0.138334	  0.148165	  0.167632	  0.097591	  0.101038	  0.030929	  0.112734	  0.255147	  0.083297	  0.153174	  0.203634	  0.247452
  0.058785	  0.094581	  0.056633	  0.156756	  0.161699	  0.138162	  0.093513	  0.107590	  0.011852	  0.126652	  0.227804	  0.090713	  0.172109	  0.206942	  0.209646
  0.058022	  0.102100	  0.041003	  0.161506	  0.145372	  0.115939	  0.107734	  0.115283	  0.001760	  0.122870	  0.206881	  0.088142	  0.179059	  0.202531	  0.185118
  0.067745	  0.095069	  0.047710	  0.159396	  0.158758	  0.108119	  0.088364	  0.123017	  0.019148	  0.123300	  0.180881	  0.082940	  0.149265	  0.190981	  0.166970
  0.084552	  0.095592	  0.055441	  0.178963	  0.159289	  0.142020	  0.093884	  0.093278	  0.040491	  0.113450	  0.198458	  0.068123	  0.135616	  0.238157	  0.163890
  0.102544	  0.078564	  0.052312	  0.209606	  0.154682	  0.150777	  0.097775	  0.058629	  0.047203	  0.132451	  0.189751	  0.056310	  0.148181	  0.261837	  0.173386
  0.100337	  0.044347	  0.042203	  0.219028	  0.152310	  0.127389	  0.093517	  0.039544	  0.051101	  0.127192	  0.183350	  0.062630	  0.177727	  0.248836	  0.185358
  0.084045	  0.036756	  0.023024	  0.225175	  0.136611	  0.113026	  0.080658	  0.061537	  0.065792	  0.125132	  0.167805	  0.078141	  0.166340	  0.218773	  0.162204
  0.107904	  0.055193	  0.016295	  0.208729	  0.146660	  0.114741	  0.080693	  0.040131	  0.069753	  0.134151	  0.147442	  0.061593	  0.179499	  0.189635	  0.144850
  0.091985	  0.047625	  0.029526	  0.202681	  0.170241	  0.126451	  0.108540	  0.048102	  0.049403	  0.122551	  0.154320	  0.074135	  0.160012	  0.155675	  0.135830
  0.081283	  0.067348	  0.045465	  0.185407	  0.195195	  0.137915	  0.131754	  0.103845	  0.058226	  0.125567	  0.124741	  0.074934	  0.146256	  0.127202	  0.125312
  0.086558	  0.069103	  0.052767	  0.192943	  0.198655	  0.173489	  0.134759	  0.118996	  0.045644	  0.153500	  0.090107	  0.089740	  0.132116	  0.111241	  0.115145
  0.082935	  0.069209	  0.050207	  0.174318	  0.199077	  0.177193	  0.131350	  0.121943	  0.032561	  0.190342	  0.090215	  0.122962	  0.166731	  0.117462	  0.137929
  0.086614	  0.087424	  0.051250	  0.156669	  0.188949	  0.162305	  0.145654	  0.116848	  0.042840	  0.193292	  0.096907	  0.111411	  0.188309	  0.112467	  0.160353
  0.104287	  0.096716	  0.058313	  0.181671	  0.157385	  0.143536	  0.176237	  0.119076	  0.059283	  0.201994	  0.100232	  0.095504	  0.190915	  0.079699	  0.145708
  0.116346	  0.104497	  0.067895	  0.207731	  0.164582	  0.125610	  0.190140	  0.095961	  0.069678	  0.200566	  0.099107	  0.129752	  0.184774	  0.081137	  0.138936
  0.109824	  0.099226	  0.088288	  0.255256	  0.184794	  0.132373	  0.183888	  0.080206	  0.055292	  0.196143	  0.109698	  0.158330	  0.180127	  0.080057	  0.144318
  0.098857	  0.083882	  0.101327	  0.216934	  0.183259	  0.152438	  0.161699	  0.094831	  0.066700	  0.199600	  0.096927	  0.154332	  0.184321	  0.054657	  0.160848
  0.101321	  0.088374	  0.092064	  0.182714	  0.168901	  0.167587	  0.137862	  0.099472	  0.086886	  0.210884	  0.096187	  0.164618	  0.170857	  0.047582	  0.180827
  0.099386	  0.105861	  0.074935	  0.167475	  0.164043	  0.168656	  0.115642	  0.106711	  0.071738	  0.187322	  0.124744	  0.180205	  0.163328	  0.049857	  0.193564
  0.087354	  0.129712	  0.078133	  0.182891	  0.168882	  0.160319	  0.122957	  0.088963	  0.068502	  0.192811	  0.129909	  0.187140	  0.163505	  0.078244	  0.203594
  0.100577	  0.125331	  0.094877	  0.188926	  0.168566	  0.155346	  0.127961	  0.087581	  0.091316	  0.191841	  0.112400	  0.206112	  0.141026	  0.084845	  0.198107
  0.093167	  0.141095	  0.100062	  0.197288	  0.158551	  0.136128	  0.137024	  0.126990	  0.085762	  0.191115	  0.093457	  0.206173	  0.143676	  0.071090	  0.204561
 -0.000759	 -0.011103	 -0.035085	 -0.028385	  0.007589	  0.018666	  0.024966	  0.053592	  0.020081	 -0.025754	 -0.058666	 -0.005391	  0.024159	 -0.030705	  0.003325
  0.008275	  0.004473	 -0.011550	 -0.038582	  0.008794	  0.035019	  0.009065	  0.066400	  0.013360	 -0.038843	 -0.049673	  0.002214	  0.021483	 -0.061578	 -0.023368
  0.007548	  0.017238	  0.002551	 -0.041261	 -0.016173	  0.032831	 -0.003105	  0.076280	  0.010056	 -0.076810	 -0.026856	  0.003740	  0.046954	 -0.025770	 -0.049697
  0.017529	  0.025611	 -0.025384	 -0.054359	 -0.010644	  0.015733	 -0.015365	  0.061255	  0.009992	 -0.082793	 -0.007495	 -0.003435	  0.058288	 -0.013379	 -0.048988
  0.008492	  0.011771	 -0.043802	 -0.035351	  0.022989	  0.008125	  0.008166	  0.035201	 -0.006319	 -0.048256	  0.000859	 -0.032804	  0.063756	 -0.018597	 -0.023778
 -0.033787	  0.022024	 -0.050799	 -0.031842	  0.034459	  0.001863	  0.003486	  0.048329	 -0.005485	 -0.035304	  0.026612	 -0.016955	  0.070197	 -0.026680	  0.015366
 -0.050668	  0.019408	 -0.024544	 -0.020240	  0.008262	  0.010918	  0.006990	  0.028717	 -0.008865	 -0.033788	  0.028790	  0.015776	  0.049776	 -0.023911	  0.044292
 -0.052051	  0.000415	 -0.028030	 -0.006552	  0.043557	 -0.015293	 -0.011254	  0.012188	 -0.011836	 -0.025121	  0.020964	  0.035390	  0.026010	  0.003466	  0.030713
 -0.011057	 -0.000137	 -0.038011	 -0.006551	  0.053713	 -0.054568	 -0.015223	 -0.030840	 -0.020826	 -0.024005	  0.009766	  0.042453	  0.003658	 -0.002737	 -0.001543
  0.017381	  0.013698	 -0.047647	  0.003127	  0.039837	 -0.047223	 -0.021074	 -0.044948	 -0.040606	 -0.016802	  0.008354	  0.037480	  0.003211	 -0.003167	 -0.013786
  0.012936	  0.016072	 -0.039712	 -0.009599	  0.035530	 -0.021418	 -0.013245	 -0.030699	 -0.021237	  0.005701	  0.008178	  0.052391	  0.010365	 -0.005888	 -0.004007
  0.030146	 -0.007205	 -0.003570	  0.004181	  0.026814	  0.000202	  0.013689	 -0.047110	  0.016556	  0.038026	  0.009844	  0.029575	 -0.007886	  0.001439	 -0.006076
  0.032709	  0.006531	  0.001139	  0.030621	  0.015996	 -0.016780	  0.025221	 -0.044408	  0.008119	  0.030380	  0.004932	  0.042111	 -0.011982	 -0.021497	 -0.031146
  0.016260	  0.008001	 -0.000197	  0.052944	 -0.009063	 -0.010553	  0.015497	 -0.054280	  0.011300	  0.044736	 -0.009109	  0.024949	 -0.020786	 -0.031201	  0.002994
 -0.005755	  0.019365	  0.060887	  0.035525	 -0.027712	  0.002056	 -0.006094	 -0.038465	 -0.009542	  0.058119	  0.010353	  0.009415	 -0.032745	 -0.003698	  0.041718
 -0.016566	 -0.005534	  0.048442	  0.012734	 -0.041718	  0.014345	  0.009308	 -0.031470	 -0.003953	  0.067715	 -0.005054	 -0.017901	 -0.058387	  0.023834	  0.041126
 -0.020520	 -0.026715	  0.062866	  0.013940	 -0.052537	  0.001291	  0.001084	 -0.031537	  0.005571	  0.051282	  0.002086	 -0.026915	 -0.057173	  0.049464	  0.044350
  0.006123	 -0.019864	  0.069903	  0.029493	 -0.045944	  0.003068	 -0.007970	 -0.029984	  0.003962	  0.050120	  0.000435	 -0.051434	 -0.052037	  0.064003	  0.032873
  0.019083	 -0.035854	  0.056540	  0.048951	 -0.047798	  0.020686	 -0.016675	 -0.015545	  0.019032	  0.037468	  0.017112	 -0.076346	 -0.067460	  0.067069	 -0.021653
  0.014682	 -0.058195	  0.046002	  0.041207	 -0.045951	  0.001035	 -0.007467	  0.017325	  0.010641	  0.023930	  0.008569	 -0.064311	 -0.069403	  0.059532	 -0.032716
  0.004450	 -0.028691	  0.034430	  0.030976	 -0.033760	  0.022104	  0.008858	  0.045356	  0.015524	  0.054577	  0.016828	 -0.071355	 -0.043599	  0.050476	 -0.047785
  0.005769	 -0.016708	 -0.002231	  0.014493	 -0.024266	  0.017934	  0.031848	  0.054815	  0.022974	  0.077251	  0.021164	 -0.049524	 -0.048155	  0.081295	 -0.078391
  0.007239	 -0.022414	 -0.029629	 -0.007926	 -0.007106	 -0.014659	  0.022381	  0.062650	  0.037691	  0.032202	  0.029969	 -0.059194	 -0.069579	  0.104673	 -0.091839
  0.002294	 -0.025163	  0.007727	  0.004707	  0.018700	 -0.032227	  0.020627	  0.071826	  0.050499	  0.041309	  0.011517	 -0.064489	 -0.045822	  0.088890	 -0.111443
 -0.002765	 -0.030541	  0.008044	  0.026197	  0.011555	 -0.010782	  0.021098	  0.073789	  0.069512	  0.058440	 -0.010090	 -0.089505	 -0.001386	  0.073425	 -0.102846
 -0.005467	 -0.020909	 -0.014855	  0.026912	 -0.005594	  0.001460	  0.003654	  0.048865	  0.066376	  0.061762	 -0.007440	 -0.072535	  0.025366	  0.061599	 -0.096307
 -0.005935	 -0.012964	 -0.031370	 -0.021986	 -0.004429	  0.006381	  0.021806	  0.020328	  0.038122	  0.077523	 -0.012277	 -0.058234	  0.033534	  0.049545	 -0.101394
  0.005073	  0.009318	 -0.042020	 -0.033648	  0.002840	  0.003997	  0.018133	  0.026462	  0.048807	  0.066984	 -0.030157	 -0.039310	  0.057725	  0.030113	 -0.081103
 -0.016842	  0.010524	 -0.035622	 -0.043625	 -0.015466	  0.016898	  0.014738	  0.021131	  0.073785	  0.041377	 -0.043878	 -0.020175	  0.080683	  0.013227	 -0.069629
  0.013812	 -0.001784	 -0.021902	 -0.061080	 -0.040427	  0.016421	  0.018083	  0.056241	  0.116810	  0.060860	 -0.068683	 -0.018248	  0.090746	 -0.000037	 -0.072347
  0.024080	 -0.011497	 -0.025665	 -0.047301	 -0.005858	  0.050801	  0.051919	  0.069071	  0.158911	  0.090367	 -0.067150	 -0.029703	  0.081810	  0.027553	 -0.078549
  0.009761	 -0.016710	 -0.041155	 -0.037427	  0.027692	  0.044995	  0.061398	  0.046372	  0.143605	  0.097590	 -0.014296	  0.015132	  0.075855	  0.028317	 -0.090571
  0.009406	  0.002853	 -0.032615	 -0.020379	  0.018646	  0.037628	  0.098080	  0.077811	  0.148907	  0.096791	 -0.008458	  0.074352	  0.077253	  0.004855	 -0.093012
 -0.022162	 -0.023575	 -0.017421	 -0.003358	  0.011990	  0.020248	  0.103927	  0.105010	  0.163364	  0.083460	 -0.012289	  0.099684	  0.072907	  0.012744	 -0.070761
  0.004434	 -0.021123	 -0.008829	 -0.008495	  0.018020	  0.003711	  0.071877	  0.095906	  0.153420	  0.122864	 -0.013919	  0.108145	  0.042018	  0.015382	 -0.057340
  0.013501	 -0.007924	  0.000071	 -0.024435	  0.048115	  0.043358	  0.040370	  0.096174	  0.122370	  0.124398	 -0.017322	  0.124672	  0.041778	  0.000983	 -0.072788
 -0.010216	 -0.008180	 -0.013937	 -0.029994	  0.064588	  0.033774	  0.040292	  0.093358	  0.136346	  0.091180	 -0.023777	  0.126997	  0.055158	  0.003953	 -0.079205
  0.006346	 -0.000228	 -0.024083	 -0.026584	  0.027515	  0.042214	  0.055842	  0.103677	  0.114779	  0.079442	 -0.030745	  0.116510	  0.053311	  0.011832	 -0.028520
  0.017448	 -0.018507	 -0.028706	  0.001294	  0.023694	  0.029368	  0.061185	  0.133613	  0.099816	  0.094960	 -0.029263	  0.104583	  0.047063	  0.049913	  0.000601
  0.036958	 -0.030576	 -0.048051	  0.005784	  0.012752	  0.014695	  0.046990	  0.123902	  0.069924	  0.108313	 -0.066782	  0.098626	  0.048888	  0.039734	  0.019148
  0.022064	 -0.047533	 -0.033931	 -0.021711	  0.007698	  0.013790	  0.053551	  0.079449	  0.038844	  0.086477	 -0.076985	  0.083447	  0.060701	  0.029891	  0.039974
  0.022527	 -0.040013	 -0.015243	 -0.010080	 -0.009774	  0.008830	  0.082368	  0.022771	 -0.018408	  0.074099	 -0.043351	  0.063613	  0.064690	  0.036728	  0.041821
  0.051293	 -0.025551	 -0.001046	 -0.001129	 -0.014938	  0.004937	  0.096764	  0.025256	 -0.018235	  0.078310	 -0.047347	  0.038483	  0.055212	  0.019307	  0.037220
  0.033187	 -0.025793	  0.023013	  0.016404	  0.011574	  0.012905	  0.083284	  0.049806	 -0.010255	  0.084427	 -0.055395	  0.027291	  0.050536	  0.009049	  0.037762
  0.022487	  0.001782	  0.024188	  0.040198	  0.031422	  0.014413	  0.065075	  0.040440	 -0.002124	  0.083916	 -0.046889	  0.025152	  0.018348	  0.019071	  0.035906
  0.006454	  0.011182	  0.027571	  0.051875	  0.007533	  0.026338	  0.058444	  0.040249	  0.006675	  0.083682	 -0.046280	  0.053464	  0.003284	  0.023957	 -0.001777
  0.008872	  0.017699	  0.023814	  0.060836	 -0.006003	  0.027397	  0.030226	  0.047613	 -0.016096	  0.091169	 -0.053829	  0.058552	  0.026702	  0.012940	  0.010894
 -0.004112	  0.000081	 -0.012994	  0.038387	 -0.028321	  0.008877	  0.038878	  0.046852	 -0.019429	  0.094848	 -0.088363	  0.059893	  0.034341	  0.042845	  0.017817
  0.001458	 -0.000465	 -0.032255	  0.029823	 -0.042601	 -0.007601	  0.046612	  0.022297	 -0.026292	  0.091118	 -0.082841	  0.061787	  0.050996	  0.042992	 -0.002899
  0.000042	 -0.027610	 -0.020903	  0.031213	 -0.031509	 -0.013373	  0.043742	  0.032032	 -0.023717	  0.065038	 -0.073783	  0.080777	  0.042526	  0.050761	 -0.000421
 -0.002405	 -0.046355	 -0.018973	  0.014442	 -0.033989	 -0.004937	  0.040072	  0.029964	 -0.011706	  0.042141	 -0.063340	  0.087514	  0.006277	  0.062474	  0.001539
 -0.016779	 -0.030922	 -0.010204	  0.005220	 -0.032000	 -0.003611	  0.070318	  0.020353	  0.007803	  0.018094	 -0.053226	  0.079919	 -0.008579	  0.061325	 -0.003152
  0.000807	 -0.024648	  0.002097	 -0.002382	 -0.036358	  0.004221	  0.066180	  0.044957	  0.035686	  0.017950	 -0.075083	  0.096368	 -0.027397	  0.040826	 -0.008040
  0.008982	 -0.011464	  0.013317	 -0.012184	 -0.038912	 -0.005217	  0.039839	  0.049065	  0.043610	  0.000827	 -0.080899	  0.073599	 -0.028018	  0.031955	 -0.050479
  0.015634	  0.010015	  0.004394	  0.012871	 -0.056370	 -0.020095	  0.031804	  0.043921	  0.061347	 -0.017393	 -0.078338	  0.073061	 -0.052348	  0.036043	 -0.059835
  0.031330	 -0.004661	 -0.018693	  0.033556	 -0.094177	 -0.027738	  0.012756	  0.071529	  0.044529	 -0.015551	 -0.056273	  0.074798	 -0.026264	  0.041486	 -0.075573
  0.019386	 -0.009562	 -0.037852	  0.034465	 -0.089039	 -0.010500	  0.011354	  0.072798	  0.013797	 -0.038052	 -0.019233	  0.069393	 -0.021430	  0.002466	 -0.088999
  0.010487	  0.001020	 -0.015454	  0.030520	 -0.055496	 -0.015074	  0.039378	  0.039743	 -0.001945	 -0.017367	 -0.001353	  0.078174	 -0.024369	  0.003539	 -0.083484
  0.023889	  0.016394	 -0.014471	  0.012325	 -0.055494	 -0.010867	  0.054478	  0.036906	  0.017318	 -0.023049	 -0.002783	  0.100102	 -0.034150	  0.014402	 -0.066760
  0.012941	  0.033827	 -0.011438	  0.011283	 -0.083824	  0.002371	  0.059922	  0.067981	  0.040849	 -0.010651	 -0.006518	  0.092743	 -0.042916	  0.009043	 -0.075882
  0.043812	  0.033319	 -0.011490	  0.015329	 -0.077104	  0.026002	  0.059740	  0.068137	  0.053234	 -0.022061	 -0.018922	  0.086546	 -0.024454	  0.011651	 -0.073928
  0.025007	 -0.000130	 -0.009193	  0.006407	 -0.061558	  0.043996	  0.031257	  0.059490	  0.059341	 -0.040283	 -0.006421	  0.087849	 -0.041079	  0.023336	 -0.066943
  0.033958	 -0.000374	 -0.014511	 -0.006473	 -0.044684	  0.041497	  0.003511	  0.053842	  0.041734	 -0.003310	  0.013112	  0.100847	 -0.045939	  0.029502	 -0.082839
  0.061159	  0.016451	 -0.001473	 -0.007184	 -0.023441	  0.027692	 -0.025591	  0.063140	  0.066309	  0.026180	  0.031635	  0.142845	 -0.024652	  0.040265	 -0.082931
  0.085818	  0.029013	  0.001301	  0.027318	 -0.005461	  0.014973	 -0.005774	  0.084000	  0.094637	  0.033596	  0.043001	  0.154209	  0.017244	  0.038158	 -0.099156
  0.084436	  0.042291	 -0.015155	  0.052619	 -0.006478	  0.017234	  0.014159	  0.084518	  0.101998	  0.039979	  0.012701	  0.130920	 -0.001109	  0.023128	 -0.142216
  0.075048	  0.066553	 -0.011246	  0.052756	 -0.030890	  0.010428	  0.023553	  0.104294	  0.069357	  0.042774	  0.000445	  0.102162	  0.004845	  0.024169	 -0.156361
  0.068952	  0.086071	 -0.017909	  0.047406	 -0.040184	  0.008432	  0.011474	  0.108535	  0.068119	  0.031762	  0.009600	  0.115727	  0.016796	  0.050595	 -0.133174
  0.045168	  0.069497	 -0.036443	  0.088094	 -0.032704	  0.009322	 -0.036950	  0.091698	  0.086522	  0.029207	  0.016456	  0.135125	  0.017168	  0.082097	 -0.117269
  0.014198	  0.029531	 -0.022644	  0.101886	 -0.030874	  0.008757	 -0.047748	  0.061297	  0.077253	  0.020749	  0.009463	  0.133895	  0.008231	  0.069303	 -0.102953
  0.015168	  0.042320	 -0.030901	  0.083570	 -0.029285	 -0.001585	 -0.044010	  0.065459	  0.067442	  0.016679	 -0.038355	  0.138517	  0.020134	  0.066877	 -0.075711
  0.031644	  0.030815	 -0.044642	  0.070482	 -0.027591	 -0.004497	 -0.012667	  0.064580	  0.086046	  0.010766	 -0.061283	  0.123986	  0.013594	  0.047629	 -0.056244
  0.055350	  0.037666	 -0.031028	  0.084063	 -0.027585	  0.001357	 -0.002916	  0.074819	  0.079847	  0.016794	 -0.062092	  0.110925	 -0.002508	  0.043003	 -0.030319
  0.102645	  0.037130	 -0.003014	  0.057338	 -0.015652	  0.022375	 -0.005334	  0.053604	  0.089087	  0.028707	 -0.068253	  0.107256	  0.028105	  0.096982	 -0.001499
  0.082275	  0.007121	  0.007721	  0.026295	 -0.037209	  0.019271	  0.005461	  0.064606	  0.092786	  0.035827	 -0.080803	  0.110498	  0.036107	  0.104752	  0.020111
  0.068753	  0.013974	 -0.026036	  0.003689	 -0.023364	  0.006044	  0.011834	  0.075287	  0.059442	  0.051163	 -0.087231	  0.112755	  0.030917	  0.105308	  0.006360
  0.090581	  0.028693	 -0.004176	 -0.032023	 -0.009182	 -0.031552	  0.034300	  0.075858	  0.041578	  0.072484	 -0.071294	  0.090517	  0.050802	  0.099401	 -0.014463
  0.101759	  0.007346	  0.017248	 -0.031376	 -0.020303	 -0.053318	  0.003735	  0.097124	  0.015565	  0.098878	 -0.065166	  0.060075	  0.056330	  0.084176	  0.009953
  0.089756	  0.001355	  0.046763	 -0.045309	  0.013191	 -0.035950	  0.004017	  0.086981	  0.009800	  0.090569	 -0.086456	  0.052152	  0.055491	  0.082267	  0.023465
  0.085032	 -0.020280	  0.052193	 -0.047212	  0.027914	 -0.034648	 -0.028822	  0.078752	  0.003921	  0.082677	 -0.092201	  0.071193	  0.048181	  0.086582	  0.008233
  0.112933	 -0.024621	  0.021154	 -0.060462	  0.022505	 -0.041563	 -0.046439	  0.098860	  0.035766	  0.084938	 -0.050980	  0.044105	  0.015755	  0.104717	  0.009851
  0.111489	  0.010893	 -0.039106	 -0.051203	  0.055674	 -0.038377	 -0.039282	  0.095933	  0.045680	  0.097105	 -0.029576	  0.041521	  0.014328	  0.087515	  0.023766
  0.093120	  0.016683	 -0.022852	 -0.050491	  0.060889	 -0.033544	 -0.022544	  0.067302	  0.045863	  0.116585	 -0.059168	  0.048820	  0.005409	  0.107998	  0.031997
  0.084591	 -0.018635	  0.000848	 -0.037860	  0.041051	 -0.024695	 -0.008855	  0.045419	  0.052246	  0.113958	 -0.077446	  0.059828	 -0.002976	  0.111922	  0.028742
  0.082196	 -0.040828	 -0.015932	 -0.007511	  0.015851	 -0.002540	 -0.029470	  0.034982	  0.055221	  0.105236	 -0.074077	  0.039065	 -0.017177	  0.094185	  0.012738
  0.066427	 -0.021679	 -0.007098	 -0.007447	  0.011849	 -0.007533	 -0.039944	  0.046175	  0.066593	  0.122629	 -0.062510	  0.027824	 -0.030148	  0.114425	  0.007594
  0.058762	 -0.024981	  0.010157	 -0.010687	 -0.000929	 -0.006839	 -0.031074	  0.081280	  0.082736	  0.150041	 -0.056696	  0.030180	 -0.022616	  0.107638	 -0.007261
  0.060459	 -0.009654	  0.040015	 -0.028915	  0.023400	 -0.001433	 -0.033758	  0.093511	  0.079973	  0.169294	 -0.057449	  0.015369	 -0.017371	  0.073963	 -0.034180
  0.046756	  0.020473	  0.044289	 -0.022320	  0.048713	  0.027679	 -0.031167	  0.100196	  0.057320	  0.162207	 -0.030134	  0.025903	 -0.062988	  0.045787	 -0.026669
  0.029013	  0.037140	  0.049121	 -0.015793	  0.017720	  0.016169	 -0.045974	  0.108396	  0.039113	  0.159898	 -0.001109	  0.010061	 -0.051008	  0.051747	 -0.027873
 -0.004655	  0.026359	  0.059893	  0.012467	 -0.009578	 -0.006163	 -0.042055	  0.132968	  0.039829	  0.156805	  0.012545	 -0.010896	 -0.030056	  0.039626	 -0.046677
  0.016134	  0.041251	  0.057946	 -0.017815	 -0.008898	  0.005497	 -0.055425	  0.119437	  0.019001	  0.151465	  0.032206	 -0.017547	 -0.035642	  0.007035	 -0.036783
  0.020317	  0.042796	  0.065833	 -0.060281	  0.010331	 -0.014209	 -0.036281	  0.067892	 -0.016495	  0.160528	  0.036070	  0.013444	 -0.046251	 -0.004289	 -0.058317
  0.012962	  0.029029	  0.057914	 -0.080064	  0.007553	 -0.050167	 -0.027820	  0.040335	 -0.022725	  0.161331	  0.041829	  0.051459	 -0.079207	 -0.003215	 -0.062375
 -0.005447	  0.043269	  0.051787	 -0.055213	 -0.021895	 -0.058579	 -0.016637	  0.074642	 -0.028170	  0.141190	  0.017921	  0.048300	 -0.105654	  0.003316	 -0.070359
 -0.005949	  0.026339	  0.045579	 -0.031457	  0.003299	 -0.038576	  0.006751	  0.085342	 -0.023559	  0.084421	  0.030180	  0.058705	 -0.095880	  0.003681	 -0.092456
 -0.000180	  0.015607	  0.014701	 -0.015948	  0.021110	 -0.028747	 -0.002468	  0.093038	 -0.007532	  0.044498	  0.047317	  0.077374	 -0.085174	  0.017054	 -0.100435
  0.020022	  0.026521	  0.022613	  0.000174	  0.035297	 -0.028880	 -0.000739	  0.089029	 -0.021510	  0.054847	  0.023896	  0.073399	 -0.077703	  0.020503	 -0.110128
  0.046398	  0.036354	  0.004820	 -0.001977	  0.035017	 -0.008890	 -0.001791	  0.097447	 -0.022109	  0.032067	  0.019497	  0.076518	 -0.050070	  0.027741	 -0.131553
  0.084583	  0.021981	  0.020476	 -0.019741	  0.026058	 -0.003774	 -0.021264	  0.043340	  0.021321	  0.027442	  0.014851	  0.096133	 -0.057883	  0.015505	 -0.142688
  0.080472	  0.005432	  0.027399	 -0.028214	  0.014995	  0.004499	 -0.026292	  0.008999	  0.023385	  0.036677	  0.026081	  0.093114	 -0.077196	  0.034510	 -0.156520
  0.062489	  0.015463	  0.043610	 -0.026145	  0.034314	  0.021407	 -0.024380	  0.031819	  0.010004	  0.018169	  0.005577	  0.112290	 -0.076307	  0.043139	 -0.163462
  0.043535	  0.015648	  0.035015	 -0.023354	  0.036980	  0.026007	 -0.028177	  0.047599	  0.003004	  0.009300	  0.003063	  0.120196	 -0.064436	  0.048681	 -0.135889
  0.053376	 -0.001542	  0.029435	 -0.002125	  0.012594	  0.035337	 -0.051043	  0.055502	 -0.018962	  0.020645	 -0.009912	  0.104950	 -0.051438	  0.063803	 -0.122557
  0.058796	  0.027460	  0.030933	 -0.012260	  0.000753	  0.038795	 -0.013088	  0.066959	 -0.027831	  0.023042	 -0.024155	  0.083892	 -0.048644	  0.081956	 -0.108137
  0.054244	  0.036424	  0.009791	 -0.026315	  0.020383	  0.046583	 -0.012811	  0.098798	 -0.014819	  0.006656	 -0.012667	  0.091393	 -0.050317	  0.099400	 -0.110899
  0.047690	  0.041828	 -0.002050	 -0.023029	 -0.002780	  0.061441	 -0.010421	  0.106851	 -0.006635	 -0.012137	 -0.022825	  0.079485	 -0.066858	  0.106804	 -0.082143
  0.054014	  0.043800	 -0.009130	 -0.001678	  0.000216	  0.049607	  0.005739	  0.103989	  0.003563	 -0.016117	 -0.042212	  0.095401	 -0.083901	  0.095832	 -0.054756
  0.088110	  0.061476	 -0.018823	  0.000370	  0.001524	  0.029911	 -0.011582	  0.072661	  0.010654	 -0.000116	 -0.051607	  0.100640	 -0.075696	  0.106288	 -0.042214
  0.079704	  0.094592	  0.001373	 -0.001444	  0.013530	  0.029690	 -0.014822	  0.066826	  0.017204	  0.000268	 -0.055380	  0.101740	 -0.078995	  0.101133	 -0.018801
  0.055224	  0.087801	  0.061283	  0.010736	  0.033698	  0.019092	 -0.013008	  0.081519	  0.002606	  0.008746	 -0.037682	  0.088313	 -0.096614	  0.082189	 -0.003792
  0.057951	  0.079594	  0.075932	  0.039214	  0.036944	  0.032689	 -0.016881	  0.076261	 -0.010075	  0.027198	 -0.026140	  0.079480	 -0.077013	  0.076218	  0.008150
  0.090990	  0.069658	  0.074323	  0.051795	  0.012921	  0.043828	 -0.018686	  0.039151	 -0.023759	 -0.008004	 -0.044512	  0.091078	 -0.076635	  0.058563	  0.011272
  0.109305	  0.063172	  0.062045	  0.055637	  0.012859	  0.049430	 -0.010046	  0.036677	 -0.023022	 -0.027986	 -0.053107	  0.066735	 -0.085943	  0.037930	 -0.002176
  0.100430	  0.054231	  0.048242	  0.021479	  0.018669	  0.026384	 -0.025449	  0.063481	  0.000009	 -0.044118	 -0.045624	  0.072398	 -0.105642	  0.028425	 -0.019084
  0.067758	  0.031391	  0.031293	 -0.012805	  0.022052	 -0.010800	 -0.019930	  0.065751	 -0.000581	 -0.043488	 -0.050242	  0.084518	 -0.094026	  0.065933	 -0.025709
  0.055849	  0.022281	  0.026470	 -0.009354	  0.022450	 -0.007070	 -0.002875	  0.077648	  0.000432	  0.004975	 -0.057522	  0.088858	 -0.100881	  0.063550	 -0.018273
  0.058687	  0.015470	  0.014509	  0.001617	  0.036771	  0.013326	  0.034741	  0.085158	 -0.013231	  0.032361	 -0.073494	  0.043081	 -0.102910	  0.058184	 -0.029232
  0.062300	 -0.001841	  0.003009	  0.035313	  0.034610	 -0.001848	  0.049198	  0.065318	 -0.037224	  0.032897	 -0.087336	  0.004995	 -0.081999	  0.069730	 -0.059936
  0.068093	  0.011452	  0.005183	  0.042011	  0.007574	 -0.019151	  0.043347	  0.053325	 -0.028421	  0.022887	 -0.057217	 -0.023501	 -0.063225	  0.058721	 -0.061682
  0.040908	  0.031003	  0.053825	  0.052616	  0.009051	 -0.019555	  0.049646	  0.061206	 -0.035409	  0.008143	 -0.035268	 -0.016669	 -0.047714	  0.054469	 -0.038437
  0.018233	  0.034099	  0.053298	  0.058740	  0.007965	 -0.019626	  0.020106	  0.052781	 -0.034053	  0.026865	  0.011196	 -0.013043	 -0.027004	  0.051521	 -0.050274
  0.012626	  0.038182	  0.038883	  0.075930	  0.010880	 -0.050021	  0.017809	  0.054030	 -0.030784	  0.065810	  0.023602	 -0.032022	  0.007924	  0.059672	 -0.050150
 -0.008326	  0.036917	  0.035868	  0.088153	 -0.006461	 -0.078491	  0.028017	  0.080350	 -0.008462	  0.047796	  0.029858	 -0.035107	  0.013672	  0.061037	 -0.059454
 -0.003424	  0.026850	  0.051653	  0.078367	  0.000118	 -0.089325	  0.008547	  0.083895	  0.021142	  0.052150	  0.023952	 -0.042090	  0.017958	  0.061018	 -0.071945
  0.002649	 -0.001308	  0.056657	  0.042436	 -0.029153	 -0.112936	  0.004274	  0.081974	  0.004223	  0.100983	 -0.006456	 -0.003461	  0.023742	  0.015571	 -0.058431
  0.014780	  0.008009	  0.065215	  0.021424	 -0.035660	 -0.120296	 -0.006868	  0.089194	  0.003405	  0.101481	 -0.007368	  0.026225	  0.019082	 -0.006698	 -0.055354
  0.039142	  0.023384	  0.084336	  0.031414	 -0.004047	 -0.088823	 -0.021805	  0.121305	 -0.001184	  0.080104	  0.001152	  0.014039	  0.006633	 -0.007100	 -0.050463
  0.041201	  0.034837	  0.087823	  0.037550	 -0.020709	 -0.055071	 -0.015875	  0.128061	 -0.002896	  0.074703	  0.006143	  0.031474	  0.016678	 -0.017612	 -0.063118
  0.055412	  0.040413	  0.069967	  0.052083	 -0.070555	 -0.028002	  0.005338	  0.082088	 -0.018797	  0.090048	 -0.007946	  0.023908	  0.011653	  0.013085	 -0.086667
  0.033249	  0.029363	  0.022844	  0.039896	 -0.077476	 -0.009958	 -0.007000	  0.082028	  0.014036	  0.091508	 -0.007889	 -0.002546	  0.013087	  0.024623	 -0.101869
  0.012710	  0.046799	  0.012897	  0.039733	 -0.054641	 -0.031684	 -0.014637	  0.100959	  0.036780	  0.084360	 -0.025053	 -0.006379	  0.016618	  0.055418	 -0.108471
  0.000498	  0.056659	  0.063252	  0.050417	 -0.064286	 -0.047415	 -0.008313	  0.095632	  0.039009	  0.081225	 -0.059383	  0.005135	  0.014636	  0.061029	 -0.120360
  0.011644	  0.059133	  0.072840	  0.031223	 -0.082690	 -0.041026	  0.012308	  0.106046	  0.035823	  0.078659	 -0.077756	 -0.020612	  0.025402	  0.066015	 -0.091631
  0.036021	  0.090551	  0.048911	  0.027378	 -0.063097	 -0.002255	  0.012989	  0.074840	  0.029849	  0.079660	 -0.084304	 -0.026850	  0.056274	  0.066382	 -0.081122
  0.037462	  0.093233	  0.029258	  0.005709	 -0.032646	  0.008322	  0.028280	  0.048476	  0.039785	  0.084495	 -0.096733	 -0.005463	  0.052918	  0.046649	 -0.076554
  0.015947	  0.087585	  0.041994	 -0.018408	 -0.008794	  0.023665	  0.039521	  0.044903	  0.052770	  0.095023	 -0.103127	  0.004628	  0.060989	  0.019090	 -0.043400
  0.025589	  0.063511	  0.068836	 -0.034660	  0.019124	  0.018024	  0.048693	  0.037639	  0.059725	  0.110030	 -0.122082	 -0.030421	  0.052183	  0.023426	 -0.027587
  0.018749	  0.047942	  0.067084	 -0.040725	  0.030634	 -0.006220	  0.055792	  0.043487	  0.071754	  0.098215	 -0.131463	 -0.035937	  0.037386	  0.017269	 -0.013701
  0.022312	  0.051141	  0.067522	 -0.054581	  0.034684	  0.004369	  0.043894	  0.049016	  0.076647	  0.105293	 -0.069350	 -0.016598	  0.029753	  0.017438	 -0.028395
  0.046101	  0.074250	  0.076694	 -0.087236	  0.028740	  0.025620	  0.071389	  0.067683	  0.025077	  0.069291	 -0.046661	 -0.002123	  0.030362	  0.025407	 -0.035069
  0.059718	  0.098780	  0.073441	 -0.096583	  0.024067	  0.019667	  0.077127	  0.066468	 -0.017338	  0.041027	 -0.060718	  0.013875	  0.045357	 -0.023582	 -0.048958
  0.085496	  0.110835	  0.069576	 -0.064246	  0.018601	  0.044822	  0.043718	  0.055185	 -0.031282	  0.044916	 -0.059898	 -0.006251	  0.015477	 -0.044412	 -0.042864
  0.088341	  0.108683	  0.047301	 -0.041311	  0.023743	  0.034202	  0.033465	  0.035967	 -0.021425	  0.019630	 -0.050951	 -0.028437	 -0.013903	 -0.018829	 -0.081850
  0.089332	  0.120879	  0.053493	 -0.026750	  0.021979	  0.022010	  0.031458	  0.026635	 -0.019623	 -0.009043	 -0.015876	 -0.035167	 -0.004653	 -0.027264	 -0.119702
  0.111097	  0.096467	  0.064893	 -0.010258	  0.022208	  0.019770	  0.030463	  0.027488	 -0.047836	  0.005540	 -0.010798	 -0.059546	  0.004434	 -0.029005	 -0.114541
  0.097297	  0.089373	  0.036158	 -0.002146	  0.008248	  0.014237	  0.008761	  0.012485	 -0.060936	  0.001998	 -0.017422	 -0.063315	  0.029712	 -0.043126	 -0.104280
  0.075900	  0.068993	  0.038895	 -0.023020	 -0.004648	  0.006771	  0.006137	 -0.000270	 -0.056866	 -0.013582	 -0.010088	 -0.027247	  0.033942	 -0.062492	 -0.099551
  0.027030	  0.053283	  0.076254	 -0.013604	 -0.026261	 -0.014514	 -0.001774	  0.013188	 -0.043207	 -0.015567	  0.032782	 -0.019122	  0.032737	 -0.042968	 -0.118692
 -0.005002	  0.065860	  0.079994	 -0.004121	 -0.026908	 -0.020106	 -0.016276	  0.014867	 -0.021811	 -0.011193	  0.047533	 -0.072646	  0.011057	 -0.028631	 -0.127406
 -0.007415	  0.056544	  0.078055	 -0.011907	 -0.000002	  0.002516	  0.004200	 -0.009647	 -0.029449	 -0.028562	  0.034578	 -0.081998	  0.024242	 -0.013455	 -0.121854
 -0.026560	  0.026014	  0.089859	 -0.008723	 -0.000147	  0.030200	  0.009683	 -0.003148	 -0.037745	 -0.020882	  0.055068	 -0.096370	  0.023404	  0.002670	 -0.114933
 -0.011998	  0.014155	  0.096602	  0.008589	  0.000342	  0.037672	  0.006399	  0.010889	 -0.025498	 -0.000609	  0.064224	 -0.110129	  0.039837	 -0.020157	 -0.092359
  0.003597	  0.014173	  0.081844	 -0.003969	  0.035717	  0.029030	 -0.002232	  0.028508	 -0.021475	  0.006518	  0.051507	 -0.097807	  0.059234	 -0.016710	 -0.101511
 -0.019830	  0.023544	  0.070570	 -0.033893	  0.038981	  0.018379	 -0.025217	  0.041124	 -0.015214	 -0.010584	  0.049551	 -0.100496	  0.041240	 -0.019000	 -0.111782
 -0.021100	  0.050526	  0.056629	 -0.041555	  0.029648	 -0.002501	 -0.011578	  0.051739	 -0.009352	 -0.018675	  0.040820	 -0.089987	  0.042453	 -0.020379	 -0.098641
 -0.004075	  0.052976	  0.062226	 -0.042929	  0.051559	 -0.005925	  0.000417	  0.059652	 -0.009943	 -0.015903	  0.056410	 -0.070969	  0.039913	 -0.007137	 -0.098028
  0.019123	  0.090182	  0.051460	 -0.028507	  0.042011	 -0.003436	  0.017306	  0.057662	 -0.011466	 -0.000824	  0.096387	 -0.062685	  0.054625	 -0.017556	 -0.110977
  0.022213	  0.118067	  0.052132	 -0.013842	  0.024356	 -0.019602	  0.018949	  0.055478	  0.006691	 -0.011712	  0.107509	 -0.055522	  0.047171	 -0.016233	 -0.085830
  0.044784	  0.111868	  0.067828	 -0.017682	  0.025836	 -0.020462	  0.006441	  0.062501	  0.017617	 -0.036851	  0.080561	 -0.049265	  0.023822	 -0.007143	 -0.043581
  0.059311	  0.089693	  0.049350	 -0.000868	  0.043418	 -0.017161	  0.039806	  0.045691	  0.009122	 -0.020628	  0.038671	 -0.050970	 -0.010104	 -0.036063	 -0.018464
  0.047234	  0.092621	  0.041611	  0.011005	  0.049991	 -0.001878	  0.060644	  0.040479	  0.001884	  0.003385	  0.006080	 -0.054140	  0.008463	 -0.048775	 -0.027093
  0.038061	  0.079621	  0.022680	  0.023389	  0.046755	  0.028372	  0.041645	  0.041574	  0.021046	  0.016446	 -0.008945	 -0.074181	  0.009627	 -0.062011	 -0.037389
  0.051707	  0.088771	  0.029194	  0.007106	  0.038841	  0.027744	  0.050335	  0.035668	  0.023626	  0.037815	 -0.026075	 -0.068887	  0.005606	 -0.070511	 -0.043061
  0.055643	  0.105900	  0.027895	  0.006033	  0.030007	  0.017846	  0.064714	  0.049119	  0.023831	  0.056802	 -0.069803	 -0.037847	  0.003962	 -0.057170	 -0.043746
  0.029010	  0.102012	  0.030915	 -0.014860	  0.000532	  0.010528	  0.062404	  0.067434	  0.036490	  0.058768	 -0.023614	 -0.032101	  0.007846	 -0.035966	 -0.028742
  0.021114	  0.111855	  0.035288	 -0.003731	  0.011760	  0.006043	  0.069841	  0.073702	  0.044314	  0.034051	  0.025373	 -0.026572	  0.013468	 -0.005406	 -0.057292
  0.029403	  0.108780	  0.044413	  0.010684	  0.011751	 -0.001687	  0.086166	  0.052756	  0.039826	 -0.012800	  0.034142	 -0.033787	  0.042426	  0.027321	 -0.055334
  0.029076	  0.087830	  0.062215	 -0.023608	  0.006146	  0.021292	  0.090498	  0.062398	  0.028507	  0.005762	  0.034879	 -0.042090	  0.028785	  0.044244	 -0.037363
  0.049823	  0.078680	  0.076078	 -0.043584	  0.033581	  0.046101	  0.110749	  0.062239	  0.030504	  0.025851	  0.019660	 -0.035324	  0.042184	  0.034268	 -0.040402
  0.064023	  0.052764	  0.072418	 -0.068702	  0.009082	  0.017756	  0.124633	  0.051878	  0.015647	  0.027569	 -0.013036	 -0.028079	  0.037003	  0.047670	 -0.030053
  0.047988	  0.018315	  0.087893	 -0.085784	 -0.003090	  0.008570	  0.154561	  0.054734	  0.008265	  0.059106	 -0.011682	 -0.015775	  0.022469	  0.055037	 -0.018697
  0.068165	 -0.008859	  0.092273	 -0.091312	 -0.003809	 -0.010889	  0.169318	  0.043672	  0.002298	  0.076824	 -0.010749	 -0.015713	  0.012110	  0.035465	 -0.002964
  0.082068	 -0.002196	  0.091335	 -0.078534	  0.004291	 -0.041302	  0.158980	  0.066774	 -0.016574	  0.064214	 -0.041740	 -0.009710	 -0.000980	  0.061973	  0.008295
  0.094960	  0.023161	  0.104113	 -0.064222	  0.018410	 -0.035307	  0.146733	  0.044870	 -0.029125	  0.045674	 -0.063025	 -0.001656	 -0.019167	  0.075134	 -0.002109
  0.087071	  0.009208	  0.107738	 -0.034806	  0.001643	 -0.030368	  0.122830	  0.028983	 -0.039156	  0.047998	 -0.074211	  0.019706	 -0.025124	  0.056292	 -0.016761
  0.094013	 -0.001166	  0.100490	 -0.024680	 -0.002312	 -0.025032	  0.106498	  0.019528	 -0.018971	  0.072414	 -0.065308	  0.046643	 -0.013831	  0.065252	 -0.005529
  0.090284	 -0.013903	  0.087583	 -0.034018	  0.012646	  0.005869	  0.110876	 -0.005437	 -0.001814	  0.068274	 -0.070633	  0.055558	 -0.027108	  0.064429	 -0.011922
  0.060332	 -0.032937	  0.090152	 -0.056062	  0.003223	  0.020535	  0.070101	 -0.028997	 -0.009229	  0.074303	 -0.081161	  0.055005	 -0.048880	  0.072471	  0.003264
  0.046597	 -0.032393	  0.096058	 -0.051283	 -0.014264	  0.018536	  0.033001	 -0.020136	 -0.020079	  0.059780	 -0.076905	  0.053376	 -0.058252	  0.072662	  0.028258
  0.009047	 -0.039083	  0.087626	 -0.067984	 -0.028888	  0.001750	  0.063131	  0.018314	 -0.024205	  0.037478	 -0.078248	  0.067167	 -0.075520	  0.051993	  0.025894
  0.011374	 -0.041640	  0.089121	 -0.114268	 -0.043173	 -0.001258	  0.076124	  0.049037	 -0.023569	  0.046508	 -0.079833	  0.076101	 -0.082449	  0.046352	  0.024966
 -0.009546	 -0.015407	  0.070047	 -0.097382	 -0.053258	 -0.003049	  0.097682	  0.059931	 -0.025972	  0.053837	 -0.082552	  0.091738	 -0.073385	  0.048945	  0.001073
 -0.004734	 -0.018375	  0.066852	 -0.074321	 -0.053650	  0.007179	  0.108319	  0.066112	 -0.025503	  0.060657	 -0.107725	  0.079833	 -0.076586	  0.080982	 -0.005002
 -0.015389	 -0.038556	  0.060564	 -0.088043	 -0.049326	  0.036901	  0.122268	  0.066374	 -0.016315	  0.083344	 -0.109324	  0.092891	 -0.080608	  0.062854	 -0.009638
 -0.057651	 -0.027302	  0.063588	 -0.049880	 -0.024228	  0.030000	  0.121104	  0.075438	 -0.008584	  0.097926	 -0.094819	  0.098177	 -0.052483	  0.025306	 -0.024456
 -0.077882	 -0.009854	  0.063143	 -0.029326	 -0.006044	 -0.002688	  0.133191	  0.087889	 -0.016947	  0.093119	 -0.088853	  0.105168	 -0.026740	  0.017109	 -0.023447
 -0.080063	 -0.024137	  0.082548	 -0.029554	 -0.003454	 -0.018248	  0.133395	  0.101194	 -0.034244	  0.042750	 -0.080159	  0.089398	 -0.008168	  0.040561	 -0.023499
 -0.049971	 -0.026144	  0.084101	 -0.006074	 -0.000259	 -0.035023	  0.141419	  0.108555	 -0.029821	  0.017175	 -0.099869	  0.085735	 -0.000587	  0.023107	 -0.033621
 -0.031151	 -0.008303	  0.041446	 -0.004365	 -0.018563	 -0.028452	  0.156756	  0.092379	 -0.032958	 -0.002692	 -0.077874	  0.073915	  0.014025	  0.003733	 -0.025003
 -0.023379	 -0.014980	  0.057616	 -0.008970	 -0.012307	 -0.008819	  0.139312	  0.092720	 -0.039917	  0.002864	 -0.059610	  0.085329	  0.042592	 -0.004556	 -0.005317
 -0.037221	 -0.021352	  0.065302	 -0.017880	 -0.015712	 -0.000887	  0.137515	  0.070911	 -0.047569	  0.029302	 -0.035975	  0.104248	  0.038796	 -0.015768	 -0.017266
 -0.010503	 -0.049220	  0.075833	 -0.035026	  0.022331	  0.044958	  0.110674	  0.062787	 -0.051015	  0.045829	 -0.011229	  0.086055	  0.039081	 -0.068122	 -0.022966
 -0.002624	 -0.041593	  0.089564	 -0.033952	  0.044487	  0.034973	  0.096939	  0.047366	 -0.076583	  0.027580	  0.010355	  0.050780	  0.047568	 -0.090146	 -0.032161
 -0.015378	 -0.039514	  0.111173	 -0.008572	  0.024529	  0.034641	  0.076871	  0.028328	 -0.074677	  0.018854	 -0.011276	  0.029056	  0.052123	 -0.077081	 -0.039573
 -0.016393	 -0.040935	  0.101598	  0.001642	  0.009780	  0.041003	  0.085486	  0.032049	 -0.061707	  0.035971	 -0.029997	  0.005662	  0.034725	 -0.086513	 -0.016958
 -0.008355	 -0.017943	  0.092069	  0.004547	 -0.010483	  0.033269	  0.069272	  0.024606	 -0.032528	  0.053298	 -0.024198	  0.018648	  0.009676	 -0.070846	 -0.020523
 -0.028153	 -0.012628	  0.085987	  0.010222	 -0.013783	 -0.000787	  0.069991	  0.029694	 -0.050851	  0.055267	 -0.036635	  0.011572	  0.052755	 -0.077693	 -0.033262
 -0.039609	 -0.020413	  0.065470	  0.025000	 -0.002334	  0.008118	  0.078494	  0.024607	 -0.058356	  0.062999	 -0.039220	  0.016940	  0.060114	 -0.072302	 -0.000302
 -0.021139	 -0.016839	  0.057458	  0.030708	 -0.014996	 -0.009478	  0.087224	  0.048968	 -0.029787	  0.072400	 -0.030328	  0.005587	  0.054287	 -0.060666	  0.012732
 -0.012412	 -0.013184	  0.051901	  0.038548	 -0.007728	 -0.016876	  0.133498	  0.077294	 -0.019139	  0.066032	 -0.024753	 -0.006719	  0.093692	 -0.040232	 -0.019579
 -0.013342	 -0.029426	  0.038077	  0.016386	 -0.001489	  0.017250	  0.162055	  0.059574	 -0.011213	  0.052112	 -0.018629	  0.000826	  0.131183	 -0.023197	 -0.041398
 -0.021402	 -0.006464	  0.035679	  0.002365	 -0.000135	  0.010891	  0.148504	  0.039758	  0.008199	  0.065822	 -0.012092	 -0.015481	  0.161527	 -0.004818	 -0.065398
 -0.005529	 -0.004046	  0.035649	  0.013020	 -0.022933	 -0.008607	  0.146780	  0.033618	  0.040467	  0.032900	  0.001597	 -0.006680	  0.162319	  0.014558	 -0.066213
  0.021641	  0.008036	  0.040745	  0.000327	 -0.044788	 -0.021349	  0.112267	  0.066876	  0.025918	  0.040576	  0.024469	 -0.047518	  0.156221	  0.047034	 -0.060362
  0.029715	  0.003983	  0.044944	 -0.025602	 -0.023155	 -0.021442	  0.098617	  0.077194	  0.034872	  0.037848	  0.016639	 -0.053401	  0.123744	  0.062518	 -0.062701
  0.034039	 -0.017673	  0.059506	 -0.062132	 -0.015518	 -0.046381	  0.104021	  0.048516	  0.060249	  0.059998	 -0.027811	 -0.058639	  0.124986	  0.090182	 -0.063228
  0.032438	 -0.027636	  0.071989	 -0.073380	  0.000539	 -0.048110	  0.115905	  0.036844	  0.079547	  0.082926	 -0.045914	 -0.090728	  0.106462	  0.111627	 -0.027838
  0.055042	 -0.010630	  0.086031	 -0.080711	 -0.027928	 -0.041675	  0.099652	  0.036259	  0.102249	  0.115387	 -0.044886	 -0.099320	  0.089802	  0.140600	 -0.013643
  0.057080	 -0.009587	  0.095008	 -0.088359	 -0.059046	 -0.034282	  0.085837	  0.054550	  0.084722	  0.145410	 -0.052039	 -0.111551	  0.090765	  0.145534	 -0.023731
  0.049524	 -0.025661	  0.067264	 -0.106420	 -0.031661	 -0.012886	  0.091608	  0.053404	  0.068381	  0.136152	 -0.059188	 -0.122276	  0.086815	  0.152347	 -0.011925
  0.058880	 -0.022554	  0.048715	 -0.068199	 -0.009545	 -0.015307	  0.078660	  0.069488	  0.067312	  0.119145	 -0.053025	 -0.094632	  0.084646	  0.142287	 -0.015488
  0.056976	 -0.030657	  0.065952	 -0.053867	 -0.018148	 -0.031303	  0.097103	  0.086265	  0.090505	  0.086839	 -0.070096	 -0.051187	  0.070415	  0.114163	 -0.000059
