:RUN-1	DP I-O	2:29 PM	TEMP: NaN	HR: NaN
Level Step Size:5.00	Start dB SPL: 20	Stop dB SPL: 80	# Buffers Averaged: 8.00	Update Interval:5	Ear:Left	Etymotics Gain:40	Ipsi Driver:Starship	
:NOTES-
:CHAMBER-Bach
:CFTS Version: V2.37.2 (R3379)
:dB	f1(Hz)	f2(Hz)	f1(dB)	f2(dB)	2f1-f2(dB)	2f1-f2Nse(dB)	f2-f1(dB)	f2-f1Nse(dB)	2f1-f2Phase Shox (1)	PostexposureTime(min)
:DATA
 20.00	3340.00	4000.00	 29.93	 19.76	 -0.90	 -2.35	  9.47	 10.12	  0.00	   NaN
 25.00	3340.00	4000.00	 34.95	 24.89	 -4.96	 -2.41	  9.26	 11.56	  0.00	   NaN
 30.00	3340.00	4000.00	 40.01	 30.00	  2.59	  2.31	 14.95	 15.80	  0.00	   NaN
 35.00	3340.00	4000.00	 44.99	 35.00	 -2.71	 -7.34	  7.07	  9.46	  0.00	   NaN
 40.00	3340.00	4000.00	 50.00	 40.01	 -4.37	 -3.66	  9.09	  8.86	  0.00	   NaN
 45.00	3340.00	4000.00	 55.01	 45.00	 -6.51	 -3.39	  7.99	 10.18	  0.00	   NaN
 50.00	3340.00	4000.00	 60.00	 49.99	 -3.42	 -1.76	 11.93	 12.49	  0.00	   NaN
 55.00	3340.00	4000.00	 65.01	 55.00	 -3.97	 -3.84	  5.87	  7.18	  0.00	   NaN
 60.00	3340.00	4000.00	 70.01	 60.00	 -0.77	 -1.65	 11.21	 10.66	  0.00	   NaN
 65.00	3340.00	4000.00	 75.01	 65.00	 -1.76	 -0.41	 14.88	 12.57	  0.00	   NaN
 70.00	3340.00	4000.00	 80.02	 70.00	  0.56	 -1.54	 12.76	 12.38	  0.00	   NaN
 75.00	3340.00	4000.00	 85.03	 75.01	 -1.56	 -1.71	 23.41	 12.55	  0.00	   NaN
 80.00	3340.00	4000.00	 90.05	 80.02	  1.86	 -1.82	 32.68	 11.41	  0.00	   NaN
 20.00	6660.00	8000.00	 29.97	 20.10	-14.91	-12.27	  3.29	  2.49	  0.00	   NaN
 25.00	6660.00	8000.00	 35.00	 24.92	-15.20	-13.31	  4.38	  1.92	  0.00	   NaN
 30.00	6660.00	8000.00	 39.99	 30.00	 -6.55	 -7.81	  7.42	  5.64	  0.00	   NaN
 35.00	6660.00	8000.00	 45.01	 34.97	 -2.55	 -9.97	  4.71	  6.72	  0.00	   NaN
 40.00	6660.00	8000.00	 50.01	 39.99	  1.62	 -9.36	  4.26	  4.91	  0.00	   NaN
 45.00	6660.00	8000.00	 55.01	 44.99	  5.33	 -9.87	  5.23	  5.92	  0.00	   NaN
 50.00	6660.00	8000.00	 60.00	 50.01	  8.72	-10.29	  2.72	  2.85	  0.00	   NaN
 55.00	6660.00	8000.00	 65.00	 55.04	  9.53	 -6.09	  3.81	  5.78	  0.00	   NaN
 60.00	6660.00	8000.00	 70.03	 60.08	  9.31	 -7.49	  9.06	  9.54	  0.00	   NaN
 65.00	6660.00	8000.00	 75.06	 65.08	  8.66	 -7.76	  6.38	  5.40	  0.00	   NaN
 70.00	6660.00	8000.00	 80.07	 70.05	 19.51	 -7.53	  6.95	  3.13	  0.00	   NaN
 75.00	6660.00	8000.00	 85.07	 75.03	 27.11	 -9.01	 16.54	  4.97	  0.00	   NaN
 80.00	6660.00	8000.00	 90.08	 80.12	 31.29	 -6.15	 26.41	  7.39	  0.00	   NaN
 20.00	13340.00	16000.00	 29.98	 19.59	 -6.10	 -6.20	 -8.62	 -4.64	  0.00	   NaN
 25.00	13340.00	16000.00	 34.96	 24.92	 -4.86	 -5.24	 -5.17	 -5.11	  0.00	   NaN
 30.00	13340.00	16000.00	 39.95	 30.05	 -1.11	 -5.07	 -4.98	 -1.35	  0.00	   NaN
 35.00	13340.00	16000.00	 44.93	 34.93	  6.86	 -4.85	 -5.65	 -1.95	  0.00	   NaN
 40.00	13340.00	16000.00	 49.93	 39.96	 15.61	 -6.33	 -7.26	 -3.32	  0.00	   NaN
 45.00	13340.00	16000.00	 54.94	 44.95	 22.39	 -2.51	 -0.27	  2.32	  0.00	   NaN
 50.00	13340.00	16000.00	 59.99	 49.95	 27.19	 -5.88	 -1.24	 -3.84	  0.00	   NaN
 55.00	13340.00	16000.00	 64.98	 54.95	 30.05	 -4.52	  1.48	  0.73	  0.00	   NaN
 60.00	13340.00	16000.00	 69.98	 59.94	 30.65	 -4.70	 -0.67	 -0.30	  0.00	   NaN
 65.00	13340.00	16000.00	 74.99	 64.95	 28.08	 -6.58	 -6.13	 -6.76	  0.00	   NaN
 70.00	13340.00	16000.00	 80.00	 69.95	 27.32	 -4.85	 -1.41	 -4.42	  0.00	   NaN
 75.00	13340.00	16000.00	 85.02	 74.95	 35.31	 -6.40	 -6.11	 -7.61	  0.00	   NaN
 80.00	13340.00	16000.00	 90.08	 79.96	 41.36	 -3.29	  7.29	 -0.96	  0.00	   NaN
 20.00	26660.00	32000.00	 30.03	 20.27	  2.53	  4.26	 -6.82	 -6.37	  0.00	   NaN
 25.00	26660.00	32000.00	 34.98	 25.06	 -1.63	  1.29	-10.70	-10.79	  0.00	   NaN
 30.00	26660.00	32000.00	 39.95	 29.98	  1.51	  2.31	 -7.15	-10.71	  0.00	   NaN
 35.00	26660.00	32000.00	 44.98	 35.02	  1.71	  3.16	-11.01	-12.00	  0.00	   NaN
 40.00	26660.00	32000.00	 49.99	 40.00	  0.05	  1.65	 -8.89	-14.07	  0.00	   NaN
 45.00	26660.00	32000.00	 54.99	 44.97	  4.15	  1.29	-12.74	-13.17	  0.00	   NaN
 50.00	26660.00	32000.00	 59.99	 49.97	 10.11	  0.80	-10.36	-11.14	  0.00	   NaN
 55.00	26660.00	32000.00	 65.00	 54.98	 13.97	  1.10	 -4.83	-11.20	  0.00	   NaN
 60.00	26660.00	32000.00	 70.01	 59.98	 17.80	  2.10	 -7.79	 -7.20	  0.00	   NaN
 65.00	26660.00	32000.00	 75.02	 64.97	 18.29	  2.79	 -8.22	-10.22	  0.00	   NaN
 70.00	26660.00	32000.00	 80.02	 69.98	 18.96	  2.36	 -5.33	-10.04	  0.00	   NaN
 75.00	26660.00	32000.00	 85.01	 74.98	 18.76	  1.46	 -2.83	-10.68	  0.00	   NaN
 80.00	26660.00	32000.00	 90.03	 79.98	 19.09	  1.16	  4.28	 -9.07	  0.00	   NaN
 20.00	37760.00	45300.00	 30.11	 22.07	 -1.98	 -7.04	 -7.41	 -7.76	  0.00	   NaN
 25.00	37760.00	45300.00	 35.01	 25.31	 -6.53	 -2.40	 -7.27	 -6.17	  0.00	   NaN
 30.00	37760.00	45300.00	 39.89	 30.28	 -2.83	 -2.49	 -1.91	 -2.43	  0.00	   NaN
 35.00	37760.00	45300.00	 44.98	 34.91	 -7.23	 -4.95	 -7.23	 -7.90	  0.00	   NaN
 40.00	37760.00	45300.00	 49.99	 40.05	 -4.20	 -5.37	 -5.77	 -7.62	  0.00	   NaN
 45.00	37760.00	45300.00	 54.98	 44.93	 -5.34	 -6.10	 -4.62	 -7.05	  0.00	   NaN
 50.00	37760.00	45300.00	 59.98	 50.00	 -8.39	 -5.29	 -4.38	 -6.47	  0.00	   NaN
 55.00	37760.00	45300.00	 64.97	 54.98	 -6.23	 -6.59	 -6.57	 -8.34	  0.00	   NaN
 60.00	37760.00	45300.00	 69.97	 59.96	 -2.62	 -2.81	 -2.73	 -3.36	  0.00	   NaN
 65.00	37760.00	45300.00	 74.96	 64.97	  2.95	 -3.99	  0.89	 -8.85	  0.00	   NaN
 70.00	37760.00	45300.00	 79.96	 69.97	  7.65	 -3.39	  3.51	 -3.44	  0.00	   NaN
 75.00	37760.00	45300.00	 84.96	 74.96	 12.04	 -3.73	  4.43	 -5.53	  0.00	   NaN
 80.00	37760.00	45300.00	 89.96	 79.96	 15.74	 -5.02	  2.93	 -6.18	  0.00	   NaN
