:RUN-4	LEVEL SWEEP	TEMP:NaN	2/20/2024	5:17 PM	HR:NaN:SW EAR: L	SW FREQ: 16.00	# AVERAGES: 512	REP RATE (/sec): 39	DRIVER: 	SAMPLE (µsec): 40	MASKER dB: 0:Threshold: 28.4:NOTES-:CHAMBER-Bach:Avgs: 512;512;512;512;512;512;512;512;512;512;512;512;512;512;512;512;512
:Tries: 580;586;587;581;588;583;584;590;585;584;591;585;592;581;585;594;593
:Log: :Vary signal level: TRUE :Control: NaN:CFTS Version: V2.37.2 (R3379):LEVELS:20;25;30;35;40;45;50;55;60;65;70;75;80;85;90;95;100;:DATA  0.021571	 -0.017213	  0.032782	 -0.005081	 -0.041843	  0.035703	  0.022489	  0.071042	 -0.035286	  0.027178	  0.043458	  0.028442	  0.018469	  0.042873	  0.088084	  0.064158	  0.120609
  0.020572	 -0.042890	  0.031801	  0.030542	 -0.005740	  0.022548	  0.013787	  0.083850	 -0.030224	  0.038638	  0.088982	  0.050389	  0.024714	  0.037411	  0.072935	  0.041383	  0.097027
 -0.004821	 -0.035321	  0.043740	  0.001608	  0.028599	  0.035050	 -0.002530	  0.083624	  0.010969	  0.035420	  0.073737	  0.042070	  0.025996	  0.037189	  0.059889	  0.064872	  0.073298
 -0.007293	 -0.026630	  0.041222	 -0.002650	  0.004562	  0.009757	  0.005304	  0.071370	  0.028211	  0.009269	  0.036536	  0.021425	  0.029192	  0.055254	  0.084125	  0.077016	  0.060915
 -0.007138	 -0.028545	  0.029360	  0.001054	 -0.025392	  0.015992	  0.034442	  0.066341	  0.022474	  0.001032	  0.031945	  0.002269	  0.041383	  0.041407	  0.079743	  0.073833	  0.085070
 -0.014869	 -0.041037	  0.006840	 -0.025476	 -0.034020	  0.003929	  0.025648	  0.057080	  0.016082	  0.002765	  0.041556	  0.006011	  0.067486	  0.014854	  0.057090	  0.069413	  0.073710
 -0.010399	 -0.030071	  0.000267	 -0.042558	 -0.026044	  0.001530	  0.032495	  0.009058	  0.013442	  0.018557	  0.051536	  0.024112	  0.068410	  0.005735	  0.045020	  0.072582	  0.072807
  0.008100	  0.007874	 -0.016888	 -0.058185	 -0.036795	  0.008518	  0.027647	 -0.010382	  0.005819	 -0.005260	  0.044687	  0.035429	  0.031723	  0.028379	  0.048119	  0.095194	  0.072596
  0.028467	  0.014865	 -0.027984	 -0.057802	 -0.023138	 -0.003216	  0.000944	 -0.009783	  0.025578	 -0.001554	  0.024410	  0.024672	  0.025423	  0.010550	  0.046760	  0.108409	  0.074113
  0.013491	  0.009113	  0.000462	 -0.040539	 -0.022633	 -0.028769	  0.026565	 -0.018235	  0.009062	 -0.002836	  0.021860	  0.018756	  0.021311	  0.014570	  0.053602	  0.102662	  0.107437
 -0.005735	  0.006804	  0.006937	 -0.037268	 -0.006110	 -0.013162	 -0.000027	 -0.044223	 -0.000295	  0.002392	  0.002607	  0.021707	  0.023492	  0.053316	  0.065220	  0.102356	  0.106751
 -0.010950	  0.013271	  0.010451	 -0.028187	  0.018688	 -0.001811	 -0.019847	 -0.045315	  0.003337	  0.000794	 -0.023518	  0.032168	  0.016629	  0.051381	  0.061207	  0.099366	  0.088012
 -0.002176	  0.033670	 -0.011968	 -0.022234	  0.044246	 -0.006298	 -0.009703	 -0.048948	  0.002115	  0.017955	 -0.021239	  0.040892	 -0.004554	  0.057022	  0.045896	  0.049522	  0.035126
 -0.009017	  0.034460	 -0.013741	  0.017844	  0.056197	 -0.002500	 -0.028929	 -0.032807	 -0.006340	  0.028740	  0.000338	  0.017647	 -0.007188	  0.028492	  0.019895	 -0.001363	 -0.038202
 -0.009498	  0.029563	  0.005657	  0.044425	  0.026008	  0.006171	 -0.039412	 -0.034747	  0.004514	  0.027731	 -0.014814	  0.010007	 -0.026424	  0.013183	 -0.029061	 -0.069139	 -0.072632
 -0.017214	  0.011739	 -0.002847	  0.057445	  0.015912	 -0.020303	 -0.032626	 -0.032200	  0.002731	 -0.004854	 -0.014869	  0.004858	 -0.015914	 -0.038484	 -0.098218	 -0.141708	 -0.109209
 -0.008776	  0.020667	 -0.022920	  0.067797	  0.022068	 -0.019436	 -0.021489	 -0.034661	 -0.012805	 -0.024254	 -0.018148	 -0.027326	 -0.026474	 -0.082318	 -0.152290	 -0.173953	 -0.166148
 -0.014546	  0.015649	 -0.030409	  0.052935	  0.014732	 -0.017804	 -0.005037	 -0.033207	 -0.009540	 -0.046626	 -0.079016	 -0.072019	 -0.072749	 -0.119033	 -0.195028	 -0.193170	 -0.218779
  0.010052	  0.013810	 -0.030983	  0.036863	  0.005493	 -0.013646	 -0.011048	 -0.044736	 -0.000098	 -0.070862	 -0.131860	 -0.121027	 -0.110524	 -0.123185	 -0.192488	 -0.218002	 -0.239804
  0.020180	  0.010222	 -0.051780	  0.009468	 -0.014788	 -0.012252	 -0.018673	 -0.053123	 -0.049746	 -0.054226	 -0.158185	 -0.160482	 -0.130400	 -0.128594	 -0.160500	 -0.223432	 -0.222698
  0.028610	  0.029218	 -0.060012	 -0.010901	 -0.019570	 -0.015944	 -0.037240	 -0.071304	 -0.071504	 -0.060940	 -0.149133	 -0.164594	 -0.114853	 -0.133341	 -0.148401	 -0.224910	 -0.198407
  0.014436	  0.045279	 -0.071722	 -0.022652	 -0.023057	 -0.009835	 -0.053485	 -0.082257	 -0.079250	 -0.112676	 -0.137611	 -0.147098	 -0.132699	 -0.114611	 -0.145347	 -0.233924	 -0.173284
 -0.019696	  0.033450	 -0.052469	 -0.022942	 -0.022235	 -0.021166	 -0.074980	 -0.094240	 -0.078875	 -0.142042	 -0.110648	 -0.129621	 -0.132551	 -0.099077	 -0.166067	 -0.248358	 -0.150473
 -0.023144	  0.037785	 -0.019235	 -0.016761	 -0.011301	 -0.049494	 -0.078567	 -0.091564	 -0.040694	 -0.140973	 -0.096315	 -0.159821	 -0.130924	 -0.085542	 -0.172122	 -0.247844	 -0.142565
 -0.019484	  0.014760	 -0.007184	 -0.027973	 -0.032148	 -0.062567	 -0.048122	 -0.110201	 -0.034447	 -0.138021	 -0.105319	 -0.182872	 -0.136281	 -0.115420	 -0.173222	 -0.278622	 -0.165422
 -0.006486	  0.013506	 -0.000310	 -0.056336	 -0.056870	 -0.062847	 -0.035966	 -0.085635	 -0.028483	 -0.129980	 -0.122166	 -0.199449	 -0.158602	 -0.174477	 -0.174885	 -0.296366	 -0.217599
  0.020846	  0.025944	  0.004713	 -0.051316	 -0.026169	 -0.048871	 -0.036066	 -0.046898	 -0.041117	 -0.153878	 -0.144224	 -0.229326	 -0.179456	 -0.219027	 -0.194182	 -0.316617	 -0.224431
  0.019730	  0.001598	  0.009623	 -0.041025	  0.002291	 -0.035762	 -0.042953	 -0.039354	 -0.082740	 -0.181427	 -0.169610	 -0.225761	 -0.191223	 -0.259193	 -0.226585	 -0.335876	 -0.244965
  0.014398	 -0.030748	 -0.011786	 -0.020729	 -0.018027	 -0.083144	 -0.026930	 -0.051054	 -0.120576	 -0.199860	 -0.201684	 -0.246644	 -0.222892	 -0.264787	 -0.255002	 -0.317298	 -0.270384
  0.029776	 -0.051243	 -0.032271	 -0.011830	 -0.013226	 -0.083744	 -0.027049	 -0.064051	 -0.154953	 -0.234433	 -0.211658	 -0.255799	 -0.276891	 -0.253420	 -0.263843	 -0.316204	 -0.270635
  0.018167	 -0.052445	 -0.029582	 -0.026260	 -0.033120	 -0.071428	 -0.058628	 -0.120909	 -0.160395	 -0.244527	 -0.200368	 -0.245612	 -0.275495	 -0.247058	 -0.269905	 -0.298988	 -0.245314
 -0.008715	 -0.051224	 -0.014211	 -0.006991	 -0.023363	 -0.067616	 -0.086449	 -0.131449	 -0.163957	 -0.252400	 -0.206951	 -0.259939	 -0.275580	 -0.224409	 -0.251349	 -0.247718	 -0.191979
 -0.022318	 -0.051363	 -0.016198	 -0.009553	 -0.024000	 -0.092097	 -0.074899	 -0.089157	 -0.168846	 -0.209996	 -0.205947	 -0.235386	 -0.244982	 -0.171464	 -0.207645	 -0.165659	 -0.103937
 -0.010406	 -0.010584	 -0.012458	 -0.029123	 -0.036317	 -0.087176	 -0.076835	 -0.085605	 -0.167935	 -0.183244	 -0.188599	 -0.201408	 -0.169394	 -0.122463	 -0.105995	 -0.076931	 -0.014364
  0.012157	  0.002874	 -0.001125	 -0.005269	 -0.045908	 -0.114000	 -0.083244	 -0.102574	 -0.110786	 -0.154700	 -0.152782	 -0.167875	 -0.088842	 -0.044680	 -0.015977	  0.021120	  0.051387
  0.039108	  0.013650	 -0.016360	 -0.007260	 -0.040004	 -0.135940	 -0.086706	 -0.079219	 -0.064396	 -0.111252	 -0.089996	 -0.110489	 -0.018797	  0.041034	  0.061175	  0.078239	  0.096616
  0.046559	  0.004721	 -0.030116	 -0.020082	 -0.030730	 -0.123452	 -0.039578	 -0.056228	 -0.022526	 -0.064014	 -0.019178	 -0.033899	  0.065275	  0.109489	  0.136572	  0.090268	  0.083882
  0.056137	 -0.021919	 -0.022463	 -0.051691	 -0.017371	 -0.089427	 -0.024986	 -0.043589	  0.003256	 -0.027948	  0.029075	  0.061537	  0.150880	  0.152832	  0.121101	  0.068649	  0.027657
  0.056344	 -0.016481	 -0.004340	 -0.053185	 -0.001718	 -0.077145	 -0.022842	 -0.009871	  0.038812	  0.012695	  0.095886	  0.098669	  0.191065	  0.140832	  0.081058	 -0.002713	 -0.054384
  0.031201	 -0.003809	 -0.018491	 -0.017980	  0.002229	 -0.055232	 -0.023661	  0.027542	  0.070932	  0.042021	  0.146374	  0.134203	  0.194969	  0.101471	 -0.003216	 -0.078992	 -0.188576
  0.004462	 -0.012410	 -0.030010	  0.017822	  0.039266	 -0.009856	 -0.009630	  0.061413	  0.083020	  0.093318	  0.164325	  0.114945	  0.120287	  0.003593	 -0.071111	 -0.145605	 -0.268335
  0.016148	  0.028847	 -0.003938	  0.012833	  0.068577	  0.026630	  0.033108	  0.093509	  0.068301	  0.138049	  0.162300	  0.082128	  0.022029	 -0.096351	 -0.112420	 -0.194542	 -0.280955
  0.065096	  0.046012	  0.013105	  0.035179	  0.058945	  0.041303	  0.062090	  0.101078	  0.085575	  0.151618	  0.126274	  0.004089	 -0.086721	 -0.173510	 -0.168541	 -0.177293	 -0.263176
  0.051879	  0.070340	 -0.007938	  0.037975	  0.095204	  0.029051	  0.082024	  0.100147	  0.109252	  0.137418	  0.035113	 -0.119927	 -0.193445	 -0.250892	 -0.200481	 -0.133732	 -0.222543
  0.028632	  0.092509	 -0.020260	  0.047232	  0.108602	  0.031299	  0.072522	  0.135342	  0.104914	  0.081780	 -0.076221	 -0.257001	 -0.334362	 -0.297298	 -0.249792	 -0.116171	 -0.139558
  0.034593	  0.072503	  0.000595	  0.072479	  0.101855	  0.043536	  0.071891	  0.144064	  0.100822	  0.009749	 -0.170674	 -0.401492	 -0.439192	 -0.336187	 -0.250619	 -0.136530	 -0.095975
  0.025940	  0.084196	  0.013968	  0.053084	  0.089606	  0.067720	  0.062172	  0.132068	  0.027498	 -0.102849	 -0.303167	 -0.515755	 -0.519273	 -0.397709	 -0.281720	 -0.205898	 -0.156031
  0.043419	  0.054138	 -0.018397	  0.046234	  0.081427	  0.083925	  0.031999	  0.063490	 -0.062306	 -0.217539	 -0.445531	 -0.595115	 -0.561154	 -0.458478	 -0.366391	 -0.332706	 -0.258341
  0.054149	  0.030154	 -0.023824	  0.050475	  0.084184	  0.069361	 -0.034410	 -0.034116	 -0.152688	 -0.341719	 -0.549304	 -0.624644	 -0.546126	 -0.478744	 -0.479636	 -0.509824	 -0.392285
  0.062894	  0.011018	 -0.002021	  0.033060	  0.050838	  0.008674	 -0.095319	 -0.164330	 -0.281898	 -0.448045	 -0.643308	 -0.613830	 -0.537943	 -0.511697	 -0.575612	 -0.628610	 -0.551527
  0.072057	  0.026074	  0.017183	  0.041959	  0.025835	 -0.071305	 -0.162053	 -0.259234	 -0.385708	 -0.494012	 -0.691228	 -0.574148	 -0.527114	 -0.523602	 -0.599164	 -0.676116	 -0.627504
  0.073909	  0.047532	  0.022573	  0.035469	  0.002920	 -0.119618	 -0.248002	 -0.319275	 -0.444100	 -0.514681	 -0.665482	 -0.463454	 -0.487903	 -0.485496	 -0.548873	 -0.634711	 -0.605106
  0.052676	  0.054312	  0.020892	  0.010072	 -0.034296	 -0.181961	 -0.312677	 -0.359462	 -0.505458	 -0.497751	 -0.578449	 -0.354012	 -0.395121	 -0.395106	 -0.418827	 -0.499103	 -0.460586
  0.063369	  0.030815	 -0.017570	  0.003570	 -0.108560	 -0.220754	 -0.352035	 -0.376854	 -0.518791	 -0.443783	 -0.448558	 -0.240874	 -0.270750	 -0.248642	 -0.243785	 -0.311861	 -0.230255
  0.074098	  0.016273	 -0.006214	 -0.053465	 -0.182206	 -0.242728	 -0.346474	 -0.346670	 -0.441989	 -0.339648	 -0.289017	 -0.082396	 -0.078551	 -0.084215	 -0.007888	 -0.098490	  0.040716
  0.074636	  0.036974	 -0.025757	 -0.102690	 -0.222714	 -0.271802	 -0.321205	 -0.272830	 -0.304358	 -0.173446	 -0.096864	  0.073739	  0.101578	  0.113755	  0.223299	  0.110586	  0.282512
  0.101112	  0.026195	 -0.018720	 -0.122567	 -0.220413	 -0.276757	 -0.287048	 -0.191581	 -0.179560	 -0.018454	  0.070200	  0.201178	  0.279889	  0.330930	  0.434307	  0.287903	  0.451691
  0.073422	 -0.015373	 -0.041855	 -0.130969	 -0.226190	 -0.243520	 -0.227495	 -0.127642	 -0.054911	  0.125730	  0.236888	  0.325113	  0.418728	  0.471084	  0.553824	  0.383765	  0.533188
  0.057502	  0.004842	 -0.051021	 -0.153643	 -0.223550	 -0.212145	 -0.145106	 -0.011668	  0.083646	  0.276134	  0.343857	  0.425689	  0.509890	  0.537146	  0.540726	  0.396568	  0.525541
  0.056789	 -0.014731	 -0.046898	 -0.146651	 -0.155399	 -0.163841	 -0.066814	  0.104170	  0.225831	  0.378541	  0.404457	  0.438387	  0.509268	  0.526869	  0.460957	  0.366000	  0.511230
  0.081253	 -0.016178	 -0.065322	 -0.135486	 -0.075535	 -0.129419	  0.026296	  0.182176	  0.314803	  0.434672	  0.432510	  0.406963	  0.477031	  0.461062	  0.350439	  0.308397	  0.429853
  0.093265	 -0.010026	 -0.066370	 -0.114906	 -0.008035	 -0.077718	  0.109495	  0.244146	  0.337250	  0.421845	  0.419470	  0.364746	  0.383340	  0.285845	  0.253246	  0.233812	  0.348836
  0.036359	 -0.018169	 -0.039088	 -0.094204	  0.034285	 -0.017564	  0.156291	  0.250670	  0.345410	  0.371960	  0.374498	  0.277177	  0.255222	  0.110887	  0.149385	  0.150852	  0.270334
  0.020689	  0.005816	 -0.030231	 -0.074811	  0.056318	  0.044946	  0.189290	  0.246699	  0.303117	  0.295600	  0.251719	  0.143024	  0.092113	 -0.030655	  0.031444	  0.072867	  0.187220
  0.025660	  0.009523	 -0.008071	 -0.033913	  0.086976	  0.090847	  0.231631	  0.214284	  0.263936	  0.205445	  0.119267	  0.039259	 -0.006495	 -0.166459	 -0.057735	  0.011695	  0.080631
 -0.002088	 -0.022003	  0.019919	  0.004395	  0.094567	  0.137396	  0.222349	  0.183388	  0.191431	  0.113303	 -0.008887	 -0.089671	 -0.073186	 -0.235060	 -0.115206	 -0.029019	 -0.018220
  0.005297	 -0.012797	  0.013070	  0.039686	  0.116258	  0.140959	  0.178964	  0.124145	  0.113948	  0.019164	 -0.071973	 -0.193740	 -0.155019	 -0.262596	 -0.144652	 -0.029567	 -0.075877
  0.016415	  0.001411	  0.032874	  0.061201	  0.109927	  0.124783	  0.123701	  0.034771	  0.088125	 -0.059488	 -0.139415	 -0.250399	 -0.198838	 -0.231788	 -0.137028	 -0.002448	 -0.071004
  0.014220	  0.013475	  0.056965	  0.075309	  0.105994	  0.104879	  0.082800	  0.017495	  0.016367	 -0.098048	 -0.183413	 -0.277401	 -0.205465	 -0.176802	 -0.066390	  0.081722	  0.001842
  0.012673	  0.030247	  0.060665	  0.099893	  0.088929	  0.075225	  0.052016	 -0.020739	 -0.017470	 -0.130762	 -0.190789	 -0.232145	 -0.159993	 -0.078657	  0.019521	  0.173974	  0.099518
  0.015765	  0.006748	  0.062559	  0.090954	  0.078105	  0.020827	  0.005843	 -0.072754	 -0.039780	 -0.149580	 -0.130278	 -0.154939	 -0.030820	  0.049959	  0.159050	  0.295169	  0.213123
  0.048723	 -0.009964	  0.053342	  0.100047	  0.059895	 -0.003685	  0.024726	 -0.082899	 -0.048922	 -0.090220	 -0.064424	 -0.044461	  0.126328	  0.218409	  0.299971	  0.416718	  0.339270
  0.055227	 -0.006646	  0.047020	  0.086962	  0.048846	 -0.028247	  0.021171	 -0.079513	 -0.013272	 -0.031366	  0.006164	  0.094034	  0.277090	  0.383141	  0.405926	  0.501228	  0.491548
  0.041497	 -0.011811	  0.023989	  0.094387	  0.050529	 -0.043165	  0.018481	 -0.055183	  0.026183	  0.065668	  0.107696	  0.212019	  0.418710	  0.486429	  0.496965	  0.586380	  0.612488
  0.042405	  0.003539	  0.000388	  0.077237	  0.052731	 -0.020001	  0.054159	 -0.013541	  0.086895	  0.159816	  0.199595	  0.318585	  0.500501	  0.544654	  0.576610	  0.655418	  0.750726
  0.060281	  0.029158	 -0.018848	  0.029034	  0.085285	  0.026263	  0.049801	  0.036969	  0.151179	  0.245200	  0.297315	  0.388900	  0.538186	  0.590526	  0.637166	  0.694159	  0.842548
  0.077963	  0.021669	 -0.014670	  0.020622	  0.078949	  0.062467	  0.058109	  0.105861	  0.222203	  0.302211	  0.338423	  0.407487	  0.592555	  0.626875	  0.693597	  0.721558	  0.864205
  0.061611	  0.014576	 -0.002589	  0.045031	  0.056744	  0.081090	  0.103793	  0.170068	  0.266285	  0.307039	  0.340057	  0.417834	  0.611903	  0.668032	  0.727914	  0.754941	  0.854101
  0.085082	  0.004544	  0.008508	  0.080852	  0.067392	  0.081271	  0.144770	  0.210503	  0.262838	  0.328725	  0.336352	  0.414659	  0.616242	  0.684447	  0.751624	  0.747967	  0.820109
  0.089042	 -0.030433	  0.039476	  0.095245	  0.075557	  0.110983	  0.168659	  0.263050	  0.262598	  0.312853	  0.338366	  0.422887	  0.619122	  0.675463	  0.725639	  0.731540	  0.776713
  0.054666	 -0.012424	  0.051539	  0.123806	  0.087735	  0.120178	  0.175626	  0.295755	  0.257227	  0.330282	  0.321734	  0.426806	  0.610310	  0.656200	  0.644169	  0.637346	  0.707711
  0.078962	  0.001264	  0.071963	  0.124782	  0.085270	  0.139689	  0.172971	  0.294288	  0.260875	  0.307535	  0.299140	  0.406258	  0.557078	  0.579856	  0.549355	  0.521528	  0.586824
  0.123880	  0.013540	  0.093921	  0.110087	  0.124045	  0.121531	  0.178180	  0.267205	  0.273425	  0.299340	  0.264550	  0.368754	  0.507320	  0.502856	  0.438650	  0.419132	  0.466868
  0.127052	  0.043585	  0.115332	  0.126937	  0.144633	  0.111881	  0.197228	  0.227063	  0.236952	  0.274409	  0.223797	  0.299765	  0.411298	  0.400559	  0.329778	  0.320483	  0.382306
  0.121574	  0.041998	  0.097668	  0.125937	  0.144769	  0.076032	  0.191260	  0.195364	  0.225554	  0.223771	  0.190237	  0.254872	  0.283911	  0.288551	  0.248496	  0.256887	  0.304398
  0.119166	  0.067447	  0.076485	  0.133623	  0.163598	  0.055918	  0.178484	  0.172770	  0.211104	  0.193844	  0.143462	  0.175177	  0.200391	  0.205041	  0.189673	  0.221375	  0.241971
  0.119752	  0.058657	  0.084147	  0.134646	  0.154851	  0.052902	  0.154561	  0.144950	  0.173917	  0.156954	  0.112643	  0.094177	  0.111108	  0.134667	  0.135290	  0.214992	  0.246398
  0.136611	  0.050980	  0.072652	  0.147868	  0.122073	  0.042259	  0.136156	  0.131642	  0.134638	  0.118905	  0.058319	  0.011295	  0.041354	  0.077629	  0.094467	  0.197384	  0.274038
  0.112343	  0.071705	  0.065706	  0.148369	  0.102782	  0.060508	  0.114052	  0.089399	  0.072534	  0.064458	 -0.004556	 -0.050468	 -0.005755	  0.046807	  0.072952	  0.196823	  0.294123
  0.079661	  0.092894	  0.065865	  0.132526	  0.097557	  0.081246	  0.115661	  0.054742	  0.029541	  0.022578	 -0.052501	 -0.075184	 -0.010457	  0.017248	  0.107387	  0.195708	  0.348767
  0.088536	  0.076803	  0.060529	  0.091647	  0.088602	  0.066796	  0.098711	  0.018331	  0.039896	  0.006571	 -0.116907	 -0.056703	 -0.000097	  0.009673	  0.143181	  0.241650	  0.407670
  0.092486	  0.052258	  0.058097	  0.060831	  0.078276	  0.042197	  0.042920	 -0.002392	  0.038355	  0.001071	 -0.142472	 -0.045774	 -0.017389	  0.025257	  0.163587	  0.292215	  0.439984
  0.111925	  0.039461	  0.042703	  0.063301	  0.071925	  0.017894	  0.014382	  0.008941	  0.035815	 -0.001466	 -0.112323	 -0.001480	  0.025862	  0.088282	  0.230307	  0.333327	  0.490025
  0.106600	  0.034943	  0.021068	  0.076007	  0.064656	 -0.000853	 -0.014597	  0.016813	  0.045384	 -0.019276	 -0.063833	  0.024644	  0.063193	  0.151006	  0.334206	  0.369820	  0.509023
  0.104547	  0.027362	  0.017527	  0.105396	  0.065973	 -0.012478	 -0.028455	  0.036901	  0.056942	  0.004314	 -0.021991	  0.033680	  0.065063	  0.206222	  0.403310	  0.407478	  0.517381
  0.098542	  0.059859	  0.035102	  0.104333	  0.048776	 -0.003775	 -0.055556	  0.038856	  0.090210	  0.013810	  0.018664	  0.078302	  0.120365	  0.270585	  0.461739	  0.411800	  0.533863
  0.107718	  0.091187	  0.025852	  0.074922	  0.028204	  0.020619	 -0.060964	  0.074688	  0.116721	  0.037187	  0.066722	  0.099671	  0.195417	  0.298218	  0.540134	  0.448977	  0.581570
  0.119320	  0.096298	  0.026138	  0.090078	 -0.003675	  0.032557	 -0.030350	  0.081025	  0.125568	  0.060637	  0.143329	  0.164973	  0.269209	  0.362245	  0.569509	  0.480837	  0.601075
  0.136760	  0.072738	  0.036477	  0.074076	  0.022687	  0.038701	 -0.003584	  0.120202	  0.166219	  0.077053	  0.183305	  0.242380	  0.328031	  0.403743	  0.550734	  0.465764	  0.597453
  0.162797	  0.048515	  0.008646	  0.058756	  0.038330	  0.073932	  0.052592	  0.146617	  0.205581	  0.090181	  0.226252	  0.282841	  0.372405	  0.437626	  0.553069	  0.454695	  0.590908
  0.151553	  0.032217	 -0.010686	  0.044534	  0.060084	  0.082668	  0.098884	  0.175043	  0.238319	  0.093520	  0.243801	  0.325842	  0.391778	  0.467037	  0.552493	  0.453994	  0.569424
  0.124097	  0.015916	 -0.009471	  0.047518	  0.079681	  0.057747	  0.132716	  0.206641	  0.255172	  0.117263	  0.261796	  0.349536	  0.382402	  0.475325	  0.525648	  0.423358	  0.475938
  0.101870	  0.021521	 -0.006863	  0.077652	  0.078806	  0.071919	  0.161167	  0.203407	  0.282905	  0.157238	  0.307022	  0.345940	  0.385802	  0.452476	  0.455473	  0.371668	  0.386412
  0.115751	  0.028898	 -0.020991	  0.144172	  0.105695	  0.131727	  0.175351	  0.210009	  0.289114	  0.205828	  0.325592	  0.336624	  0.381661	  0.400155	  0.378262	  0.314415	  0.283728
  0.121162	  0.014626	 -0.005702	  0.162715	  0.102656	  0.161369	  0.208289	  0.236019	  0.275553	  0.213674	  0.318702	  0.306924	  0.360914	  0.363381	  0.317719	  0.222739	  0.157470
  0.143987	  0.055838	  0.008779	  0.123465	  0.082074	  0.193379	  0.208448	  0.288312	  0.284904	  0.187096	  0.316175	  0.277842	  0.291177	  0.322684	  0.244929	  0.149078	  0.072513
  0.154744	  0.077285	 -0.007534	  0.117440	  0.093863	  0.209473	  0.212548	  0.283897	  0.306737	  0.181773	  0.298382	  0.249282	  0.231255	  0.216933	  0.171123	  0.048896	 -0.009691
  0.164101	  0.079443	 -0.015851	  0.125158	  0.101733	  0.206046	  0.217768	  0.263311	  0.304358	  0.174618	  0.238584	  0.189386	  0.176598	  0.131965	  0.121260	 -0.028410	 -0.093643
  0.151379	  0.077109	 -0.017278	  0.120835	  0.077404	  0.210887	  0.236084	  0.233998	  0.262723	  0.144030	  0.201280	  0.124321	  0.124800	  0.052357	  0.019986	 -0.111342	 -0.128655
  0.141973	  0.082590	 -0.016487	  0.151149	  0.118747	  0.195256	  0.252615	  0.194310	  0.231674	  0.097756	  0.115373	  0.030990	  0.084506	  0.003837	 -0.038384	 -0.161923	 -0.167565
  0.155117	  0.073348	 -0.026439	  0.159275	  0.130848	  0.182643	  0.224217	  0.179334	  0.164088	  0.020960	  0.028062	 -0.015661	  0.037868	 -0.041187	 -0.096393	 -0.154101	 -0.171794
  0.153369	  0.094971	 -0.003054	  0.158768	  0.139020	  0.144446	  0.200848	  0.166793	  0.083397	 -0.028350	 -0.029380	 -0.057123	  0.007215	 -0.095500	 -0.138848	 -0.172010	 -0.165805
  0.128184	  0.091551	  0.024792	  0.150257	  0.165527	  0.108413	  0.147304	  0.158383	  0.042476	 -0.047191	 -0.060656	 -0.113906	 -0.061277	 -0.083305	 -0.177446	 -0.153122	 -0.158616
  0.116153	  0.065273	  0.040293	  0.150147	  0.149645	  0.088711	  0.106787	  0.150778	  0.000469	 -0.082463	 -0.083716	 -0.173722	 -0.139395	 -0.119091	 -0.202386	 -0.137849	 -0.155160
  0.132855	  0.048261	  0.069308	  0.139920	  0.135246	  0.060656	  0.102371	  0.093919	 -0.043432	 -0.116350	 -0.100256	 -0.226391	 -0.160842	 -0.151208	 -0.239748	 -0.141248	 -0.130728
  0.130372	  0.060128	  0.066888	  0.118509	  0.115230	  0.031907	  0.063950	  0.063515	 -0.084564	 -0.153010	 -0.113777	 -0.273326	 -0.203728	 -0.159078	 -0.232359	 -0.117074	 -0.078140
  0.116257	  0.048485	  0.049205	  0.101382	  0.117799	  0.015048	  0.017833	  0.035685	 -0.138200	 -0.179569	 -0.145794	 -0.296022	 -0.184867	 -0.150059	 -0.192576	 -0.099596	 -0.040882
  0.107028	  0.075445	  0.029222	  0.111601	  0.098246	 -0.009491	 -0.012486	 -0.022059	 -0.140876	 -0.184610	 -0.179586	 -0.267536	 -0.167018	 -0.119494	 -0.165628	 -0.066142	 -0.016687
  0.130729	  0.097587	  0.007016	  0.116836	  0.078115	 -0.043106	 -0.039503	 -0.052149	 -0.142534	 -0.177045	 -0.169375	 -0.220702	 -0.129364	 -0.144608	 -0.134431	 -0.082425	 -0.005896
  0.168989	  0.103310	  0.025965	  0.105132	  0.087945	 -0.038912	 -0.042329	 -0.051392	 -0.147282	 -0.160496	 -0.159756	 -0.193100	 -0.079611	 -0.150938	 -0.128927	 -0.065393	  0.005471
  0.171721	  0.102429	  0.047289	  0.102436	  0.056646	 -0.060117	 -0.051447	 -0.084045	 -0.152790	 -0.126353	 -0.172297	 -0.161061	 -0.095838	 -0.120477	 -0.078744	 -0.035336	  0.016182
  0.187252	  0.112312	  0.061276	  0.072203	  0.012167	 -0.096996	 -0.073639	 -0.112777	 -0.152428	 -0.102452	 -0.161582	 -0.151621	 -0.088939	 -0.086262	 -0.023222	 -0.006610	  0.034619
  0.149753	  0.102985	  0.058929	  0.047439	 -0.009531	 -0.112502	 -0.089741	 -0.104074	 -0.105952	 -0.061965	 -0.137164	 -0.127823	 -0.055062	 -0.044992	  0.051288	  0.031099	  0.077305
  0.146324	  0.112994	  0.042929	  0.054884	  0.000845	 -0.119370	 -0.065852	 -0.083632	 -0.053886	 -0.015690	 -0.108311	 -0.074810	 -0.028974	 -0.012281	  0.116666	  0.068137	  0.118479
  0.150286	  0.088366	  0.047428	  0.051221	 -0.004393	 -0.116545	 -0.066793	 -0.086204	 -0.011656	  0.004547	 -0.089581	 -0.049839	  0.022317	 -0.000556	  0.161784	  0.109201	  0.166167
  0.136827	  0.101478	  0.047638	  0.050543	 -0.037280	 -0.108823	 -0.071186	 -0.073275	  0.000637	  0.009155	 -0.078896	 -0.028964	  0.049897	  0.027244	  0.169079	  0.152173	  0.213121
  0.130905	  0.086244	  0.046535	  0.049201	 -0.050887	 -0.084114	 -0.076277	 -0.029206	 -0.010119	 -0.014906	 -0.052198	 -0.041786	  0.056935	  0.081028	  0.185414	  0.195349	  0.239340
  0.121729	  0.035367	  0.062020	  0.055405	 -0.082975	 -0.071260	 -0.077035	 -0.008009	  0.004104	  0.014247	 -0.027596	 -0.024847	  0.078571	  0.135424	  0.220304	  0.219478	  0.265117
  0.128066	  0.044651	  0.070107	  0.059687	 -0.088841	 -0.073756	 -0.058753	  0.008984	  0.024075	  0.049262	 -0.007351	 -0.004602	  0.104832	  0.169059	  0.208600	  0.214534	  0.249589
  0.118309	  0.065004	  0.074267	  0.063555	 -0.056301	 -0.061878	 -0.018832	  0.027379	  0.024935	  0.061461	  0.000134	  0.020384	  0.161651	  0.196107	  0.202578	  0.191460	  0.225729
  0.107042	  0.078858	  0.086829	  0.062283	 -0.030437	 -0.072281	 -0.018244	  0.025183	  0.016767	  0.078702	  0.014471	  0.045688	  0.169380	  0.249116	  0.221231	  0.196760	  0.179644
  0.101210	  0.081123	  0.049656	  0.036572	 -0.027725	 -0.061698	  0.002328	  0.030210	  0.049506	  0.078302	  0.049829	  0.058892	  0.153744	  0.261804	  0.241149	  0.223386	  0.155065
  0.079370	  0.087260	  0.053011	  0.044094	  0.002553	 -0.029065	  0.020707	  0.041247	  0.069854	  0.061186	  0.061316	  0.079082	  0.159678	  0.281734	  0.236757	  0.210199	  0.143194
  0.074885	  0.040199	  0.032999	  0.043969	  0.040298	 -0.019142	  0.039050	  0.057361	  0.085642	  0.056267	  0.090370	  0.095948	  0.146410	  0.280733	  0.210595	  0.170029	  0.122008
  0.070475	  0.041642	 -0.011678	  0.048600	  0.048908	 -0.002928	  0.048756	  0.095918	  0.104055	  0.041952	  0.106536	  0.121468	  0.159139	  0.277119	  0.207986	  0.124014	  0.110748
  0.088120	  0.008495	 -0.016025	  0.051969	  0.026208	  0.017949	  0.064784	  0.110227	  0.129885	  0.061922	  0.101672	  0.107450	  0.167318	  0.264128	  0.189448	  0.073102	  0.105365
  0.105337	 -0.018661	 -0.050299	  0.058887	  0.022559	  0.018110	  0.094336	  0.110222	  0.152763	  0.097963	  0.082957	  0.096834	  0.161918	  0.250865	  0.160694	  0.056396	  0.097039
  0.093065	 -0.024662	 -0.066260	  0.071324	  0.042580	 -0.019220	  0.091719	  0.102408	  0.144890	  0.115770	  0.085434	  0.099330	  0.141547	  0.231608	  0.088653	  0.037589	  0.114900
  0.102585	 -0.017493	 -0.075864	  0.100128	  0.051223	 -0.008126	  0.084977	  0.110924	  0.140061	  0.133422	  0.104783	  0.092341	  0.127283	  0.227760	  0.063261	  0.035608	  0.131257
  0.108164	 -0.025336	 -0.076109	  0.102871	  0.079546	  0.029593	  0.087457	  0.097061	  0.105804	  0.149227	  0.089871	  0.119246	  0.110671	  0.202662	  0.083722	  0.062892	  0.148921
  0.103209	 -0.014017	 -0.077520	  0.082647	  0.064497	  0.030237	  0.095337	  0.089576	  0.092436	  0.103624	  0.071378	  0.098907	  0.101873	  0.184224	  0.086156	  0.091492	  0.177524
  0.097435	 -0.006300	 -0.071948	  0.112619	  0.065098	  0.048484	  0.142854	  0.094076	  0.097716	  0.076423	  0.074198	  0.060696	  0.085031	  0.209749	  0.052993	  0.061831	  0.185295
  0.101606	  0.002173	 -0.025937	  0.131689	  0.070926	  0.052382	  0.143266	  0.076506	  0.093716	  0.050516	  0.060151	  0.062050	  0.075919	  0.215127	  0.039833	  0.056441	  0.188490
  0.105476	  0.012913	  0.017199	  0.111365	  0.102291	  0.055061	  0.110694	  0.059467	  0.096805	  0.038000	  0.072144	  0.046430	  0.078650	  0.203476	  0.055012	  0.029416	  0.146556
  0.112291	  0.037018	  0.024447	  0.100286	  0.098726	  0.075971	  0.090591	  0.044548	  0.102071	  0.016349	  0.069430	  0.019049	  0.052594	  0.167504	  0.066761	  0.034875	  0.119469
  0.097783	  0.055655	  0.031715	  0.117256	  0.085895	  0.074725	  0.059574	  0.043657	  0.094867	  0.028066	  0.074141	 -0.014450	  0.045537	  0.147642	  0.043576	  0.033215	  0.104693
  0.112925	  0.043882	  0.037491	  0.112044	  0.127210	  0.089227	  0.084075	  0.032526	  0.090692	  0.044249	  0.094458	 -0.038171	  0.050833	  0.135173	  0.053261	  0.061379	  0.113486
  0.103384	  0.058135	  0.027922	  0.117730	  0.135116	  0.097261	  0.122719	  0.048853	  0.074826	  0.049410	  0.091098	 -0.040675	  0.038942	  0.106977	  0.052958	  0.077484	  0.139886
  0.082655	  0.070016	  0.028091	  0.136375	  0.127482	  0.095503	  0.128231	  0.046730	  0.077774	  0.065935	  0.070794	 -0.030889	  0.048912	  0.113635	  0.049861	  0.088427	  0.149332
  0.062381	  0.090534	  0.026282	  0.159561	  0.127848	  0.106016	  0.121536	  0.050853	  0.092409	  0.077584	  0.062549	 -0.043074	  0.050580	  0.120182	  0.070355	  0.114166	  0.152613
  0.074709	  0.095335	 -0.001553	  0.129371	  0.152256	  0.085527	  0.134535	  0.053513	  0.082328	  0.059333	  0.061425	 -0.013236	  0.031164	  0.096565	  0.091879	  0.124989	  0.127639
  0.072159	  0.086013	  0.006859	  0.114861	  0.136958	  0.031706	  0.161934	  0.058289	  0.094423	  0.062605	  0.052098	  0.003509	  0.004567	  0.071874	  0.101572	  0.108110	  0.104379
  0.078515	  0.089173	  0.010026	  0.121438	  0.093057	  0.030918	  0.148816	  0.087597	  0.120298	  0.065781	  0.041334	  0.016635	  0.019993	  0.061081	  0.122886	  0.074821	  0.081789
  0.084615	  0.078458	  0.022613	  0.105209	  0.074899	  0.025923	  0.142597	  0.123953	  0.117633	  0.109256	  0.041074	  0.050882	  0.008997	  0.078569	  0.120772	  0.064372	  0.065100
  0.067784	  0.078927	  0.028545	  0.089127	  0.077074	  0.016854	  0.131218	  0.151813	  0.131436	  0.101644	  0.041443	  0.058087	 -0.005451	  0.085787	  0.109164	  0.037529	  0.037013
  0.059739	  0.073372	  0.008238	  0.079100	  0.036067	  0.013668	  0.118856	  0.135096	  0.130999	  0.085567	  0.067769	  0.066942	  0.002902	  0.100470	  0.126865	  0.036511	  0.039357
  0.068159	  0.049485	  0.013726	  0.113569	  0.018744	  0.011574	  0.127380	  0.128112	  0.107051	  0.099074	  0.080289	  0.065521	  0.029321	  0.118940	  0.134041	 -0.004930	 -0.008510
  0.063548	  0.056446	  0.036599	  0.123391	  0.005292	  0.033912	  0.106050	  0.136177	  0.094256	  0.096651	  0.099284	  0.075128	  0.043057	  0.125586	  0.129671	 -0.030120	 -0.021692
  0.048261	  0.058510	  0.027300	  0.113001	  0.003374	  0.064298	  0.109853	  0.150828	  0.103407	  0.089755	  0.104307	  0.064171	  0.049401	  0.154711	  0.115109	 -0.023357	 -0.035592
  0.093261	  0.065299	  0.009805	  0.081357	  0.013110	  0.056045	  0.115803	  0.131702	  0.117490	  0.084302	  0.079763	  0.079466	  0.052027	  0.186579	  0.114327	 -0.026116	 -0.058369
  0.092125	  0.070873	  0.027149	  0.055949	  0.015852	  0.055422	  0.131858	  0.124763	  0.117488	  0.096553	  0.060888	  0.093340	  0.073609	  0.191041	  0.090584	 -0.057206	 -0.110787
  0.061050	  0.066660	  0.037579	  0.075939	  0.030909	  0.055091	  0.135525	  0.142757	  0.118835	  0.104931	  0.055655	  0.089223	  0.100292	  0.170579	  0.098854	 -0.098028	 -0.150674
  0.063957	  0.049580	  0.048870	  0.102785	  0.033986	  0.020532	  0.131504	  0.139717	  0.121399	  0.124607	  0.068600	  0.065351	  0.100059	  0.149202	  0.082037	 -0.111710	 -0.184966
  0.060271	  0.034876	  0.091184	  0.139340	  0.004393	 -0.010628	  0.130071	  0.138396	  0.114044	  0.137212	  0.069409	  0.050220	  0.097322	  0.143538	  0.027023	 -0.113109	 -0.171274
  0.067223	  0.032100	  0.102753	  0.146145	  0.009918	 -0.009337	  0.147351	  0.166305	  0.129686	  0.125659	  0.053708	  0.066192	  0.111061	  0.138574	  0.007539	 -0.121425	 -0.102917
  0.076516	  0.022944	  0.132846	  0.137270	  0.008351	 -0.008105	  0.146216	  0.173715	  0.175692	  0.101261	  0.067928	  0.070651	  0.152273	  0.145395	  0.007396	 -0.069752	  0.010207
  0.091857	  0.030598	  0.139898	  0.154087	  0.015962	  0.006084	  0.127140	  0.153302	  0.204960	  0.129795	  0.092456	  0.066727	  0.165269	  0.156113	  0.040840	  0.001673	  0.128589
  0.092956	  0.002710	  0.111724	  0.157660	  0.027044	 -0.003143	  0.152306	  0.128638	  0.240552	  0.161835	  0.101468	  0.071024	  0.210097	  0.162127	  0.094513	  0.102143	  0.240001
  0.068569	 -0.007176	  0.107643	  0.135231	  0.041251	  0.000707	  0.166704	  0.146713	  0.244711	  0.175773	  0.113185	  0.089055	  0.250509	  0.174065	  0.141551	  0.197807	  0.346646
  0.058407	  0.023604	  0.130809	  0.157857	  0.074027	  0.016771	  0.176460	  0.187396	  0.268792	  0.206509	  0.135560	  0.132558	  0.261085	  0.210380	  0.199049	  0.288276	  0.414291
  0.079815	  0.056818	  0.141484	  0.185885	  0.109231	  0.034410	  0.180596	  0.242523	  0.292637	  0.233571	  0.168988	  0.158103	  0.258260	  0.244458	  0.256943	  0.335059	  0.465324
  0.120516	  0.066521	  0.134061	  0.178331	  0.119642	  0.047192	  0.177300	  0.236218	  0.297355	  0.236070	  0.188963	  0.165187	  0.235448	  0.279841	  0.317160	  0.355261	  0.478572
  0.113040	  0.062097	  0.137436	  0.176302	  0.091984	  0.053185	  0.191946	  0.228646	  0.293946	  0.251075	  0.211805	  0.205926	  0.239636	  0.327792	  0.354671	  0.362884	  0.454300
  0.094919	  0.069434	  0.126684	  0.174412	  0.085202	  0.062476	  0.201112	  0.238787	  0.296988	  0.264259	  0.180349	  0.189043	  0.259842	  0.367867	  0.381941	  0.328851	  0.387533
  0.102024	  0.086283	  0.098371	  0.167816	  0.079680	  0.080721	  0.217768	  0.257310	  0.282297	  0.288999	  0.193265	  0.163793	  0.248898	  0.371475	  0.371771	  0.295519	  0.326341
  0.105907	  0.070395	  0.108620	  0.188249	  0.044505	  0.112409	  0.248491	  0.232370	  0.253242	  0.315706	  0.216160	  0.160388	  0.228203	  0.392651	  0.339198	  0.256060	  0.258959
  0.095164	  0.056177	  0.102085	  0.191690	  0.077460	  0.131306	  0.257874	  0.182860	  0.206109	  0.282838	  0.212260	  0.127297	  0.227235	  0.407513	  0.292046	  0.218258	  0.186366
  0.122070	  0.081596	  0.088327	  0.199185	  0.076563	  0.123350	  0.210375	  0.181458	  0.169195	  0.234007	  0.208634	  0.129889	  0.237979	  0.355070	  0.254443	  0.156423	  0.143162
  0.113162	  0.092352	  0.085821	  0.200014	  0.072896	  0.109121	  0.196893	  0.180986	  0.172896	  0.218989	  0.185373	  0.134633	  0.235283	  0.313067	  0.240071	  0.118603	  0.132022
  0.111763	  0.071078	  0.103059	  0.180007	  0.104569	  0.104411	  0.194963	  0.162261	  0.181216	  0.198682	  0.141649	  0.140291	  0.189147	  0.318448	  0.210246	  0.104962	  0.153773
  0.122077	  0.063023	  0.116656	  0.173022	  0.114405	  0.107345	  0.178099	  0.135003	  0.157770	  0.191952	  0.118064	  0.163578	  0.189035	  0.324870	  0.187172	  0.142834	  0.210890
  0.129315	  0.043249	  0.132365	  0.189966	  0.112355	  0.079731	  0.167885	  0.129953	  0.145271	  0.178799	  0.114826	  0.163822	  0.192842	  0.329978	  0.187841	  0.243927	  0.270031
  0.143593	  0.030665	  0.104172	  0.187149	  0.125452	  0.066221	  0.182167	  0.130432	  0.143481	  0.174098	  0.128102	  0.190946	  0.226155	  0.327312	  0.214988	  0.296787	  0.369558
  0.110465	  0.067771	  0.078167	  0.178717	  0.110499	  0.079786	  0.178932	  0.142293	  0.165409	  0.183898	  0.132926	  0.229760	  0.220894	  0.322197	  0.282710	  0.395214	  0.487374
  0.102426	  0.076271	  0.078869	  0.185013	  0.069710	  0.087986	  0.180604	  0.152702	  0.178273	  0.194431	  0.148360	  0.230644	  0.195258	  0.311764	  0.349621	  0.463430	  0.536667
  0.120559	  0.077499	  0.081265	  0.187327	  0.080610	  0.074407	  0.196192	  0.142643	  0.180139	  0.208734	  0.161006	  0.247375	  0.228375	  0.325260	  0.390986	  0.529457	  0.591122
  0.133894	  0.090056	  0.077100	  0.171783	  0.111074	  0.084862	  0.217676	  0.164908	  0.167682	  0.247489	  0.170299	  0.244761	  0.218999	  0.355278	  0.438226	  0.576313	  0.647699
  0.131313	  0.091604	  0.074255	  0.174768	  0.138639	  0.125529	  0.260853	  0.152616	  0.182503	  0.256571	  0.199928	  0.254916	  0.226768	  0.378282	  0.477145	  0.590300	  0.659603
  0.124731	  0.072725	  0.081267	  0.168126	  0.178617	  0.147262	  0.267422	  0.151297	  0.200719	  0.242352	  0.205847	  0.262587	  0.247189	  0.424469	  0.497147	  0.596015	  0.642464
  0.121006	  0.068621	  0.117641	  0.154283	  0.181300	  0.156108	  0.261973	  0.188303	  0.200608	  0.241664	  0.203738	  0.256493	  0.282589	  0.436483	  0.515006	  0.562250	  0.607068
  0.127834	  0.069788	  0.124276	  0.154080	  0.167880	  0.156184	  0.259347	  0.188873	  0.190820	  0.226990	  0.205550	  0.266976	  0.327237	  0.469167	  0.528706	  0.523461	  0.542119
  0.127500	  0.080428	  0.124137	  0.144529	  0.183260	  0.165490	  0.245577	  0.176372	  0.198336	  0.243624	  0.192012	  0.258847	  0.342889	  0.496886	  0.541622	  0.452378	  0.481432
  0.111818	  0.071284	  0.101906	  0.165715	  0.190401	  0.162826	  0.237730	  0.187346	  0.210664	  0.247179	  0.207977	  0.261391	  0.332968	  0.509976	  0.512010	  0.380698	  0.390677
  0.114700	  0.070832	  0.101759	  0.208599	  0.151240	  0.106492	  0.242317	  0.206170	  0.202784	  0.262358	  0.223781	  0.246399	  0.299771	  0.478223	  0.477783	  0.305263	  0.314291
  0.118505	  0.076648	  0.099140	  0.215522	  0.114069	  0.090918	  0.231806	  0.190950	  0.195738	  0.269031	  0.209844	  0.221872	  0.271818	  0.436196	  0.432573	  0.231279	  0.243366
  0.118082	  0.073665	  0.095281	  0.219364	  0.094672	  0.088905	  0.230489	  0.160352	  0.188179	  0.245569	  0.164708	  0.232922	  0.251914	  0.369775	  0.375493	  0.162547	  0.169988
  0.107827	  0.068333	  0.114577	  0.223007	  0.107833	  0.086233	  0.241839	  0.141691	  0.193619	  0.223209	  0.139657	  0.236272	  0.263798	  0.322598	  0.316179	  0.118240	  0.145370
  0.114813	  0.086803	  0.127344	  0.196672	  0.110841	  0.082052	  0.244704	  0.139083	  0.210170	  0.202938	  0.114970	  0.227441	  0.264390	  0.308716	  0.239907	  0.054850	  0.144921
  0.125134	  0.100557	  0.110629	  0.194536	  0.092988	  0.086698	  0.254816	  0.174009	  0.212877	  0.207751	  0.110172	  0.213586	  0.238531	  0.255096	  0.181400	  0.036079	  0.147202
  0.125402	  0.084421	  0.076938	  0.184761	  0.077425	  0.115519	  0.263936	  0.184972	  0.195617	  0.197234	  0.109650	  0.200680	  0.193784	  0.207420	  0.139987	  0.063678	  0.155116
  0.118281	  0.093544	  0.074523	  0.192186	  0.079620	  0.094894	  0.273211	  0.188610	  0.196191	  0.185328	  0.085667	  0.184128	  0.155882	  0.172446	  0.113691	  0.092462	  0.153423
  0.125773	  0.099637	  0.073303	  0.189583	  0.098372	  0.078002	  0.239412	  0.207928	  0.207387	  0.200107	  0.103411	  0.176123	  0.134360	  0.169629	  0.083468	  0.130571	  0.182257
  0.141445	  0.086378	  0.072766	  0.187997	  0.088669	  0.059804	  0.221207	  0.211230	  0.189113	  0.189190	  0.112908	  0.174018	  0.133413	  0.165688	  0.070473	  0.168179	  0.209549
  0.123966	  0.065675	  0.071019	  0.174288	  0.081615	  0.054254	  0.195395	  0.178510	  0.175375	  0.164519	  0.072587	  0.166087	  0.123323	  0.146157	  0.077201	  0.234329	  0.220854
  0.103716	  0.079382	  0.060949	  0.179827	  0.058155	  0.067267	  0.199993	  0.159960	  0.167658	  0.163274	  0.076665	  0.161852	  0.161083	  0.147529	  0.094035	  0.268987	  0.243953
  0.149019	  0.092182	  0.069677	  0.181650	  0.044044	  0.062158	  0.200734	  0.135207	  0.123677	  0.162319	  0.116547	  0.153897	  0.158345	  0.146413	  0.099349	  0.289174	  0.275886
  0.183702	  0.098010	  0.087707	  0.169091	  0.066625	  0.078160	  0.193720	  0.109535	  0.102844	  0.183871	  0.118691	  0.106554	  0.151222	  0.124431	  0.126167	  0.294937	  0.255740
  0.193558	  0.116111	  0.092517	  0.169341	  0.078550	  0.094873	  0.189915	  0.157284	  0.101221	  0.190820	  0.074179	  0.117114	  0.141910	  0.132074	  0.179927	  0.289728	  0.228908
  0.179586	  0.138063	  0.080334	  0.175497	  0.094293	  0.106064	  0.180699	  0.168508	  0.106814	  0.193235	  0.084795	  0.141542	  0.121607	  0.137966	  0.217809	  0.265596	  0.199403
  0.193248	  0.121738	  0.048082	  0.169828	  0.087091	  0.095697	  0.198480	  0.152756	  0.104718	  0.156873	  0.086253	  0.140815	  0.136988	  0.145137	  0.214395	  0.230411	  0.168697
  0.208408	  0.118429	  0.060710	  0.158805	  0.095773	  0.100139	  0.185095	  0.128651	  0.101246	  0.151354	  0.097034	  0.127653	  0.134131	  0.150145	  0.206048	  0.198768	  0.138027
  0.211344	  0.135093	  0.079508	  0.165506	  0.105948	  0.135544	  0.170966	  0.136540	  0.097661	  0.191114	  0.114008	  0.134188	  0.115617	  0.136169	  0.187723	  0.132862	  0.117871
  0.215474	  0.165152	  0.113689	  0.156131	  0.073823	  0.127620	  0.151305	  0.156052	  0.126342	  0.188236	  0.114720	  0.135141	  0.129838	  0.135698	  0.198878	  0.125014	  0.114210
  0.025331	 -0.023343	 -0.045609	 -0.060604	  0.031964	 -0.012028	  0.025589	 -0.003081	  0.082298	  0.056383	  0.012818	 -0.003602	  0.025194	 -0.002345	  0.002129	 -0.013626	 -0.012133
  0.036152	 -0.022680	 -0.050638	 -0.032408	  0.028431	 -0.017834	  0.003257	  0.015706	  0.074687	  0.037679	  0.027424	 -0.033176	 -0.001047	  0.007104	  0.007225	 -0.013845	 -0.023583
  0.034502	 -0.009809	 -0.026529	 -0.016902	  0.018728	 -0.019861	  0.016256	  0.033994	  0.057737	  0.032096	  0.017069	 -0.043171	 -0.001584	  0.020640	  0.019182	  0.009184	 -0.001561
  0.026983	  0.006149	  0.017048	 -0.012570	  0.017524	 -0.018260	 -0.011249	  0.026859	  0.036149	  0.025640	  0.016901	 -0.030829	  0.008679	  0.013753	  0.016896	  0.017644	  0.004752
  0.033238	 -0.008509	  0.026951	  0.007750	  0.008654	 -0.033060	 -0.020148	  0.021128	  0.036383	  0.027331	  0.011605	 -0.033758	  0.016969	  0.008653	  0.034706	  0.027441	  0.021579
  0.035057	 -0.008761	  0.009675	  0.012224	 -0.000311	 -0.006339	 -0.036698	  0.035186	  0.008779	 -0.000970	  0.027622	 -0.027528	  0.032884	 -0.006292	  0.023212	  0.016492	  0.009293
  0.009287	  0.001893	  0.003504	  0.031067	 -0.014481	  0.041045	 -0.030954	  0.026015	  0.006553	  0.007674	  0.008296	 -0.012175	  0.041015	 -0.030777	  0.032997	  0.035608	 -0.016402
 -0.031800	  0.004609	  0.027181	  0.014377	 -0.010631	  0.042297	 -0.032627	  0.021178	 -0.016098	  0.031908	  0.013588	  0.016232	  0.058670	 -0.019048	  0.034424	  0.049484	 -0.011754
 -0.041650	  0.014854	  0.040647	 -0.009803	  0.000813	  0.044539	 -0.044396	  0.007552	 -0.014061	  0.010077	 -0.001759	  0.008895	  0.068651	 -0.042344	 -0.002972	  0.023464	  0.028973
 -0.017463	  0.002205	  0.023083	 -0.010332	  0.024562	  0.043244	 -0.006420	  0.002221	 -0.005305	  0.015096	 -0.002467	  0.007223	  0.016059	 -0.035883	 -0.007587	  0.026281	  0.023681
 -0.015374	 -0.016065	 -0.004538	  0.007410	  0.033644	  0.027586	 -0.002493	 -0.009059	 -0.023107	  0.005195	  0.006437	  0.029074	 -0.009036	 -0.033934	 -0.009797	  0.015372	 -0.007437
 -0.028378	  0.001221	 -0.020010	  0.026498	  0.016742	  0.030462	 -0.008232	 -0.044964	 -0.019531	 -0.007120	 -0.009426	  0.032773	 -0.003124	 -0.024759	 -0.015208	  0.011659	 -0.014445
 -0.007408	  0.001780	 -0.036691	  0.014530	  0.031642	  0.024697	  0.018188	 -0.047680	  0.013467	 -0.035980	 -0.021413	  0.015942	 -0.005037	  0.003451	 -0.031833	 -0.016007	 -0.008253
  0.008073	 -0.007800	 -0.028940	  0.019615	 -0.007625	  0.010736	  0.014076	 -0.042527	  0.006919	 -0.052355	 -0.055917	  0.000248	 -0.024096	  0.003743	 -0.051449	 -0.050671	 -0.000924
 -0.005529	  0.007538	 -0.015069	 -0.009664	 -0.021079	  0.010295	 -0.014078	 -0.036472	 -0.026765	 -0.041795	 -0.049448	 -0.008658	 -0.040428	  0.015323	 -0.026937	 -0.037729	  0.027367
  0.011387	  0.020735	 -0.005475	 -0.003198	 -0.037387	  0.002881	  0.008837	 -0.002070	 -0.048672	 -0.038108	 -0.026549	 -0.004242	 -0.051333	  0.027604	  0.001340	 -0.032918	  0.030554
  0.005320	  0.031796	 -0.008950	  0.010990	 -0.055945	 -0.031918	  0.024402	  0.003871	 -0.049747	 -0.026104	 -0.011333	  0.010448	 -0.018522	  0.016637	 -0.001341	 -0.045254	 -0.001379
 -0.031794	  0.021208	  0.014650	  0.007608	 -0.032805	 -0.042021	  0.025325	  0.000739	 -0.053905	 -0.018709	 -0.007846	  0.011494	 -0.021696	  0.024254	 -0.009067	 -0.018866	 -0.007442
 -0.030084	  0.002625	  0.043239	 -0.003507	 -0.023497	 -0.055189	  0.027291	  0.005381	 -0.032839	 -0.001633	  0.025872	  0.026665	 -0.039229	  0.030915	 -0.007273	 -0.004559	 -0.025902
 -0.015849	 -0.019647	  0.036472	  0.006920	 -0.008942	 -0.041272	  0.044074	 -0.013979	 -0.032940	 -0.026304	  0.018525	  0.038144	 -0.052989	  0.023305	 -0.008650	  0.000846	 -0.014983
 -0.023048	 -0.041199	  0.012003	 -0.013057	  0.002679	 -0.043326	  0.063375	 -0.030063	 -0.025271	 -0.026975	  0.013613	  0.067446	 -0.057981	  0.018282	 -0.012161	  0.004001	  0.003301
 -0.014948	 -0.040516	 -0.005686	 -0.036170	  0.014437	 -0.030642	  0.089430	 -0.002142	 -0.006848	 -0.018079	  0.003207	  0.065529	 -0.071362	 -0.005391	 -0.041342	  0.006014	  0.001263
 -0.008900	 -0.052283	  0.012399	 -0.021604	  0.034666	 -0.009679	  0.099053	 -0.024992	 -0.043843	  0.022073	 -0.017848	  0.053746	 -0.034363	 -0.015343	 -0.020968	 -0.007059	  0.005673
  0.023654	 -0.053763	  0.013636	 -0.030113	  0.038867	 -0.017253	  0.097504	 -0.038490	 -0.075196	  0.050826	 -0.023660	  0.062250	 -0.024178	 -0.026212	  0.000086	 -0.023313	 -0.000704
  0.042187	 -0.052425	  0.010482	 -0.036164	  0.048111	 -0.025569	  0.108656	 -0.046167	 -0.067707	  0.030668	 -0.033947	  0.072673	 -0.023714	 -0.056875	  0.009567	  0.007016	  0.002913
  0.023776	 -0.040352	  0.002067	 -0.021234	  0.063386	 -0.024527	  0.081614	 -0.033713	 -0.020976	  0.005018	 -0.019762	  0.066094	 -0.010078	 -0.047842	  0.064121	  0.018460	  0.011158
  0.009177	 -0.043411	  0.018344	 -0.022502	  0.064478	 -0.010929	  0.090972	 -0.036538	 -0.017444	  0.012076	 -0.026779	  0.037740	 -0.013940	 -0.014208	  0.029153	  0.017523	  0.025523
 -0.000962	 -0.052971	  0.013291	 -0.034454	  0.005346	  0.038093	  0.072385	 -0.030749	 -0.047254	  0.027998	 -0.003959	  0.035786	 -0.041207	  0.008733	  0.026309	  0.026278	  0.048066
 -0.006411	 -0.041684	  0.022897	 -0.024120	 -0.033512	  0.055965	  0.069731	 -0.030160	 -0.058247	  0.041059	 -0.002611	  0.031590	 -0.035299	  0.015333	  0.028392	  0.058838	  0.035781
 -0.005060	 -0.025348	  0.007242	 -0.001422	 -0.024153	  0.042764	  0.054224	 -0.008283	 -0.043381	  0.067115	 -0.006233	  0.048212	 -0.031011	  0.026432	  0.006382	  0.051195	  0.026624
  0.007664	 -0.025672	 -0.015697	  0.013921	 -0.028921	  0.049539	  0.066981	  0.001722	 -0.022025	  0.061400	  0.024244	  0.049696	 -0.029955	  0.045943	  0.009899	  0.018980	  0.009258
 -0.018880	 -0.000113	 -0.035106	  0.035029	 -0.037189	  0.047180	  0.067396	 -0.010852	 -0.004404	  0.046165	  0.006236	  0.038377	 -0.037688	  0.044748	 -0.008902	  0.020082	  0.015383
 -0.031228	 -0.001622	 -0.031089	  0.043897	 -0.033597	  0.041598	  0.057229	 -0.012321	  0.033177	  0.033929	 -0.000785	  0.018531	 -0.079182	  0.029035	 -0.025766	  0.002658	  0.012604
 -0.007136	 -0.032613	  0.014889	  0.058411	  0.016776	  0.058374	  0.036050	 -0.020461	  0.054324	  0.038561	 -0.002785	  0.017227	 -0.089812	  0.020686	 -0.004111	  0.004395	 -0.010216
  0.006239	 -0.050817	  0.044805	  0.072154	  0.035703	  0.094086	  0.046793	 -0.042563	  0.065834	  0.042837	 -0.027217	  0.029529	 -0.062157	  0.014510	 -0.022094	  0.008957	 -0.017124
  0.018696	 -0.050303	  0.031796	  0.081181	  0.026529	  0.074896	  0.044292	 -0.064655	  0.103404	  0.086430	 -0.023039	  0.032834	 -0.044846	  0.010077	 -0.018612	 -0.008081	 -0.017645
  0.032705	 -0.028259	 -0.006987	  0.061145	  0.028111	  0.047921	  0.031978	 -0.042158	  0.109251	  0.070960	 -0.011831	  0.030623	 -0.049424	 -0.008597	 -0.024108	  0.002835	  0.000753
  0.013828	 -0.014724	 -0.024533	  0.026450	  0.026727	  0.047134	  0.037869	 -0.031411	  0.094328	  0.047833	 -0.014140	  0.036621	 -0.018618	  0.002304	 -0.023435	  0.019553	  0.035434
  0.030722	 -0.035093	 -0.022538	  0.010326	  0.003391	  0.055663	  0.027933	 -0.051042	  0.081374	  0.040351	 -0.015462	  0.051271	  0.002567	  0.023942	 -0.020171	  0.046782	  0.075149
  0.038162	 -0.039616	 -0.005889	 -0.012695	 -0.020131	  0.069970	  0.004592	 -0.047885	  0.053062	  0.028618	  0.000082	  0.049589	 -0.015575	  0.040985	 -0.017382	  0.033147	  0.075727
  0.013726	 -0.036187	 -0.007528	 -0.029729	 -0.017855	  0.059115	 -0.000291	 -0.028133	  0.027244	  0.031460	  0.016577	  0.026566	 -0.055051	  0.039639	  0.000521	  0.021098	  0.078865
  0.016564	 -0.005532	  0.000138	 -0.023917	 -0.024298	  0.074772	 -0.024166	 -0.036154	  0.039278	  0.043633	  0.020503	  0.016222	 -0.063972	  0.043712	 -0.007797	 -0.008912	  0.070149
  0.028126	  0.002100	  0.001133	 -0.015973	  0.002722	  0.056631	 -0.025645	 -0.032845	  0.028568	  0.065013	  0.004238	  0.000583	 -0.054603	  0.032065	 -0.000758	 -0.023547	  0.083033
  0.050806	  0.019239	  0.012072	 -0.046427	  0.021438	  0.038482	 -0.023001	  0.012692	  0.044578	  0.075914	 -0.004173	  0.016898	 -0.056971	  0.038134	 -0.002705	 -0.025148	  0.075262
  0.039870	  0.014644	  0.039712	 -0.065391	  0.034114	  0.045401	 -0.027165	  0.039730	  0.064886	  0.058561	 -0.022217	  0.035785	 -0.015867	  0.022583	 -0.012044	 -0.052516	  0.080655
  0.025733	  0.004193	  0.044140	 -0.079176	  0.034921	  0.052766	 -0.000533	  0.038515	  0.065767	  0.030516	 -0.048555	  0.028314	 -0.023740	  0.022981	 -0.022708	 -0.076792	  0.082772
  0.032866	 -0.002618	  0.029095	 -0.090368	 -0.007703	  0.066525	 -0.007404	  0.010559	  0.065831	  0.020517	 -0.049823	  0.005777	 -0.039056	  0.033019	 -0.016810	 -0.082624	  0.077799
  0.026511	  0.004169	  0.000452	 -0.089520	 -0.030323	  0.066988	 -0.005785	 -0.021469	  0.066996	  0.036098	 -0.045178	 -0.005652	 -0.034104	  0.025284	 -0.016173	 -0.069634	  0.084948
  0.041842	 -0.013211	  0.002702	 -0.063676	 -0.035093	  0.061009	 -0.005779	  0.004053	  0.071282	  0.037068	 -0.055320	 -0.005980	 -0.003598	  0.043633	 -0.030111	 -0.088855	  0.092147
  0.043303	 -0.037607	 -0.004475	 -0.064267	 -0.012056	  0.040840	  0.020701	  0.013778	  0.083554	  0.039297	 -0.058240	 -0.032731	 -0.007674	  0.056500	 -0.061749	 -0.073027	  0.062788
  0.021911	 -0.059781	 -0.009835	 -0.051114	 -0.002811	  0.009284	  0.035519	  0.017229	  0.083766	  0.037271	 -0.045150	 -0.030497	 -0.002393	  0.051622	 -0.043715	 -0.080141	  0.038983
  0.060015	 -0.031182	 -0.006297	 -0.046606	 -0.019372	 -0.006389	  0.038037	  0.019584	  0.100514	  0.015271	 -0.042911	 -0.004896	  0.027280	  0.038017	 -0.041976	 -0.071220	  0.019066
  0.089049	 -0.030254	 -0.013905	 -0.038094	 -0.050653	  0.026902	  0.020113	  0.007853	  0.086384	  0.013442	 -0.027567	 -0.004498	  0.019950	  0.046553	 -0.038428	 -0.032645	  0.009339
  0.097283	 -0.017102	 -0.012343	 -0.031420	 -0.057095	  0.048774	  0.023533	 -0.037333	  0.086896	  0.023531	 -0.030650	  0.026924	  0.003070	  0.047840	 -0.015208	 -0.044566	  0.002848
  0.055072	  0.029380	  0.001444	 -0.016541	 -0.066558	  0.047086	  0.027494	 -0.044757	  0.074601	  0.035097	 -0.028536	  0.045908	 -0.028827	  0.066652	 -0.006663	 -0.067369	 -0.001743
  0.069461	  0.019978	  0.024662	 -0.015296	 -0.074546	  0.065765	  0.019130	 -0.034143	  0.069477	  0.041424	 -0.012186	  0.065204	 -0.056649	  0.050674	  0.006682	 -0.093605	 -0.009911
  0.080514	  0.034550	  0.040898	  0.001603	 -0.060918	  0.042327	  0.015925	  0.003257	  0.035348	  0.027131	 -0.003572	  0.071221	 -0.027176	  0.027176	  0.014657	 -0.089411	 -0.021141
  0.033187	  0.058341	  0.050243	 -0.007466	 -0.055836	  0.026263	  0.015160	  0.029145	  0.039405	  0.006516	  0.000114	  0.021401	 -0.019824	  0.034530	  0.033826	 -0.063139	 -0.012251
  0.012960	  0.045802	  0.045618	 -0.030902	 -0.044659	  0.052570	  0.017106	  0.025724	  0.058128	 -0.012852	  0.020940	  0.005095	 -0.014375	  0.050666	  0.032605	 -0.043603	 -0.026287
  0.026123	 -0.007803	  0.039779	 -0.034335	 -0.047346	  0.087039	  0.005896	  0.028726	  0.074152	 -0.019621	  0.016409	  0.004582	  0.036294	  0.062870	  0.022979	 -0.037809	 -0.026328
  0.037720	 -0.015742	  0.030438	 -0.023040	 -0.022623	  0.104879	  0.030867	  0.017008	  0.065365	 -0.025242	  0.000280	  0.014808	  0.031940	  0.040713	  0.020302	 -0.022127	 -0.013203
  0.046289	  0.005514	  0.007247	 -0.004750	 -0.024355	  0.094225	  0.019146	  0.013409	  0.061992	 -0.007636	 -0.018264	  0.025439	  0.044656	  0.036776	  0.019194	 -0.041715	  0.026488
  0.062116	  0.020335	  0.007339	 -0.009374	 -0.041974	  0.071213	  0.009855	  0.019203	  0.056964	 -0.028933	 -0.016151	  0.002157	  0.067840	  0.069255	  0.017599	 -0.027597	  0.041061
  0.083823	  0.006987	  0.015751	 -0.013052	 -0.042734	  0.051437	  0.015824	  0.034236	  0.053990	 -0.015606	 -0.008189	 -0.013410	  0.051417	  0.051036	 -0.021462	 -0.021275	 -0.010300
  0.071594	  0.011065	  0.021790	 -0.006972	 -0.026516	  0.048959	  0.030408	  0.009300	  0.042284	 -0.032859	  0.028083	 -0.023378	  0.064254	  0.021627	 -0.045533	 -0.020287	 -0.037917
  0.107248	  0.001041	  0.049625	  0.010951	 -0.019727	  0.037669	  0.053293	 -0.027618	  0.044259	 -0.037659	  0.034589	 -0.006577	  0.059755	  0.073811	 -0.057417	 -0.025425	 -0.032559
  0.072046	 -0.021619	  0.054072	  0.014663	 -0.012516	  0.044652	  0.044452	 -0.046974	  0.042559	 -0.032078	  0.023869	  0.009985	  0.035874	  0.090483	 -0.061147	 -0.036008	 -0.011930
  0.022750	 -0.045122	  0.046493	 -0.005030	  0.002124	  0.045026	  0.039946	 -0.040778	  0.049017	 -0.015391	  0.029563	  0.018018	  0.038117	  0.088037	 -0.053548	 -0.044894	  0.016973
  0.044179	 -0.025949	  0.033181	 -0.030751	 -0.006999	  0.046614	  0.012038	 -0.047113	  0.065328	 -0.002981	  0.014892	  0.008544	  0.022221	  0.079461	 -0.038084	 -0.059535	  0.043532
  0.050739	 -0.008357	  0.032947	 -0.013955	  0.012638	  0.047337	 -0.018520	 -0.022200	  0.051351	  0.006982	  0.007426	 -0.015363	  0.001763	  0.033740	 -0.020503	 -0.065835	  0.044066
  0.061927	  0.001386	  0.010274	  0.015088	  0.033190	  0.065167	 -0.015623	 -0.033375	  0.067455	  0.054974	  0.001412	 -0.023459	 -0.009028	  0.015159	 -0.046054	 -0.066252	  0.043241
  0.044572	  0.018549	  0.012124	  0.034567	  0.045557	  0.084991	 -0.012087	 -0.029657	  0.046856	  0.066678	 -0.003410	 -0.026812	 -0.013221	  0.008632	 -0.059856	 -0.071512	  0.026705
  0.069452	  0.020586	  0.037966	  0.029504	  0.050705	  0.070009	 -0.007418	 -0.019183	  0.036095	  0.094507	 -0.020875	 -0.023761	 -0.006692	 -0.019325	 -0.086819	 -0.054841	  0.035267
  0.085967	  0.000498	  0.020561	  0.036256	  0.046447	  0.054878	 -0.008260	 -0.026138	  0.040434	  0.112939	  0.000112	 -0.028191	 -0.005254	 -0.023522	 -0.056855	 -0.035896	  0.049172
  0.093446	 -0.008683	  0.019996	  0.021422	  0.018207	  0.059983	 -0.019948	 -0.020024	  0.046421	  0.097103	  0.012193	 -0.026875	 -0.014972	 -0.009295	 -0.046226	 -0.005327	  0.050414
  0.115982	  0.005685	  0.026241	  0.003594	  0.008199	  0.051750	 -0.024716	 -0.028228	  0.050238	  0.076011	  0.039782	 -0.016275	 -0.002789	 -0.000989	 -0.019575	  0.015679	  0.069660
  0.094869	  0.014530	  0.028144	 -0.004768	  0.024132	  0.048034	 -0.024048	 -0.053048	  0.040289	  0.094674	  0.066912	 -0.014305	  0.012899	  0.003984	 -0.010172	 -0.007409	  0.088415
  0.075941	  0.036898	  0.036674	 -0.000707	  0.026979	  0.017164	 -0.013398	 -0.031905	  0.039522	  0.104339	  0.048218	 -0.014835	  0.034313	 -0.008856	 -0.031198	 -0.019630	  0.092723
  0.083778	  0.053276	  0.046388	 -0.008133	  0.045454	  0.000019	  0.006642	  0.001143	  0.063632	  0.084188	  0.019252	 -0.004806	  0.065649	  0.017621	 -0.047951	 -0.018484	  0.094324
  0.067721	  0.030272	  0.042584	 -0.004639	  0.043489	  0.018680	  0.008202	 -0.001287	  0.080233	  0.072267	  0.002111	 -0.008703	  0.050519	  0.030630	 -0.061364	 -0.011189	  0.085506
  0.028562	  0.048471	  0.045844	 -0.022306	  0.014761	  0.011570	 -0.007936	 -0.007763	  0.071432	  0.068974	  0.003298	 -0.009294	  0.035059	  0.031735	 -0.076154	 -0.032997	  0.100920
  0.032792	  0.032076	  0.031725	 -0.020159	 -0.017705	  0.016913	 -0.034612	  0.002762	  0.063593	  0.070387	  0.018605	 -0.016314	  0.007277	  0.058973	 -0.113282	 -0.048442	  0.093277
  0.034842	  0.023555	  0.023852	  0.011918	 -0.004233	 -0.008197	 -0.027706	  0.013280	  0.060162	  0.075754	 -0.004428	 -0.030578	  0.019677	  0.064962	 -0.123781	 -0.047667	  0.126449
  0.055767	  0.036328	  0.037936	  0.012915	 -0.005253	 -0.014620	 -0.048441	  0.037650	  0.072366	  0.060271	 -0.013673	 -0.050635	  0.000948	  0.064137	 -0.072909	 -0.075352	  0.130373
  0.081036	  0.000045	  0.057935	  0.001318	  0.011322	 -0.000651	 -0.039097	  0.018716	  0.086677	  0.089274	  0.003827	 -0.041562	 -0.027744	  0.016797	 -0.061658	 -0.083982	  0.081986
  0.059397	 -0.005343	  0.051970	  0.011091	  0.045757	  0.015553	 -0.034611	 -0.001959	  0.079152	  0.129017	  0.029121	 -0.037544	 -0.017804	  0.030997	 -0.061959	 -0.073189	  0.073468
  0.043136	  0.007986	  0.042902	  0.024244	  0.039439	  0.002950	 -0.013158	  0.012814	  0.055595	  0.126950	  0.031999	 -0.027565	  0.045394	  0.048040	 -0.044435	 -0.035505	  0.081528
  0.048073	  0.032648	  0.048003	  0.018867	  0.041202	 -0.006306	 -0.016438	 -0.002995	  0.076048	  0.078819	  0.035958	 -0.034289	  0.025874	  0.051770	 -0.041657	 -0.028592	  0.067821
  0.045315	  0.029337	  0.049977	  0.015218	  0.036077	  0.004258	 -0.003116	 -0.020811	  0.098999	  0.037113	  0.020998	 -0.054425	  0.000436	  0.056893	 -0.042238	 -0.037988	  0.043785
  0.032314	  0.008042	  0.041739	  0.017932	  0.025997	  0.032266	 -0.001612	 -0.023149	  0.123702	  0.041359	  0.019161	 -0.050493	  0.008790	  0.064180	 -0.042312	 -0.030411	  0.046093
  0.008022	 -0.005063	  0.043135	  0.004757	  0.012339	  0.042886	 -0.017324	 -0.021992	  0.130532	  0.027859	  0.017918	 -0.039163	  0.017469	  0.071530	 -0.039925	 -0.045558	  0.053729
  0.025411	 -0.013500	  0.059719	 -0.015006	  0.044806	  0.054679	 -0.006924	 -0.033052	  0.125055	  0.029036	  0.005000	 -0.031656	  0.021899	  0.069644	  0.001465	 -0.041151	  0.045066
  0.024599	 -0.009507	  0.100836	  0.017234	  0.055671	  0.066039	 -0.009307	 -0.029639	  0.128878	  0.033270	 -0.007841	 -0.026201	 -0.001103	  0.081414	  0.022153	 -0.045229	  0.046292
  0.024153	 -0.018296	  0.094569	  0.020410	  0.052060	  0.071174	 -0.008810	 -0.031977	  0.103774	  0.028717	 -0.006155	 -0.039976	 -0.003364	  0.069001	  0.004095	 -0.042255	  0.030961
  0.018663	 -0.010319	  0.081634	  0.004342	  0.030075	  0.056471	 -0.012415	 -0.018700	  0.086909	  0.011517	 -0.024407	 -0.028419	 -0.007742	  0.072186	  0.005226	 -0.006710	  0.047701
  0.002375	 -0.018896	  0.085492	 -0.017939	  0.027833	  0.068972	  0.007331	 -0.032380	  0.073606	  0.035072	 -0.019138	 -0.033229	  0.000331	  0.061851	  0.055639	  0.005017	  0.047951
 -0.014619	 -0.021967	  0.073421	 -0.011702	  0.040831	  0.058720	  0.038154	 -0.058210	  0.077148	  0.053719	 -0.030092	 -0.012828	 -0.014180	  0.080532	  0.062883	 -0.001957	  0.023014
  0.001076	 -0.027843	  0.052987	 -0.016361	  0.019775	  0.048881	  0.037277	 -0.052659	  0.092749	  0.063173	 -0.024083	  0.018626	 -0.031083	  0.079630	  0.058327	 -0.023660	  0.014866
  0.004089	 -0.044603	  0.062270	 -0.005168	  0.024607	  0.021567	  0.025754	 -0.026860	  0.065147	  0.057277	  0.010805	 -0.000226	 -0.023812	  0.064510	  0.031607	 -0.063492	 -0.015258
  0.029744	 -0.073175	  0.056491	  0.007117	  0.031419	  0.017617	  0.051534	 -0.024551	  0.051068	  0.053717	  0.018279	 -0.008484	 -0.007103	  0.079609	  0.009948	 -0.066200	 -0.014198
  0.063134	 -0.056223	  0.050256	  0.038065	  0.026033	  0.045334	  0.045816	 -0.041238	  0.034162	  0.065128	  0.025648	 -0.001654	 -0.020659	  0.078741	 -0.011278	 -0.062956	 -0.014181
  0.042510	 -0.067284	  0.038136	  0.061881	  0.002382	  0.030230	  0.037107	 -0.013822	  0.041749	  0.063988	  0.012499	  0.001570	 -0.038071	  0.089188	 -0.017988	 -0.060572	 -0.025207
  0.049645	 -0.037542	  0.029288	  0.079213	 -0.009131	  0.056411	  0.013991	 -0.005871	  0.054806	  0.053253	  0.019946	 -0.006260	 -0.016610	  0.084367	 -0.008456	 -0.060657	 -0.003906
  0.080895	 -0.019506	  0.012227	  0.072074	 -0.012756	  0.062798	  0.001113	 -0.027690	  0.065955	  0.057206	  0.019867	 -0.016897	  0.017008	  0.086184	 -0.003155	 -0.041889	 -0.001799
  0.110909	 -0.014985	 -0.003577	  0.062948	 -0.026404	  0.042309	 -0.008585	 -0.064472	  0.052044	  0.064730	  0.042518	 -0.015279	  0.011240	  0.100797	 -0.010713	 -0.029508	 -0.002116
  0.102557	 -0.000127	 -0.013729	  0.042984	  0.000558	  0.035738	 -0.026131	 -0.051269	  0.049437	  0.084468	  0.027625	 -0.010190	  0.006777	  0.100214	 -0.026140	 -0.038334	  0.009797
  0.108053	 -0.009531	 -0.052106	  0.056765	  0.020649	  0.060978	 -0.031821	 -0.028690	  0.046956	  0.091241	  0.008430	  0.001610	  0.019485	  0.096474	 -0.044636	 -0.038154	  0.015878
  0.087475	 -0.014607	 -0.021616	  0.075834	  0.016695	  0.062107	 -0.023556	 -0.021793	  0.055277	  0.080045	  0.003733	  0.006533	  0.009335	  0.103790	 -0.040447	 -0.030658	  0.036619
  0.095127	  0.009150	 -0.018910	  0.042761	  0.023100	  0.043236	 -0.014867	 -0.002826	  0.071771	  0.093654	  0.007358	  0.006788	  0.006206	  0.090752	 -0.019158	 -0.019509	  0.045601
  0.070634	  0.014925	 -0.022278	  0.021645	  0.032812	  0.043515	 -0.023485	 -0.008597	  0.038732	  0.080940	  0.016279	  0.020290	  0.022767	  0.070371	 -0.021714	 -0.032950	  0.053028
  0.048501	  0.024330	 -0.001762	  0.019228	  0.035652	  0.025488	 -0.041741	 -0.004798	  0.029183	  0.080792	 -0.001953	  0.000435	  0.020513	  0.078889	 -0.042585	 -0.023170	  0.048478
  0.049067	  0.039144	  0.008310	  0.006581	  0.057980	  0.000750	 -0.043020	 -0.001075	  0.048419	  0.061380	  0.012438	 -0.007913	 -0.003877	  0.069480	 -0.061460	 -0.019563	  0.066939
  0.081024	  0.031925	  0.000323	 -0.035532	  0.063980	  0.005516	 -0.003597	 -0.009534	  0.056391	  0.065110	  0.021331	  0.002611	  0.003809	  0.027299	 -0.042270	 -0.028883	  0.063725
  0.083608	  0.008129	 -0.005260	 -0.036926	  0.042208	 -0.007764	  0.007232	 -0.014580	  0.056528	  0.064054	  0.026245	 -0.024501	  0.025653	  0.026841	 -0.023122	 -0.018178	  0.067901
  0.050884	  0.017265	  0.015029	 -0.032018	  0.021109	  0.001770	 -0.002737	 -0.006627	  0.039781	  0.083353	  0.033572	 -0.041578	 -0.009164	  0.000621	 -0.054911	 -0.033737	  0.084133
  0.051207	  0.030432	  0.005260	 -0.032703	  0.003478	  0.003302	  0.001355	 -0.012429	  0.044078	  0.085152	  0.004541	 -0.007614	 -0.001112	  0.002932	 -0.090319	 -0.006616	  0.053883
  0.062037	  0.032325	  0.033393	 -0.005368	  0.012929	  0.012595	 -0.000675	 -0.025361	  0.041110	  0.067159	 -0.015435	 -0.023923	  0.012770	  0.017381	 -0.078830	 -0.000118	  0.029196
  0.058851	  0.027809	  0.079419	 -0.018674	  0.023206	  0.065455	  0.000767	  0.004667	  0.028585	  0.078133	  0.005784	 -0.053657	 -0.002095	  0.019173	 -0.052552	 -0.012515	  0.015464
  0.061657	  0.058584	  0.080098	 -0.005934	  0.039169	  0.056398	 -0.001841	 -0.013779	  0.057313	  0.104488	  0.017537	 -0.053001	 -0.023781	 -0.005191	 -0.046670	 -0.005794	  0.020710
  0.069439	  0.082983	  0.075493	  0.027697	  0.025978	  0.006838	  0.002711	 -0.004114	  0.076779	  0.084872	  0.007308	 -0.036694	 -0.015773	 -0.014723	 -0.055296	 -0.017287	  0.027433
  0.064055	  0.044638	  0.047791	  0.026657	  0.021101	 -0.015206	 -0.003282	 -0.032711	  0.073949	  0.069939	  0.001926	 -0.001770	 -0.020669	 -0.016870	 -0.064387	 -0.027648	  0.034207
  0.069236	  0.025199	  0.032869	  0.027598	  0.018320	  0.015231	 -0.014597	 -0.047994	  0.065250	  0.044428	  0.004549	  0.011308	 -0.047440	 -0.008283	 -0.068285	 -0.013113	  0.007636
  0.072254	  0.017324	  0.045420	  0.023100	  0.017397	  0.019774	 -0.016977	 -0.048393	  0.079660	  0.063603	 -0.013216	 -0.019244	 -0.056627	 -0.020186	 -0.078672	  0.012636	  0.009417
  0.070414	 -0.001059	  0.067850	  0.015899	  0.016146	  0.010668	 -0.002907	 -0.030718	  0.096082	  0.094633	 -0.000564	 -0.040647	 -0.055392	 -0.009217	 -0.078152	  0.011910	  0.005198
  0.062357	 -0.027068	  0.060485	  0.038410	  0.033983	  0.024080	  0.003034	 -0.030702	  0.071994	  0.096421	  0.013775	 -0.036446	 -0.066279	  0.017240	 -0.040130	  0.007785	  0.035710
  0.047206	 -0.017025	  0.023802	  0.040711	  0.060742	  0.020150	 -0.009548	 -0.015433	  0.075037	  0.080378	  0.003809	 -0.012717	 -0.072802	  0.001106	 -0.014969	  0.009905	  0.022610
  0.033160	 -0.010167	  0.030501	  0.059023	  0.032420	  0.010517	 -0.024363	 -0.022071	  0.069703	  0.065858	 -0.004054	 -0.004746	 -0.029935	 -0.004641	 -0.002549	 -0.006678	 -0.018591
  0.047632	  0.006854	  0.065330	  0.074083	  0.016939	 -0.009412	 -0.007432	 -0.016914	  0.069143	  0.066575	  0.005871	 -0.016576	 -0.022299	 -0.013880	 -0.008109	 -0.040593	 -0.006767
  0.079050	  0.042721	  0.059132	  0.049088	  0.013320	  0.004283	  0.004065	 -0.028018	  0.099767	  0.060245	  0.011810	  0.008645	 -0.018268	 -0.013974	 -0.014527	 -0.053102	  0.000523
  0.094317	  0.073226	  0.050473	  0.049913	 -0.005203	  0.015313	  0.000064	 -0.042916	  0.105399	  0.026224	  0.008359	 -0.002924	 -0.007544	  0.008809	 -0.022096	 -0.089572	 -0.006968
  0.086666	  0.065735	  0.031807	  0.037276	 -0.011762	 -0.000858	 -0.005922	 -0.066310	  0.102414	 -0.004942	  0.003463	 -0.039917	  0.017887	  0.008067	 -0.018213	 -0.115711	 -0.005091
  0.080395	  0.074973	  0.027451	  0.040985	 -0.014465	 -0.000275	 -0.020501	 -0.075664	  0.106709	  0.004944	  0.004384	 -0.031359	  0.004318	  0.001590	 -0.028963	 -0.103485	  0.012158
  0.086504	  0.067021	  0.020553	  0.031439	 -0.013782	 -0.003843	 -0.017787	 -0.069188	  0.105929	  0.013856	 -0.005977	 -0.020082	 -0.002108	  0.025287	 -0.042569	 -0.095497	  0.006146
  0.110787	  0.043167	  0.018937	  0.012189	  0.004642	  0.001770	  0.017116	 -0.069757	  0.093780	  0.016268	 -0.003609	  0.010396	  0.026791	  0.020804	 -0.062084	 -0.093384	 -0.001902
  0.112948	  0.036220	  0.005298	  0.007584	  0.014286	  0.007578	  0.016045	 -0.061002	  0.077193	 -0.015992	 -0.031853	  0.034449	  0.034767	  0.005548	 -0.078571	 -0.079669	 -0.006559
  0.086979	  0.070710	 -0.002835	  0.037326	  0.013532	  0.003610	  0.028658	 -0.044853	  0.058391	 -0.023695	 -0.049224	  0.017805	  0.023120	 -0.002844	 -0.059769	 -0.065913	  0.031730
  0.062680	  0.082851	 -0.008817	  0.031906	  0.032462	 -0.014888	  0.027141	 -0.055901	  0.073252	  0.005636	 -0.051341	 -0.001949	  0.041577	 -0.029758	 -0.036476	 -0.066149	  0.056604
  0.077836	  0.093567	 -0.010357	  0.013898	  0.079962	 -0.017246	  0.053117	 -0.069477	  0.086360	 -0.020795	 -0.042912	  0.007418	  0.061254	 -0.020882	 -0.014652	 -0.056397	  0.060318
  0.087254	  0.086825	 -0.005866	 -0.004418	  0.075079	 -0.019045	  0.062324	 -0.069615	  0.052649	 -0.024334	 -0.047002	 -0.013699	  0.025270	  0.001195	 -0.003517	 -0.041045	  0.057277
  0.105300	  0.039194	  0.019519	  0.003466	  0.062419	 -0.038427	  0.045594	 -0.079127	  0.025138	 -0.035464	 -0.045242	 -0.010758	 -0.014073	 -0.014060	 -0.017057	 -0.011221	  0.045348
  0.098583	  0.031216	  0.020568	  0.002048	  0.050697	 -0.029958	  0.054541	 -0.067696	 -0.019369	 -0.030674	 -0.029564	  0.001600	 -0.016769	 -0.031206	 -0.012823	 -0.007103	  0.025659
  0.113735	  0.045005	 -0.009929	 -0.007268	  0.057570	 -0.013518	  0.044779	 -0.042152	 -0.019355	 -0.013114	 -0.023423	  0.008789	 -0.009754	 -0.015974	 -0.003131	 -0.024974	  0.044066
  0.101064	  0.053880	 -0.020696	 -0.007223	  0.059540	 -0.000754	  0.003334	 -0.031322	 -0.000690	 -0.010811	 -0.007450	  0.009373	  0.009420	  0.003882	 -0.011179	 -0.030008	  0.046032
  0.065177	  0.051348	  0.007549	  0.012743	  0.023222	 -0.024930	  0.012085	 -0.023789	  0.023211	 -0.012347	  0.002943	  0.007332	 -0.009152	 -0.006984	 -0.015804	 -0.006171	  0.026338
  0.053046	  0.026023	 -0.004877	  0.042418	  0.025859	 -0.039825	  0.042909	 -0.051813	  0.051214	 -0.050382	  0.001616	  0.015492	  0.011014	 -0.020247	 -0.005313	 -0.024088	  0.036177
  0.060709	 -0.002813	 -0.018113	  0.040252	  0.040423	 -0.035858	  0.018206	 -0.058987	  0.070409	 -0.043448	  0.014257	  0.002410	  0.024490	 -0.041369	 -0.013464	 -0.030466	  0.012371
  0.083149	 -0.017981	 -0.008309	  0.006623	  0.027783	 -0.019333	 -0.002340	 -0.043442	  0.106813	 -0.022769	  0.023863	 -0.011012	 -0.000965	 -0.024976	 -0.030733	 -0.026705	 -0.003044
  0.082194	 -0.015293	 -0.036633	  0.023327	  0.010842	  0.014506	 -0.025594	 -0.060145	  0.094620	  0.008249	  0.035993	 -0.006383	 -0.015186	 -0.020752	 -0.014442	 -0.011930	 -0.004785
  0.121712	  0.026434	 -0.045176	  0.000179	  0.011156	  0.030195	 -0.041577	 -0.066151	  0.090689	  0.032116	  0.032962	 -0.015006	 -0.038969	 -0.018492	 -0.028061	  0.013828	  0.006430
  0.106175	  0.037772	 -0.016340	 -0.017213	 -0.010502	  0.032886	 -0.010151	 -0.062124	  0.070526	  0.044856	  0.054612	 -0.008691	 -0.021854	  0.001356	 -0.030946	  0.013590	  0.031613
  0.089269	  0.061116	  0.006825	 -0.015268	  0.002490	  0.026097	 -0.011025	 -0.060051	  0.048669	  0.039194	  0.056076	 -0.015554	 -0.002422	  0.031175	 -0.019725	  0.024742	  0.063195
  0.063793	  0.090090	  0.021421	 -0.012211	  0.029561	  0.030085	 -0.009182	 -0.062001	  0.029319	  0.034780	  0.045356	 -0.012043	  0.026137	  0.017302	 -0.019263	  0.019318	  0.058297
  0.046064	  0.079685	  0.052811	 -0.003973	  0.040424	  0.041830	  0.017559	 -0.071160	  0.035359	  0.026525	  0.064104	  0.003636	  0.026758	  0.006491	 -0.014060	  0.003336	  0.053903
  0.061214	  0.070296	  0.029703	 -0.000904	  0.039418	  0.043170	  0.050579	 -0.085878	  0.054713	  0.029965	  0.051781	  0.014746	  0.032385	 -0.010352	 -0.018215	  0.044773	  0.084516
  0.055231	  0.087684	  0.028846	 -0.002671	  0.039684	  0.022670	  0.049441	 -0.078965	  0.093715	  0.033987	  0.046375	  0.062021	  0.045530	  0.001917	 -0.023119	  0.058457	  0.050019
  0.077429	  0.075342	  0.030425	 -0.029448	  0.043226	 -0.005980	  0.049903	 -0.079475	  0.086624	  0.029279	  0.028024	  0.089464	  0.040140	  0.018304	 -0.005651	  0.015988	  0.008017
  0.105625	  0.043363	  0.019015	 -0.043848	  0.044198	 -0.015411	  0.054466	 -0.063131	  0.083692	  0.035311	  0.035712	  0.070648	 -0.002615	  0.010009	  0.011495	  0.009569	 -0.021302
  0.101433	  0.051792	  0.017133	 -0.035591	  0.021679	  0.000443	  0.039718	 -0.057334	  0.081172	  0.024412	  0.038488	  0.062260	 -0.016236	 -0.009340	 -0.022983	 -0.042403	 -0.008386
  0.100871	  0.034837	  0.028097	 -0.039799	  0.000554	  0.000908	  0.025583	 -0.057607	  0.079337	  0.036475	  0.037725	  0.050296	 -0.015789	 -0.030382	 -0.062827	 -0.032387	  0.020257
  0.105419	  0.025092	  0.020948	 -0.061476	  0.011453	 -0.005450	  0.001271	 -0.053130	  0.067025	  0.046446	  0.047230	  0.058146	  0.004621	 -0.037800	 -0.061278	 -0.041890	  0.018941
  0.123400	  0.017905	  0.034702	 -0.065136	 -0.009221	 -0.000118	 -0.009873	 -0.067091	  0.065802	  0.057084	  0.037649	  0.074590	  0.006804	 -0.028214	 -0.046131	 -0.063309	  0.030482
  0.094566	  0.015106	  0.043504	 -0.062598	 -0.046660	  0.018175	 -0.010741	 -0.051680	  0.055743	  0.068159	  0.033083	  0.059135	  0.005061	 -0.023409	 -0.037308	 -0.080480	  0.044668
  0.053526	  0.009973	  0.042033	 -0.047480	 -0.046950	  0.017040	 -0.028172	 -0.048631	  0.013822	  0.057283	  0.002914	  0.046032	 -0.008106	 -0.016315	 -0.029857	 -0.060041	  0.064692
  0.059936	  0.011136	  0.007566	 -0.045480	 -0.019734	  0.045048	 -0.018060	 -0.035281	  0.011278	  0.061893	 -0.004534	  0.020031	 -0.026134	  0.004125	 -0.021672	 -0.032561	  0.102517
  0.053647	 -0.022054	 -0.015992	 -0.039784	 -0.029043	  0.025231	 -0.009177	 -0.033765	 -0.001915	  0.062630	  0.001857	  0.022293	 -0.009809	 -0.059457	 -0.028917	 -0.003848	  0.142523
  0.062522	 -0.029559	 -0.012972	 -0.026630	 -0.039655	  0.010996	  0.028672	 -0.030542	 -0.007422	  0.047057	  0.000192	  0.023458	 -0.003723	 -0.104434	 -0.039505	  0.003770	  0.116690
  0.055036	  0.008878	 -0.015997	 -0.036104	 -0.008237	 -0.011556	  0.048137	 -0.036026	 -0.025622	  0.029549	 -0.008215	  0.000049	  0.011915	 -0.075784	 -0.047697	  0.009189	  0.101655
  0.044815	 -0.000190	 -0.012268	 -0.038054	 -0.001370	 -0.029368	  0.024655	 -0.086144	 -0.031535	  0.016154	 -0.007603	 -0.025322	 -0.009433	 -0.052639	 -0.032444	  0.028558	  0.081180
  0.036632	 -0.014714	 -0.018597	 -0.023600	  0.013554	 -0.009057	  0.017903	 -0.099148	 -0.024266	  0.012416	 -0.016727	 -0.007515	  0.000765	 -0.043236	 -0.055420	  0.021272	  0.036363
  0.036442	  0.001158	  0.001161	 -0.016406	  0.016416	 -0.024641	 -0.000606	 -0.121011	 -0.038582	  0.038188	 -0.006476	  0.009927	  0.017633	 -0.036240	 -0.079688	 -0.013590	  0.006355
  0.005232	  0.004830	  0.000103	  0.007418	  0.043144	 -0.020254	 -0.010845	 -0.124927	 -0.012232	  0.039387	  0.011769	 -0.006495	  0.045007	 -0.051424	 -0.056022	 -0.046947	 -0.006995
 -0.001525	  0.010414	 -0.009379	 -0.000746	  0.043427	 -0.000075	  0.000732	 -0.123233	  0.012840	  0.029805	 -0.004863	 -0.014174	  0.070320	 -0.049229	 -0.045780	 -0.034075	 -0.017107
  0.020282	  0.007779	 -0.016108	 -0.004075	  0.019851	 -0.020512	  0.045645	 -0.117266	  0.002440	  0.059742	 -0.020206	 -0.018986	  0.039453	 -0.060397	 -0.014031	 -0.019467	 -0.058821
  0.007611	 -0.021159	 -0.025547	  0.000042	 -0.007147	 -0.037374	  0.057147	 -0.090264	  0.041847	  0.062575	 -0.001847	 -0.022469	  0.052168	 -0.056961	 -0.025370	 -0.002211	 -0.102885
 -0.007416	 -0.024268	 -0.029247	 -0.023058	 -0.010847	 -0.005458	  0.061516	 -0.072967	  0.042945	  0.064729	  0.012931	 -0.019039	  0.053571	 -0.018711	 -0.030281	  0.003855	 -0.089927
 -0.019054	 -0.017677	 -0.042764	 -0.029208	 -0.025677	 -0.001118	  0.054530	 -0.062029	  0.044131	  0.045558	  0.022878	 -0.021913	  0.031728	 -0.037294	 -0.019551	 -0.014919	 -0.072678
 -0.024563	 -0.015171	 -0.043331	 -0.026024	 -0.018136	 -0.004887	  0.055059	 -0.082664	  0.047930	  0.012979	  0.024636	  0.006268	  0.016418	 -0.024285	 -0.052049	 -0.031511	 -0.029351
 -0.019774	 -0.012087	 -0.021063	 -0.007695	 -0.015612	  0.010420	  0.077092	 -0.089404	  0.036437	  0.008081	  0.030227	  0.006415	  0.021337	 -0.025199	 -0.053659	 -0.058764	  0.018574
 -0.027120	 -0.011607	 -0.006432	 -0.012171	 -0.022832	 -0.010376	  0.052835	 -0.073527	  0.072803	 -0.029701	  0.026854	 -0.001468	  0.024456	 -0.025525	 -0.050249	 -0.055982	  0.027062
  0.002075	 -0.012195	 -0.033047	 -0.027960	 -0.026957	 -0.004772	  0.038780	 -0.054438	  0.075036	 -0.021279	  0.013963	 -0.003518	  0.020879	 -0.013795	 -0.081572	 -0.033376	  0.051693
  0.002466	 -0.045317	 -0.041974	 -0.049042	 -0.004144	  0.038565	  0.062997	 -0.067857	  0.079736	 -0.000080	  0.038972	  0.001123	  0.023520	  0.001434	 -0.078151	 -0.055452	  0.057572
 -0.022392	 -0.022120	 -0.043572	 -0.034435	  0.011418	  0.039962	  0.058061	 -0.085580	  0.075811	  0.001285	  0.050545	  0.021123	  0.034143	 -0.010275	 -0.054809	 -0.069726	  0.048211
 -0.035088	  0.002127	 -0.045018	 -0.045517	  0.008229	  0.035047	  0.053127	 -0.065011	  0.068679	  0.011393	  0.064357	  0.026467	  0.055417	 -0.024178	 -0.049748	 -0.049667	  0.051460
 -0.023211	 -0.000984	 -0.047036	 -0.023831	  0.012923	  0.042555	  0.036481	 -0.046616	  0.040576	  0.033248	  0.038117	  0.065275	  0.058063	 -0.026837	 -0.059473	 -0.064381	  0.051904
  0.008298	  0.020988	 -0.035592	 -0.030369	  0.018649	  0.057797	  0.030987	 -0.055274	  0.037739	  0.051743	  0.037606	  0.087875	  0.050408	 -0.034023	 -0.071656	 -0.072325	  0.031764
  0.024165	  0.034289	 -0.026016	 -0.036648	  0.025342	  0.065278	  0.070198	 -0.077077	  0.037929	  0.051005	  0.050029	  0.086466	  0.027271	 -0.019756	 -0.073504	 -0.066823	  0.007916
  0.021657	  0.023217	 -0.016410	 -0.038751	  0.012031	  0.042171	  0.103479	 -0.071538	  0.034611	  0.068693	  0.047257	  0.068668	  0.007385	  0.002540	 -0.041932	 -0.047886	 -0.038629
  0.021824	  0.041354	  0.023546	 -0.023020	  0.021459	 -0.003917	  0.120822	 -0.063262	  0.032234	  0.072927	  0.026980	  0.034787	  0.002199	  0.012975	 -0.018215	 -0.037583	 -0.084674
  0.033541	  0.053487	  0.052158	 -0.018098	  0.041077	 -0.040956	  0.127780	 -0.051633	  0.030640	  0.069041	 -0.004248	  0.020786	 -0.015673	  0.027062	 -0.027344	 -0.036812	 -0.070147
  0.017171	  0.059349	  0.048470	 -0.003739	  0.051255	 -0.032067	  0.133307	 -0.027350	  0.027607	  0.059759	 -0.028429	  0.031605	 -0.017006	  0.041116	 -0.036957	 -0.045198	 -0.053633
  0.027711	  0.037143	  0.047096	  0.021306	  0.046272	  0.003971	  0.121794	 -0.055310	  0.028249	  0.067636	 -0.038387	  0.026864	 -0.027364	  0.014543	 -0.043774	 -0.044412	 -0.075477
  0.057230	  0.027514	  0.048371	  0.020550	  0.059469	 -0.001671	  0.085741	 -0.054446	  0.051857	  0.084285	 -0.044882	  0.041591	 -0.055129	  0.019417	 -0.045125	 -0.021220	 -0.061957
  0.095539	  0.056674	  0.033058	  0.012667	  0.063722	 -0.017674	  0.072414	 -0.043847	  0.061884	  0.078132	 -0.053834	  0.040218	 -0.057676	  0.006451	 -0.037514	 -0.020743	 -0.010020
  0.087524	  0.061940	  0.056883	  0.037311	  0.041732	 -0.022739	  0.086693	 -0.070475	  0.043572	  0.070234	 -0.055249	  0.020637	 -0.058241	  0.002771	 -0.016739	 -0.000744	  0.001226
  0.059452	  0.029125	  0.079732	  0.046100	  0.033666	 -0.005903	  0.087579	 -0.073553	  0.049598	  0.066012	 -0.014659	  0.009406	 -0.048754	  0.030276	  0.007484	  0.034688	  0.007551
  0.049073	  0.004514	  0.068646	  0.030355	  0.041886	  0.020663	  0.072051	 -0.084967	  0.054073	  0.089955	 -0.043404	  0.004539	 -0.058689	  0.053257	 -0.005008	  0.036750	  0.018355
  0.052500	 -0.007876	  0.031014	  0.013765	  0.034102	  0.039776	  0.080807	 -0.104166	  0.025526	  0.082820	 -0.075273	  0.027353	 -0.033581	  0.059478	 -0.007175	  0.033065	  0.013690
  0.044558	 -0.001925	  0.007803	  0.033467	  0.040498	  0.038158	  0.088201	 -0.109771	  0.032747	  0.094665	 -0.082663	  0.041068	 -0.020769	  0.045153	 -0.005240	  0.023882	  0.032858
  0.059014	 -0.027341	 -0.001279	  0.046440	  0.044055	  0.030939	  0.092593	 -0.118911	  0.045249	  0.088276	 -0.064452	  0.001990	  0.013276	  0.024351	 -0.014586	  0.037451	  0.043532
  0.078840	 -0.022369	  0.000906	  0.042243	  0.039789	 -0.010511	  0.107386	 -0.126196	  0.036500	  0.089571	 -0.035734	 -0.002182	 -0.000023	 -0.015277	 -0.049490	  0.066295	  0.046188
  0.064488	 -0.034839	  0.008163	  0.054422	  0.056711	 -0.006124	  0.128497	 -0.108187	  0.039874	  0.106014	 -0.034199	 -0.008726	 -0.012342	 -0.018851	 -0.042574	  0.078067	  0.048960
  0.061217	 -0.046978	  0.010544	  0.041514	  0.069364	  0.008195	  0.114499	 -0.087027	  0.038191	  0.091174	 -0.049490	 -0.009597	 -0.020279	  0.012896	 -0.044379	  0.058362	  0.076598
  0.042896	 -0.048122	  0.014891	  0.030186	  0.064583	 -0.014358	  0.111685	 -0.060814	  0.062945	  0.052049	 -0.026524	 -0.004247	 -0.021800	  0.014425	 -0.059185	  0.062286	  0.070815
  0.033354	 -0.039019	 -0.000771	  0.036120	  0.062508	 -0.018375	  0.106441	 -0.053816	  0.072587	  0.042548	 -0.011914	  0.018321	  0.005080	 -0.010534	 -0.061864	  0.069699	  0.063152
  0.047168	 -0.019958	 -0.000097	  0.003264	  0.041075	 -0.013813	  0.100495	 -0.049004	  0.086514	  0.038447	 -0.016696	  0.065946	  0.036025	 -0.023013	 -0.064744	  0.042570	  0.067268
  0.042242	 -0.018828	  0.006476	 -0.014021	  0.014427	 -0.012220	  0.098122	 -0.042012	  0.086048	  0.050175	 -0.021555	  0.066583	  0.010219	 -0.029753	 -0.069152	 -0.013496	  0.068774
  0.034620	 -0.011416	  0.005866	 -0.007984	  0.002135	 -0.032633	  0.087192	 -0.036102	  0.087656	  0.048434	 -0.009901	  0.047739	  0.000863	 -0.050165	 -0.053605	 -0.033118	  0.079243
  0.034877	  0.002685	  0.016169	  0.002618	 -0.009501	 -0.035643	  0.078437	 -0.032944	  0.088552	  0.020711	 -0.007229	  0.025533	  0.001623	 -0.043728	 -0.043680	 -0.013758	  0.077977
  0.005749	  0.025069	  0.032301	 -0.021604	  0.000595	 -0.039519	  0.061651	 -0.017156	  0.107735	  0.012359	 -0.021087	 -0.005206	  0.003890	 -0.022307	 -0.020085	 -0.019785	  0.077893
 -0.019630	  0.034403	  0.021955	 -0.029594	  0.011107	 -0.031746	  0.053806	 -0.027611	  0.079855	  0.007466	 -0.021549	 -0.001485	 -0.014181	 -0.029811	 -0.007703	 -0.032502	  0.076452
 -0.005007	  0.011988	  0.046768	 -0.038914	 -0.004501	  0.001190	  0.013650	 -0.039339	  0.077999	  0.016247	 -0.040943	  0.018932	  0.020358	 -0.038616	 -0.011530	 -0.050957	  0.056204
 -0.022207	 -0.000313	  0.048006	 -0.090082	  0.014944	  0.026993	  0.012436	 -0.047908	  0.086272	 -0.021642	 -0.042021	 -0.006668	  0.043732	 -0.059112	 -0.001713	 -0.059162	  0.029469
 -0.030167	 -0.005796	  0.005908	 -0.102348	  0.004528	  0.047164	  0.060113	 -0.085008	  0.074935	 -0.024957	 -0.027928	 -0.019051	  0.035563	 -0.022762	 -0.006400	 -0.043902	 -0.018558
