:RUN-3	LEVEL SWEEP	TEMP:NaN	2/20/2024	5:08 PM	HR:NaN:SW EAR: L	SW FREQ: 8.00	# AVERAGES: 512	REP RATE (/sec): 39	DRIVER: 	SAMPLE (µsec): 40	MASKER dB: 0:Threshold: 30.3:NOTES-:CHAMBER-Bach:Avgs: 512;512;512;512;512;512;512;512;512;512;512;512;512;512;512;512;512
:Tries: 606;598;592;593;593;588;590;596;597;597;593;600;597;584;597;585;585
:Log: :Vary signal level: TRUE :Control: NaN:CFTS Version: V2.37.2 (R3379):LEVELS:20;25;30;35;40;45;50;55;60;65;70;75;80;85;90;95;100;:DATA -0.011108	  0.015653	  0.018258	  0.040956	 -0.001602	  0.058931	 -0.020411	  0.013793	  0.018461	  0.003426	 -0.021054	 -0.001933	 -0.006530	 -0.022707	 -0.036191	  0.060211	  0.027369
  0.002054	 -0.014004	  0.032469	  0.020044	 -0.005404	  0.040394	 -0.016625	 -0.006596	  0.026048	 -0.022889	 -0.000701	  0.013735	  0.009935	 -0.007482	 -0.007503	  0.038791	  0.020698
  0.008410	 -0.030798	  0.040895	  0.007137	 -0.027315	  0.015049	 -0.012170	 -0.035964	  0.036664	 -0.038065	  0.012493	  0.001612	  0.026569	 -0.013629	 -0.024990	  0.020169	  0.012842
 -0.017189	 -0.041334	  0.037348	  0.016388	 -0.002404	 -0.013252	 -0.018581	 -0.022405	  0.014829	 -0.022407	  0.015619	  0.002573	  0.036142	 -0.023404	  0.000932	  0.040462	  0.005283
 -0.028081	 -0.038555	  0.034203	  0.030454	  0.008106	  0.000409	 -0.034762	 -0.038290	 -0.036168	 -0.005402	 -0.007517	  0.019112	  0.011099	 -0.016326	  0.016964	  0.027953	  0.009443
 -0.032558	 -0.060770	  0.048016	  0.015642	 -0.011760	 -0.003269	 -0.025589	 -0.032502	 -0.043178	 -0.011470	 -0.018357	  0.036390	  0.003735	  0.007822	  0.006111	  0.042267	  0.025849
 -0.049836	 -0.038702	  0.039524	 -0.004536	 -0.025197	  0.000955	 -0.014111	 -0.006600	 -0.003830	 -0.002545	 -0.032673	  0.043233	 -0.004279	  0.008896	  0.008254	  0.012861	  0.020046
 -0.044975	  0.002157	 -0.007996	  0.021878	 -0.014329	  0.042934	 -0.035980	 -0.005459	 -0.001862	  0.013667	  0.000316	  0.075705	 -0.006159	 -0.010617	  0.031235	 -0.029860	  0.007193
 -0.036754	  0.003729	 -0.025306	  0.042099	 -0.006110	  0.058538	 -0.035331	 -0.013321	  0.006397	  0.007074	  0.026378	  0.081123	  0.028774	  0.003199	  0.041967	 -0.027454	  0.011619
 -0.022302	  0.003067	 -0.020181	  0.048691	  0.002541	  0.021882	 -0.011010	  0.003012	 -0.002845	  0.037476	  0.020582	  0.046759	  0.054730	  0.027358	  0.035343	 -0.016054	  0.027294
 -0.014860	  0.006958	 -0.016092	  0.018915	 -0.006633	  0.026703	  0.030730	  0.024218	  0.018695	  0.045301	  0.019436	  0.028912	  0.060436	  0.010389	  0.069280	  0.018203	  0.029356
 -0.005250	 -0.016360	 -0.009560	 -0.000857	  0.013107	  0.032575	  0.039159	  0.024017	  0.019039	  0.024087	  0.000918	 -0.001623	  0.038765	 -0.003564	  0.051564	  0.030585	  0.031464
  0.004377	 -0.014316	 -0.005732	 -0.023386	  0.030166	  0.009197	  0.040384	  0.012480	  0.012231	 -0.006282	 -0.012419	 -0.008907	  0.021672	  0.008412	  0.029738	  0.024976	  0.022140
  0.029473	  0.013837	 -0.010714	 -0.048653	  0.027841	 -0.015133	  0.040549	 -0.015539	  0.013674	  0.002885	 -0.016373	 -0.017809	 -0.004791	  0.003819	  0.016192	 -0.004290	 -0.003205
  0.032763	  0.036577	 -0.007397	 -0.071229	  0.000813	 -0.033400	  0.040761	 -0.002547	  0.004736	 -0.014106	 -0.000569	 -0.051431	 -0.032936	  0.007864	  0.002386	 -0.035498	 -0.001761
  0.033979	  0.066926	 -0.032176	 -0.052675	 -0.023858	 -0.048513	  0.024406	  0.032622	 -0.005313	 -0.020337	 -0.000240	 -0.068385	 -0.027262	 -0.001967	 -0.004754	 -0.011825	 -0.022382
  0.025251	  0.065592	 -0.038884	 -0.027599	  0.012775	 -0.054289	  0.005085	  0.046292	 -0.016867	 -0.012059	  0.003368	 -0.053022	 -0.042358	  0.004936	 -0.027154	 -0.022827	 -0.030758
  0.021844	  0.026332	 -0.026363	 -0.021387	  0.006767	 -0.047620	  0.006127	  0.031990	 -0.034253	  0.011428	 -0.004008	 -0.018496	 -0.033637	  0.035096	 -0.059366	 -0.045648	 -0.045636
  0.053066	 -0.002771	 -0.009619	 -0.004867	  0.006574	 -0.059594	 -0.012080	 -0.001223	 -0.020215	  0.000450	  0.003853	 -0.047752	 -0.048109	  0.018968	 -0.066940	 -0.062270	 -0.063021
  0.051696	  0.016783	 -0.040692	 -0.007014	  0.015922	 -0.032498	  0.009447	 -0.007978	 -0.006245	  0.009767	  0.010949	 -0.079795	 -0.085798	 -0.037064	 -0.083068	 -0.060750	 -0.083834
  0.026612	  0.018486	 -0.055340	  0.036058	  0.034687	 -0.014297	  0.032460	 -0.010503	 -0.019958	 -0.000177	 -0.006355	 -0.085702	 -0.090065	 -0.078826	 -0.078590	 -0.067289	 -0.151040
  0.020520	  0.028436	 -0.041159	  0.048205	  0.039689	 -0.013758	  0.004956	 -0.017957	 -0.018677	 -0.008897	 -0.031044	 -0.091057	 -0.088232	 -0.100762	 -0.093892	 -0.067882	 -0.147936
 -0.001545	 -0.001662	 -0.045077	  0.066449	  0.041519	 -0.016885	  0.009475	 -0.032975	 -0.022850	 -0.035975	 -0.037853	 -0.115800	 -0.090123	 -0.100185	 -0.110028	 -0.079008	 -0.137026
 -0.013043	  0.013153	 -0.057551	  0.072548	  0.036302	 -0.027348	 -0.001476	 -0.042907	 -0.022686	 -0.023597	 -0.069077	 -0.126211	 -0.099089	 -0.095735	 -0.125971	 -0.082907	 -0.144331
  0.007846	  0.011229	 -0.050624	  0.068942	  0.039915	 -0.017735	  0.003954	 -0.064438	  0.018031	 -0.024974	 -0.070746	 -0.146842	 -0.088214	 -0.098191	 -0.118031	 -0.090851	 -0.154733
  0.012506	  0.014396	 -0.039945	  0.030396	  0.037276	  0.007782	  0.002120	 -0.058993	  0.019180	 -0.039911	 -0.077610	 -0.167355	 -0.087503	 -0.088426	 -0.134228	 -0.121143	 -0.161994
  0.030155	  0.003960	 -0.036904	  0.040563	  0.047043	  0.031646	 -0.022841	 -0.089135	  0.001493	 -0.050795	 -0.083062	 -0.164728	 -0.102669	 -0.084852	 -0.170725	 -0.161070	 -0.173880
  0.032191	  0.017947	 -0.016662	  0.052252	  0.043373	  0.029287	 -0.023292	 -0.091809	 -0.020118	 -0.059957	 -0.082583	 -0.145903	 -0.101290	 -0.114203	 -0.202740	 -0.218588	 -0.266655
  0.031451	  0.025868	 -0.017018	  0.064633	  0.054711	  0.036894	 -0.007166	 -0.099911	 -0.044193	 -0.055815	 -0.078846	 -0.121735	 -0.092949	 -0.124510	 -0.256615	 -0.262705	 -0.326481
  0.033727	  0.014570	 -0.032667	  0.080534	  0.054078	  0.031214	 -0.036201	 -0.074828	 -0.045609	 -0.053027	 -0.093682	 -0.144331	 -0.152648	 -0.168982	 -0.317533	 -0.303665	 -0.361864
  0.016951	  0.020525	 -0.032949	  0.082876	  0.061330	  0.008944	 -0.038550	 -0.050339	 -0.049892	 -0.048716	 -0.106618	 -0.150873	 -0.208131	 -0.244486	 -0.345106	 -0.320999	 -0.371082
  0.012643	  0.005608	 -0.037639	  0.080135	  0.091184	 -0.004832	 -0.041918	 -0.025010	 -0.052524	 -0.025170	 -0.057786	 -0.151261	 -0.254441	 -0.282619	 -0.366110	 -0.336397	 -0.351606
  0.001426	 -0.004802	 -0.047831	  0.066981	  0.079391	 -0.015487	 -0.023623	 -0.012250	 -0.074961	  0.004140	 -0.077452	 -0.160351	 -0.268276	 -0.286604	 -0.352048	 -0.328810	 -0.346327
 -0.010126	  0.001187	  0.001014	  0.059283	  0.067726	 -0.018077	  0.022261	 -0.053574	 -0.096118	 -0.030466	 -0.114844	 -0.176378	 -0.278467	 -0.297752	 -0.322491	 -0.290446	 -0.300880
 -0.053677	  0.010631	  0.011651	  0.060708	  0.061391	 -0.026350	  0.003123	 -0.055951	 -0.101673	 -0.056697	 -0.131324	 -0.189264	 -0.310650	 -0.284538	 -0.281677	 -0.231265	 -0.215527
 -0.045885	  0.003659	 -0.037013	  0.068569	  0.069260	 -0.042799	 -0.016806	 -0.049813	 -0.123784	 -0.063498	 -0.148771	 -0.185387	 -0.297823	 -0.243282	 -0.241449	 -0.184273	 -0.115648
 -0.038375	  0.005919	 -0.040617	  0.078712	  0.035888	 -0.077557	 -0.022387	 -0.086858	 -0.145624	 -0.069182	 -0.172366	 -0.186444	 -0.264796	 -0.218521	 -0.202207	 -0.122746	 -0.055992
 -0.065106	 -0.026277	 -0.046894	  0.063169	  0.009682	 -0.064279	 -0.036834	 -0.106583	 -0.147668	 -0.097864	 -0.165332	 -0.186553	 -0.236584	 -0.198138	 -0.147947	 -0.080863	 -0.007245
 -0.043252	 -0.036388	 -0.061863	  0.068187	 -0.004350	 -0.043671	 -0.039350	 -0.082162	 -0.163411	 -0.097574	 -0.139963	 -0.175540	 -0.195955	 -0.166839	 -0.091843	 -0.040617	  0.016890
 -0.043017	 -0.024406	 -0.042223	  0.057679	 -0.006238	 -0.039781	 -0.049078	 -0.082134	 -0.156795	 -0.081409	 -0.112068	 -0.153470	 -0.145490	 -0.125648	 -0.042122	 -0.021830	 -0.017543
 -0.009213	  0.017131	 -0.019025	  0.024558	  0.019990	 -0.062786	 -0.065590	 -0.083484	 -0.140801	 -0.081065	 -0.080251	 -0.138436	 -0.107183	 -0.052398	 -0.003281	 -0.047722	 -0.072771
 -0.003974	  0.038422	 -0.035300	  0.026057	  0.018560	 -0.040114	 -0.048364	 -0.053454	 -0.128323	 -0.057357	 -0.076663	 -0.090693	 -0.068011	  0.012977	 -0.014954	 -0.129238	 -0.147679
 -0.016941	  0.045572	 -0.035144	  0.035460	 -0.016230	 -0.016526	 -0.045735	 -0.032235	 -0.120645	 -0.019914	 -0.065460	 -0.046431	 -0.021135	  0.041535	 -0.067488	 -0.201991	 -0.232218
 -0.002451	  0.031931	 -0.047909	  0.034375	 -0.031776	 -0.010129	 -0.034602	 -0.006085	 -0.127910	  0.005082	 -0.031075	 -0.010401	  0.018013	  0.054211	 -0.121208	 -0.270307	 -0.275059
  0.003892	  0.016760	 -0.067828	  0.017512	 -0.047298	 -0.031499	 -0.011562	  0.025102	 -0.082817	  0.049871	 -0.019433	  0.022294	  0.025206	  0.033123	 -0.186351	 -0.300256	 -0.232548
 -0.009490	  0.017367	 -0.069851	  0.047223	 -0.031635	 -0.038798	  0.003730	  0.061583	 -0.028228	  0.053913	  0.000336	  0.062196	  0.034550	 -0.026101	 -0.293880	 -0.308947	 -0.175891
 -0.027313	 -0.018300	 -0.074371	  0.042288	 -0.003725	 -0.040994	  0.023934	  0.063739	  0.011684	  0.047512	 -0.029616	  0.030963	 -0.006676	 -0.143533	 -0.367390	 -0.294763	 -0.135139
 -0.034474	 -0.011189	 -0.062349	 -0.003923	  0.019873	 -0.038006	  0.052865	  0.076138	  0.037129	  0.105607	 -0.052026	  0.033555	 -0.071681	 -0.306056	 -0.414623	 -0.249265	 -0.138329
 -0.033074	 -0.025617	 -0.050990	 -0.015080	  0.044802	 -0.037659	  0.074298	  0.098895	  0.065844	  0.095643	 -0.076339	 -0.001279	 -0.174622	 -0.429085	 -0.430104	 -0.259256	 -0.174953
 -0.012123	 -0.029190	 -0.062276	 -0.028414	  0.062062	 -0.043963	  0.079655	  0.128694	  0.068137	  0.048293	 -0.135012	 -0.069268	 -0.293655	 -0.518862	 -0.426010	 -0.315513	 -0.257355
 -0.011499	 -0.021061	 -0.070497	 -0.030879	  0.059602	 -0.020540	  0.103329	  0.153011	  0.039761	  0.004338	 -0.206838	 -0.166107	 -0.429834	 -0.581182	 -0.465110	 -0.387142	 -0.351794
 -0.008653	 -0.035354	 -0.064786	  0.017039	  0.061925	 -0.026382	  0.107561	  0.124508	  0.019034	 -0.071746	 -0.277934	 -0.268577	 -0.582592	 -0.602440	 -0.466548	 -0.439400	 -0.432598
 -0.020834	 -0.021152	 -0.052267	 -0.012151	  0.050261	 -0.017677	  0.087431	  0.080325	 -0.042103	 -0.160588	 -0.365333	 -0.408507	 -0.668769	 -0.593779	 -0.463026	 -0.500495	 -0.546117
 -0.030791	 -0.021083	 -0.044190	  0.015429	  0.057052	 -0.013025	  0.080647	  0.039144	 -0.106036	 -0.258615	 -0.464065	 -0.510563	 -0.729542	 -0.563517	 -0.464739	 -0.557647	 -0.650653
 -0.029871	 -0.042763	 -0.053440	  0.044584	  0.077757	 -0.016321	  0.046715	 -0.011071	 -0.171520	 -0.340788	 -0.545728	 -0.589028	 -0.720699	 -0.534066	 -0.481393	 -0.566445	 -0.707685
 -0.043102	 -0.016959	 -0.019698	  0.045156	  0.081579	 -0.026107	  0.014711	 -0.076187	 -0.244950	 -0.408334	 -0.577691	 -0.626455	 -0.637271	 -0.484103	 -0.483946	 -0.526941	 -0.619610
 -0.024614	  0.007355	 -0.020072	  0.045239	  0.112459	 -0.072632	 -0.033827	 -0.160128	 -0.300921	 -0.447397	 -0.577726	 -0.604905	 -0.488843	 -0.400221	 -0.429667	 -0.401473	 -0.493431
 -0.008318	  0.023970	  0.002222	  0.050789	  0.103837	 -0.113980	 -0.091809	 -0.238689	 -0.342890	 -0.472902	 -0.529180	 -0.503983	 -0.289493	 -0.272472	 -0.324928	 -0.230540	 -0.300192
 -0.016252	 -0.010196	 -0.003772	  0.054288	  0.077019	 -0.145224	 -0.155742	 -0.251919	 -0.365888	 -0.447766	 -0.463861	 -0.371233	 -0.119993	 -0.121895	 -0.152021	 -0.060882	 -0.098336
  0.015878	 -0.002578	  0.034971	  0.072692	  0.019219	 -0.177358	 -0.205735	 -0.235253	 -0.362647	 -0.357813	 -0.344235	 -0.238321	  0.049631	  0.017191	  0.035340	  0.087836	  0.077858
  0.018865	  0.019835	  0.056113	  0.050683	 -0.043741	 -0.205503	 -0.222174	 -0.243375	 -0.320427	 -0.260616	 -0.182675	 -0.057574	  0.203693	  0.115959	  0.185373	  0.155164	  0.208156
  0.002349	  0.018360	  0.057074	  0.009434	 -0.089626	 -0.214522	 -0.189178	 -0.219580	 -0.271613	 -0.105428	 -0.007412	  0.096896	  0.324388	  0.205764	  0.326624	  0.190870	  0.257152
 -0.008184	  0.015873	  0.049099	 -0.014310	 -0.118733	 -0.216240	 -0.154228	 -0.132765	 -0.151737	  0.014642	  0.130435	  0.241597	  0.393030	  0.296725	  0.345147	  0.192537	  0.259246
 -0.018861	 -0.007006	  0.041442	 -0.029554	 -0.142195	 -0.228618	 -0.119688	 -0.050800	 -0.033063	  0.104404	  0.219724	  0.352206	  0.420896	  0.289376	  0.277236	  0.156807	  0.240148
 -0.016734	 -0.002276	  0.028753	 -0.041175	 -0.124482	 -0.181020	 -0.069030	  0.040925	  0.078914	  0.177912	  0.297517	  0.413649	  0.413555	  0.239615	  0.170912	  0.100718	  0.194078
 -0.043440	  0.009177	  0.021188	 -0.101093	 -0.096350	 -0.146643	 -0.027340	  0.104989	  0.170300	  0.219534	  0.338047	  0.399394	  0.331228	  0.130620	  0.025415	  0.074704	  0.158388
 -0.017147	  0.004373	 -0.008092	 -0.118895	 -0.068565	 -0.084031	  0.025478	  0.184106	  0.194647	  0.248870	  0.330324	  0.353280	  0.223499	 -0.048680	 -0.117967	  0.064639	  0.159856
 -0.002786	 -0.008018	 -0.044701	 -0.110606	 -0.018034	 -0.009940	  0.084101	  0.248439	  0.206043	  0.229795	  0.276232	  0.239460	  0.070656	 -0.198972	 -0.218800	  0.042421	  0.115371
 -0.045978	  0.018852	 -0.066480	 -0.078986	  0.004836	  0.048910	  0.128291	  0.267050	  0.195874	  0.200769	  0.182060	  0.119413	 -0.068752	 -0.292807	 -0.227435	  0.028300	  0.094193
 -0.060370	  0.022079	 -0.103131	 -0.023423	  0.042487	  0.075026	  0.139312	  0.273541	  0.173183	  0.143611	  0.090223	  0.004731	 -0.184973	 -0.358739	 -0.217477	  0.080583	  0.073682
 -0.033949	  0.003035	 -0.086219	  0.010002	  0.065341	  0.098367	  0.143358	  0.232118	  0.124113	  0.050318	 -0.021944	 -0.077095	 -0.256646	 -0.366991	 -0.145944	  0.097292	  0.044192
 -0.025618	 -0.001860	 -0.052265	  0.037463	  0.079601	  0.129807	  0.122311	  0.142162	  0.043501	 -0.027853	 -0.086295	 -0.115983	 -0.305810	 -0.333146	 -0.061007	  0.071617	  0.047813
 -0.033629	  0.003234	 -0.024462	  0.054380	  0.073034	  0.125136	  0.104197	  0.072071	 -0.010463	 -0.096498	 -0.158318	 -0.110844	 -0.270247	 -0.237078	  0.012999	  0.090643	  0.117054
 -0.058532	 -0.003322	 -0.003386	  0.092191	  0.080895	  0.072002	  0.022067	  0.026396	 -0.041652	 -0.091604	 -0.181527	 -0.102059	 -0.196153	 -0.075080	  0.091900	  0.148051	  0.190024
 -0.052232	 -0.030745	 -0.004401	  0.125980	  0.065925	  0.051401	 -0.023849	 -0.005559	 -0.078299	 -0.083866	 -0.153436	 -0.063814	 -0.130582	  0.058839	  0.166920	  0.244548	  0.293772
 -0.042762	 -0.034881	 -0.007793	  0.148675	  0.062865	  0.023016	 -0.047779	  0.013878	 -0.050991	 -0.077800	 -0.084006	  0.008790	 -0.042313	  0.154331	  0.299555	  0.355918	  0.412254
 -0.048289	 -0.041760	  0.012010	  0.148034	  0.054060	 -0.024966	 -0.052488	  0.064036	  0.004739	 -0.044063	 -0.014488	  0.091776	  0.025609	  0.239181	  0.441015	  0.419434	  0.510977
 -0.044382	 -0.033376	  0.040811	  0.119320	  0.046503	 -0.081274	 -0.023722	  0.110958	  0.062044	  0.011631	  0.051046	  0.183921	  0.130039	  0.352151	  0.514068	  0.485192	  0.567457
 -0.006063	 -0.063216	  0.083578	  0.091001	  0.027057	 -0.098039	  0.037580	  0.167302	  0.129075	  0.083591	  0.121392	  0.254724	  0.223267	  0.437466	  0.532124	  0.514163	  0.577088
  0.042315	 -0.045152	  0.087747	  0.064692	  0.017878	 -0.080173	  0.072388	  0.229156	  0.172430	  0.111862	  0.174882	  0.315398	  0.265060	  0.481144	  0.547002	  0.540257	  0.576542
  0.037469	 -0.022737	  0.062702	  0.053521	  0.025961	 -0.032669	  0.127926	  0.273563	  0.230379	  0.167276	  0.193053	  0.325860	  0.286561	  0.503276	  0.555297	  0.540151	  0.635591
  0.001465	 -0.022893	  0.046948	  0.046654	  0.032840	  0.024526	  0.178834	  0.314080	  0.242772	  0.233963	  0.212257	  0.307722	  0.284133	  0.519728	  0.552423	  0.529986	  0.660553
  0.002414	 -0.021793	  0.039474	  0.039986	  0.036206	  0.076051	  0.229415	  0.319895	  0.279706	  0.265287	  0.229675	  0.255380	  0.278667	  0.490720	  0.537431	  0.487251	  0.645805
  0.027714	  0.017974	  0.047904	  0.038890	  0.065278	  0.106390	  0.284282	  0.327056	  0.288917	  0.293725	  0.209356	  0.223115	  0.289352	  0.481563	  0.542997	  0.464760	  0.605311
  0.051785	  0.032468	  0.057140	  0.049261	  0.114083	  0.113714	  0.283225	  0.341150	  0.288279	  0.280336	  0.202917	  0.206951	  0.307010	  0.491933	  0.524823	  0.487894	  0.556967
  0.068886	  0.014896	  0.057388	  0.061627	  0.130457	  0.153382	  0.268477	  0.335198	  0.286995	  0.271054	  0.184317	  0.207924	  0.337046	  0.480466	  0.458521	  0.451665	  0.507446
  0.070964	 -0.021875	  0.081963	  0.083367	  0.152603	  0.195632	  0.241826	  0.314470	  0.257765	  0.289696	  0.189827	  0.204108	  0.345729	  0.472782	  0.410849	  0.388973	  0.463932
  0.057193	 -0.048645	  0.091443	  0.094326	  0.164603	  0.179554	  0.223623	  0.287814	  0.213591	  0.259376	  0.182313	  0.198954	  0.299936	  0.458804	  0.377349	  0.348074	  0.434411
  0.044455	 -0.023833	  0.096819	  0.122580	  0.183648	  0.163613	  0.211036	  0.224070	  0.160026	  0.202620	  0.145495	  0.194444	  0.286968	  0.435797	  0.335526	  0.313347	  0.397479
  0.024311	 -0.024426	  0.104852	  0.144178	  0.216925	  0.177852	  0.193384	  0.168296	  0.117608	  0.187524	  0.121915	  0.195312	  0.264380	  0.384893	  0.244721	  0.314513	  0.398266
  0.011439	 -0.039966	  0.116744	  0.176475	  0.182502	  0.161048	  0.157388	  0.148563	  0.109337	  0.169178	  0.094042	  0.185767	  0.235063	  0.320917	  0.187651	  0.304854	  0.413670
  0.001583	 -0.022629	  0.137430	  0.208946	  0.162980	  0.155159	  0.103666	  0.142380	  0.073001	  0.136763	  0.092476	  0.140644	  0.198476	  0.239763	  0.144551	  0.301519	  0.434792
 -0.002233	 -0.019128	  0.128509	  0.191947	  0.169244	  0.145206	  0.095970	  0.158714	  0.060674	  0.117756	  0.067505	  0.090319	  0.156356	  0.175108	  0.097504	  0.287988	  0.457563
  0.014637	 -0.006419	  0.130846	  0.205166	  0.139739	  0.127119	  0.143793	  0.169280	  0.075964	  0.114267	  0.042340	  0.082406	  0.110857	  0.133421	  0.075917	  0.300125	  0.466876
  0.029441	 -0.002624	  0.160671	  0.198335	  0.137783	  0.104507	  0.151354	  0.160415	  0.062605	  0.099802	  0.043264	  0.061546	  0.105242	  0.079239	  0.086010	  0.331965	  0.460289
  0.047622	  0.001647	  0.156115	  0.200786	  0.119543	  0.061041	  0.116001	  0.119734	  0.045798	  0.057905	  0.048314	  0.039522	  0.060961	  0.035704	  0.114507	  0.359209	  0.463746
  0.042730	  0.021920	  0.134599	  0.184409	  0.101223	  0.037025	  0.100518	  0.116633	  0.052850	  0.025948	  0.038309	  0.029407	  0.040614	  0.032319	  0.177788	  0.393884	  0.464848
  0.060784	  0.047582	  0.113031	  0.153641	  0.071344	  0.034704	  0.101897	  0.098532	  0.061637	  0.039637	  0.034490	 -0.025069	  0.055523	  0.056672	  0.220841	  0.435133	  0.481531
  0.058469	  0.037972	  0.090290	  0.121914	  0.049398	  0.027796	  0.085508	  0.068331	  0.047813	  0.047482	  0.045563	 -0.046526	  0.067630	  0.088588	  0.268584	  0.487230	  0.488909
  0.059779	  0.036065	  0.093199	  0.131102	  0.023483	  0.019136	  0.067087	  0.072301	  0.027075	  0.030130	  0.040793	 -0.026099	  0.074546	  0.159364	  0.370197	  0.529902	  0.494808
  0.044964	  0.068599	  0.090770	  0.136175	 -0.004091	  0.027377	  0.062103	  0.101805	  0.007081	  0.016139	  0.016631	  0.032264	  0.094135	  0.210412	  0.448827	  0.549186	  0.482384
  0.037714	  0.077261	  0.062320	  0.115139	 -0.031572	  0.032558	  0.051012	  0.134967	  0.012223	  0.052820	  0.025600	  0.089729	  0.127847	  0.277550	  0.480117	  0.573367	  0.481087
  0.032451	  0.068081	  0.050788	  0.087747	 -0.015544	  0.049755	  0.036750	  0.152087	 -0.008491	  0.080271	  0.024294	  0.118897	  0.157776	  0.321931	  0.502971	  0.582359	  0.484289
  0.041073	  0.050825	  0.043363	  0.067764	  0.015021	  0.061631	  0.036423	  0.146742	  0.013203	  0.087971	  0.055831	  0.135773	  0.210669	  0.371814	  0.524059	  0.558248	  0.463553
  0.063479	  0.041024	  0.023931	  0.063061	  0.044812	  0.079460	  0.029005	  0.140651	  0.045531	  0.118943	  0.085478	  0.162516	  0.259806	  0.421934	  0.539273	  0.528820	  0.430428
  0.090072	  0.036145	  0.023106	  0.077932	  0.057639	  0.064640	  0.025105	  0.132796	  0.080765	  0.144157	  0.120475	  0.182961	  0.275135	  0.436074	  0.527906	  0.470171	  0.370406
  0.112055	  0.038550	  0.014556	  0.065987	  0.038880	  0.054255	  0.067847	  0.148809	  0.099309	  0.153460	  0.136811	  0.203498	  0.295571	  0.451631	  0.506886	  0.384056	  0.343082
  0.083340	  0.058161	  0.006179	  0.056517	  0.042460	  0.060048	  0.106234	  0.143577	  0.122483	  0.156079	  0.125879	  0.222427	  0.335923	  0.476619	  0.467627	  0.268657	  0.301793
  0.065547	  0.038554	  0.011227	  0.045941	  0.033725	  0.083572	  0.103249	  0.185916	  0.168023	  0.165945	  0.144701	  0.203384	  0.331222	  0.450034	  0.400790	  0.178503	  0.246118
  0.058761	  0.024284	 -0.009467	  0.053726	  0.035598	  0.109246	  0.123860	  0.238117	  0.176983	  0.176171	  0.165037	  0.208409	  0.322251	  0.365591	  0.320401	  0.123651	  0.184495
  0.067432	  0.011652	 -0.006049	  0.076048	  0.085873	  0.119406	  0.152163	  0.264778	  0.189637	  0.163954	  0.161447	  0.211834	  0.309663	  0.304597	  0.245226	  0.095351	  0.148499
  0.065075	 -0.001312	  0.006300	  0.105425	  0.112451	  0.132629	  0.174090	  0.255260	  0.215523	  0.209247	  0.164533	  0.235055	  0.309941	  0.238901	  0.169000	  0.054592	  0.132057
  0.062207	 -0.004325	  0.018393	  0.152920	  0.141631	  0.156965	  0.186905	  0.245656	  0.254765	  0.212556	  0.160614	  0.233352	  0.270093	  0.190685	  0.103194	 -0.003468	  0.121141
  0.079895	  0.001016	  0.037445	  0.171024	  0.154196	  0.171816	  0.209293	  0.251411	  0.262157	  0.194172	  0.127769	  0.203115	  0.232267	  0.142607	  0.043087	 -0.030873	  0.081223
  0.068297	  0.000546	  0.045613	  0.153545	  0.181937	  0.174114	  0.204913	  0.252127	  0.233696	  0.164294	  0.134059	  0.200165	  0.162632	  0.110936	  0.001528	 -0.035705	  0.076136
  0.049075	 -0.002868	  0.060356	  0.117759	  0.192612	  0.189319	  0.198836	  0.254421	  0.209069	  0.146961	  0.109342	  0.187140	  0.111309	  0.079062	 -0.020277	 -0.054988	  0.055580
  0.045043	 -0.002665	  0.088133	  0.123169	  0.176236	  0.200077	  0.181466	  0.269366	  0.166501	  0.090305	  0.050936	  0.156712	  0.048979	  0.036804	 -0.068650	 -0.091495	  0.009388
  0.054173	 -0.020829	  0.087676	  0.121776	  0.169340	  0.212621	  0.166939	  0.251307	  0.162551	  0.040689	  0.031554	  0.127866	 -0.019967	 -0.001891	 -0.083381	 -0.079210	 -0.031212
  0.029522	 -0.010936	  0.071652	  0.137148	  0.159981	  0.211022	  0.180382	  0.223951	  0.144543	  0.031535	  0.010498	  0.111562	 -0.020037	 -0.051513	 -0.101060	 -0.069828	 -0.061184
 -0.003232	 -0.007954	  0.074144	  0.123729	  0.169679	  0.186205	  0.177942	  0.195213	  0.121194	  0.005519	 -0.010866	  0.077567	 -0.075805	 -0.080311	 -0.095654	 -0.043632	 -0.003795
 -0.004137	 -0.044581	  0.094213	  0.122935	  0.169798	  0.172934	  0.158847	  0.187744	  0.123962	 -0.000613	 -0.027084	  0.046903	 -0.103013	 -0.090754	 -0.115794	 -0.008281	  0.054906
 -0.001167	 -0.010999	  0.106844	  0.132281	  0.166702	  0.171468	  0.144698	  0.165885	  0.071188	 -0.013951	 -0.037922	  0.007524	 -0.138655	 -0.089806	 -0.126373	  0.041461	  0.103483
  0.006486	  0.033971	  0.107826	  0.150970	  0.167075	  0.129854	  0.112734	  0.138270	  0.037567	 -0.049823	 -0.060662	 -0.019265	 -0.142911	 -0.069146	 -0.104825	  0.086930	  0.163774
  0.017028	  0.053848	  0.092516	  0.162875	  0.154706	  0.119935	  0.097916	  0.114962	  0.028874	 -0.054362	 -0.093138	 -0.029444	 -0.119657	 -0.018472	 -0.056284	  0.143211	  0.208393
 -0.001502	  0.049762	  0.113612	  0.163473	  0.132555	  0.106713	  0.085018	  0.104395	 -0.014090	 -0.045731	 -0.125859	 -0.038770	 -0.120148	  0.019206	  0.000147	  0.206389	  0.261106
 -0.018962	  0.047982	  0.107609	  0.175887	  0.112137	  0.070480	  0.061969	  0.082665	 -0.021352	 -0.051845	 -0.142754	 -0.071711	 -0.078678	  0.032324	  0.044798	  0.263889	  0.268936
 -0.010311	  0.053510	  0.094189	  0.145272	  0.063941	  0.059068	  0.051030	  0.034288	 -0.029688	 -0.075615	 -0.153533	 -0.079984	 -0.038878	  0.025817	  0.103996	  0.294133	  0.271439
 -0.017089	  0.040719	  0.123901	  0.127638	  0.054823	  0.048823	  0.037442	  0.014412	 -0.039352	 -0.090785	 -0.136827	 -0.113154	 -0.014686	  0.047944	  0.132771	  0.330451	  0.288885
 -0.008968	  0.040568	  0.134708	  0.134801	  0.052987	  0.059008	  0.002814	  0.002254	 -0.066041	 -0.080486	 -0.105820	 -0.078290	 -0.000588	  0.065835	  0.165779	  0.372138	  0.301558
 -0.000539	  0.055126	  0.115903	  0.140617	  0.037037	  0.079073	 -0.009760	  0.003890	 -0.064669	 -0.084046	 -0.064771	 -0.023234	 -0.005732	  0.122932	  0.218740	  0.379410	  0.296858
  0.017823	  0.056598	  0.098480	  0.121261	  0.026102	  0.072975	 -0.008083	 -0.008818	 -0.073798	 -0.081497	 -0.075774	  0.004046	 -0.016527	  0.162630	  0.255470	  0.355813	  0.277202
  0.044310	  0.069695	  0.102349	  0.116277	  0.022333	  0.065277	 -0.030606	 -0.017150	 -0.039205	 -0.087315	 -0.117226	  0.060267	 -0.000038	  0.191386	  0.230833	  0.345524	  0.228743
  0.046895	  0.083561	  0.091655	  0.100474	  0.045156	  0.078986	 -0.039439	 -0.002244	  0.011175	 -0.052727	 -0.078487	  0.088782	  0.031244	  0.215020	  0.228965	  0.331473	  0.200270
  0.043475	  0.081383	  0.106982	  0.056290	  0.049163	  0.095594	 -0.030577	  0.013859	  0.009007	 -0.036726	 -0.043841	  0.121777	  0.027882	  0.194577	  0.227421	  0.295730	  0.181821
  0.024115	  0.057453	  0.097419	  0.043811	  0.009110	  0.062055	 -0.020538	  0.066702	  0.028424	  0.001309	 -0.007895	  0.130790	  0.042214	  0.170085	  0.223943	  0.270611	  0.188205
  0.035326	  0.034640	  0.090130	  0.065365	  0.016348	  0.062707	 -0.024378	  0.103823	  0.030135	  0.021696	 -0.014680	  0.118948	  0.056511	  0.114633	  0.196108	  0.241225	  0.185772
  0.017626	  0.046720	  0.070719	  0.062216	  0.020692	  0.073319	 -0.029768	  0.118294	  0.034495	  0.017812	 -0.009559	  0.085184	  0.066160	  0.094764	  0.177906	  0.191718	  0.155978
  0.045192	  0.074386	  0.079510	  0.076292	  0.023942	  0.092060	 -0.008996	  0.129721	  0.031491	  0.027274	  0.014903	  0.078529	  0.080659	  0.088583	  0.147351	  0.155115	  0.139439
  0.074106	  0.062866	  0.079393	  0.101820	  0.023510	  0.123948	 -0.007783	  0.134948	  0.044469	  0.020795	  0.047049	  0.103318	  0.060829	  0.060431	  0.131548	  0.113458	  0.074603
  0.069365	  0.050367	  0.083759	  0.092591	  0.014736	  0.118116	 -0.010627	  0.144414	  0.072484	  0.027247	  0.070973	  0.118845	  0.078261	  0.047815	  0.097506	  0.098114	  0.069926
  0.085421	  0.058907	  0.076370	  0.086446	  0.014199	  0.112218	  0.004060	  0.130470	  0.067070	  0.037996	  0.070713	  0.095919	  0.075595	  0.004390	  0.058364	  0.084360	  0.050933
  0.078616	  0.035318	  0.072820	  0.087454	  0.015791	  0.082633	  0.009294	  0.158328	  0.047446	  0.021878	  0.055042	  0.071615	  0.042475	 -0.005953	  0.038983	  0.065310	  0.092292
  0.074124	  0.037613	  0.091458	  0.069877	  0.004493	  0.093609	  0.039004	  0.183855	  0.073875	  0.017129	  0.066936	  0.090042	  0.031900	 -0.040027	  0.017568	  0.049930	  0.139184
  0.112225	  0.031491	  0.109258	  0.079893	 -0.024209	  0.071125	  0.053684	  0.194396	  0.068288	  0.007548	  0.066234	  0.096658	  0.021751	 -0.056647	  0.011213	  0.018092	  0.155773
  0.147757	  0.018001	  0.087886	  0.080774	  0.008391	  0.086045	  0.043434	  0.173643	  0.049656	  0.006407	  0.075255	  0.115219	  0.032298	 -0.073744	  0.006328	  0.033638	  0.151862
  0.144609	  0.011379	  0.086592	  0.098755	  0.051847	  0.098003	  0.041412	  0.158276	  0.068132	  0.023936	  0.088612	  0.103360	  0.019993	 -0.096576	 -0.005804	  0.049540	  0.146665
  0.107641	  0.005993	  0.090099	  0.111537	  0.060300	  0.089173	  0.048674	  0.162556	  0.079640	  0.020895	  0.084209	  0.103717	  0.019768	 -0.087869	 -0.014802	  0.045989	  0.151322
  0.100328	  0.002420	  0.083814	  0.127666	  0.049079	  0.078926	  0.064867	  0.162045	  0.072725	  0.002005	  0.068121	  0.090071	  0.004854	 -0.092673	 -0.002844	  0.043723	  0.150487
  0.089959	  0.012844	  0.087565	  0.118436	  0.058405	  0.072247	  0.055203	  0.139502	  0.063788	  0.020976	  0.049320	  0.081274	 -0.029140	 -0.082881	 -0.009109	  0.070490	  0.111078
  0.040868	  0.006915	  0.101734	  0.107035	  0.057808	  0.088104	  0.071464	  0.149686	  0.050812	  0.019294	  0.050300	  0.076781	 -0.025985	 -0.084496	 -0.011078	  0.088318	  0.077695
  0.009709	  0.022913	  0.094688	  0.125621	  0.059342	  0.102516	  0.114067	  0.159962	  0.054221	  0.038075	  0.030447	  0.089114	 -0.031162	 -0.085890	 -0.014683	  0.092192	  0.077839
  0.016825	  0.031852	  0.065944	  0.150106	  0.041200	  0.111098	  0.110211	  0.128398	  0.065462	  0.049868	  0.022215	  0.072366	 -0.031112	 -0.066011	 -0.000944	  0.072108	  0.075706
  0.002218	  0.056475	  0.049577	  0.152112	  0.030053	  0.085514	  0.122637	  0.099832	  0.073089	  0.020861	  0.011468	  0.071050	 -0.065189	 -0.060010	 -0.011956	  0.075741	  0.092123
  0.009814	  0.076017	  0.060806	  0.140690	  0.042239	  0.121368	  0.123605	  0.115995	  0.074947	  0.030770	  0.011902	  0.067097	 -0.065378	 -0.058328	  0.006572	  0.110990	  0.099107
  0.012677	  0.049412	  0.044736	  0.156959	  0.065518	  0.142189	  0.143053	  0.113559	  0.074319	  0.043605	  0.040400	  0.047661	 -0.034949	 -0.048038	  0.038498	  0.165718	  0.074139
  0.018398	  0.052557	  0.046186	  0.155607	  0.087668	  0.131260	  0.185243	  0.113447	  0.094630	  0.069316	  0.053054	  0.067263	 -0.011204	 -0.016786	  0.053115	  0.186017	  0.097612
  0.026431	  0.059475	  0.070037	  0.145749	  0.091641	  0.134560	  0.199949	  0.071437	  0.107435	  0.088831	  0.053454	  0.069205	 -0.037738	  0.007758	  0.071502	  0.193586	  0.138721
  0.029592	  0.063769	  0.085476	  0.160728	  0.108647	  0.154967	  0.185401	  0.051510	  0.117486	  0.074357	  0.053216	  0.064868	 -0.042228	  0.023319	  0.060838	  0.172612	  0.168886
  0.052955	  0.069588	  0.098044	  0.166827	  0.123616	  0.139409	  0.148057	  0.080205	  0.132387	  0.074199	  0.063854	  0.032557	 -0.030805	  0.022839	  0.070891	  0.188309	  0.188442
  0.072919	  0.086318	  0.113878	  0.143721	  0.128140	  0.161465	  0.150544	  0.083697	  0.118232	  0.095153	  0.059204	  0.059534	  0.003500	  0.016378	  0.065730	  0.206467	  0.202542
  0.085028	  0.100930	  0.132731	  0.113149	  0.141286	  0.175205	  0.157650	  0.101460	  0.091840	  0.104872	  0.033440	  0.080689	  0.033308	  0.027777	  0.046759	  0.213340	  0.224510
  0.109049	  0.089134	  0.148202	  0.112918	  0.165323	  0.176635	  0.162847	  0.114093	  0.069397	  0.082682	  0.026741	  0.075046	  0.055112	  0.048084	  0.065731	  0.219065	  0.245276
  0.121287	  0.096585	  0.159982	  0.099027	  0.155616	  0.208254	  0.180049	  0.093805	  0.085439	  0.069479	  0.045734	  0.079074	  0.079516	  0.070023	  0.058070	  0.222195	  0.264280
  0.140408	  0.084648	  0.144624	  0.111884	  0.118832	  0.207550	  0.193488	  0.071616	  0.114842	  0.064358	  0.070501	  0.115327	  0.109075	  0.087360	  0.069644	  0.224465	  0.257645
  0.147858	  0.101228	  0.166597	  0.100519	  0.115304	  0.185546	  0.174740	  0.085108	  0.119656	  0.091886	  0.067061	  0.134804	  0.080760	  0.109146	  0.075996	  0.251201	  0.233178
  0.155985	  0.094878	  0.193832	  0.105989	  0.116177	  0.167491	  0.168562	  0.108549	  0.089135	  0.104215	  0.063655	  0.123123	  0.079671	  0.141681	  0.103838	  0.271518	  0.242518
  0.155935	  0.091327	  0.186498	  0.126292	  0.101523	  0.164095	  0.177555	  0.118640	  0.080727	  0.101382	  0.094867	  0.137732	  0.092662	  0.171897	  0.112331	  0.229951	  0.219677
  0.146383	  0.087042	  0.168771	  0.120882	  0.086433	  0.160554	  0.171207	  0.160211	  0.096993	  0.109138	  0.105191	  0.123312	  0.106708	  0.179842	  0.135097	  0.214107	  0.144563
  0.138118	  0.085569	  0.153543	  0.117096	  0.109608	  0.165284	  0.155866	  0.174552	  0.106229	  0.149790	  0.084207	  0.112337	  0.127855	  0.167343	  0.152588	  0.169675	  0.114188
  0.110618	  0.090732	  0.149701	  0.132143	  0.116533	  0.166109	  0.141901	  0.179018	  0.117449	  0.169215	  0.077690	  0.140416	  0.128117	  0.156858	  0.146364	  0.146772	  0.125226
  0.112425	  0.097930	  0.172250	  0.163597	  0.121386	  0.176639	  0.119321	  0.171786	  0.135506	  0.149936	  0.074971	  0.167615	  0.143520	  0.145460	  0.144573	  0.136842	  0.154215
  0.122450	  0.100878	  0.188965	  0.188732	  0.111767	  0.188411	  0.115171	  0.195545	  0.160267	  0.122978	  0.086135	  0.179107	  0.131509	  0.153977	  0.148926	  0.149973	  0.176512
  0.130442	  0.119336	  0.172572	  0.187833	  0.143489	  0.175787	  0.139193	  0.220622	  0.140487	  0.141552	  0.088375	  0.168179	  0.164129	  0.160621	  0.169384	  0.144913	  0.203386
  0.142156	  0.141253	  0.179937	  0.199487	  0.193353	  0.172325	  0.144119	  0.222334	  0.124739	  0.149024	  0.077573	  0.136388	  0.171311	  0.158925	  0.146173	  0.166684	  0.255068
  0.155145	  0.153479	  0.188174	  0.221400	  0.202260	  0.157336	  0.149220	  0.234426	  0.149455	  0.125927	  0.064590	  0.106410	  0.172849	  0.162180	  0.138775	  0.186347	  0.250810
  0.137197	  0.166398	  0.187511	  0.237294	  0.174685	  0.158449	  0.142122	  0.226294	  0.137619	  0.128199	  0.062880	  0.102575	  0.221790	  0.171153	  0.180252	  0.199913	  0.262998
  0.124838	  0.175259	  0.185200	  0.240994	  0.118054	  0.185614	  0.147086	  0.227184	  0.093337	  0.143121	  0.086577	  0.114028	  0.212368	  0.164695	  0.196322	  0.224519	  0.309639
  0.121543	  0.190014	  0.203731	  0.250024	  0.086700	  0.176098	  0.133679	  0.240356	  0.090199	  0.131141	  0.091261	  0.123338	  0.203766	  0.163187	  0.236829	  0.216990	  0.298907
  0.118908	  0.183986	  0.216818	  0.253711	  0.134680	  0.182360	  0.106591	  0.229727	  0.097968	  0.114901	  0.075481	  0.113627	  0.198294	  0.181688	  0.262275	  0.193735	  0.316329
  0.101715	  0.156710	  0.207323	  0.266302	  0.137623	  0.203738	  0.134658	  0.206454	  0.119642	  0.097833	  0.060713	  0.129441	  0.202980	  0.207321	  0.278439	  0.190347	  0.333330
  0.100025	  0.149432	  0.193209	  0.261694	  0.141079	  0.207712	  0.143127	  0.192401	  0.131533	  0.081581	  0.034291	  0.151217	  0.212921	  0.231296	  0.279552	  0.224279	  0.348976
  0.099301	  0.131177	  0.199792	  0.223275	  0.175658	  0.174550	  0.150369	  0.196844	  0.117860	  0.070234	  0.038320	  0.134088	  0.214266	  0.221926	  0.285541	  0.232207	  0.318798
  0.090320	  0.093603	  0.185999	  0.215609	  0.173160	  0.170851	  0.151197	  0.215941	  0.102918	  0.077066	  0.073630	  0.088069	  0.232826	  0.195522	  0.293302	  0.255713	  0.283934
  0.099582	  0.089429	  0.208731	  0.197252	  0.163967	  0.166112	  0.140868	  0.233259	  0.064396	  0.074945	  0.064151	  0.097823	  0.229741	  0.211886	  0.281297	  0.251363	  0.281312
  0.090592	  0.087789	  0.196840	  0.172437	  0.163859	  0.185934	  0.164739	  0.200431	  0.056393	  0.110492	  0.056385	  0.097566	  0.226885	  0.214019	  0.272111	  0.259372	  0.266704
  0.097036	  0.097591	  0.168308	  0.184763	  0.158054	  0.178471	  0.186125	  0.169705	  0.081498	  0.152639	  0.059804	  0.076473	  0.249480	  0.190875	  0.257070	  0.253305	  0.257684
  0.105568	  0.131749	  0.160325	  0.215241	  0.129566	  0.168400	  0.155764	  0.170000	  0.095305	  0.136024	  0.082782	  0.113843	  0.263141	  0.206104	  0.248488	  0.244192	  0.244735
  0.088688	  0.177857	  0.182144	  0.247356	  0.113194	  0.173007	  0.148152	  0.175078	  0.101678	  0.170523	  0.105157	  0.137379	  0.242623	  0.211833	  0.235572	  0.243811	  0.246266
  0.080412	  0.200871	  0.158121	  0.243381	  0.143169	  0.183858	  0.148834	  0.155439	  0.106925	  0.160193	  0.126182	  0.140396	  0.225393	  0.200930	  0.234142	  0.230382	  0.272101
  0.079477	  0.179867	  0.130139	  0.223522	  0.161609	  0.190760	  0.161221	  0.158589	  0.107081	  0.172220	  0.117448	  0.142585	  0.199969	  0.221162	  0.232000	  0.247650	  0.276339
  0.067160	  0.182236	  0.158595	  0.248755	  0.178455	  0.189932	  0.195750	  0.158078	  0.110686	  0.178544	  0.109179	  0.118488	  0.206508	  0.259450	  0.228403	  0.274255	  0.313517
  0.080859	  0.183826	  0.173868	  0.242784	  0.182948	  0.181725	  0.191801	  0.166817	  0.136860	  0.181593	  0.126059	  0.094303	  0.212829	  0.263921	  0.212116	  0.302154	  0.340277
  0.099287	  0.184941	  0.182832	  0.257804	  0.180247	  0.191039	  0.197083	  0.164297	  0.138392	  0.176598	  0.113169	  0.147054	  0.222290	  0.253924	  0.254273	  0.346345	  0.361831
  0.098837	  0.196439	  0.200371	  0.294565	  0.192122	  0.207352	  0.192217	  0.188352	  0.125000	  0.140970	  0.109412	  0.186500	  0.219082	  0.248558	  0.280603	  0.348971	  0.372397
  0.081156	  0.190778	  0.207437	  0.296179	  0.170472	  0.211812	  0.192664	  0.174151	  0.131368	  0.127457	  0.116411	  0.173205	  0.215250	  0.251912	  0.250880	  0.351538	  0.367596
  0.110304	  0.170181	  0.196624	  0.272693	  0.185259	  0.224970	  0.217565	  0.199724	  0.126860	  0.105880	  0.115021	  0.148181	  0.231278	  0.271053	  0.220245	  0.358330	  0.378285
  0.127710	  0.162052	  0.178506	  0.252298	  0.202270	  0.202816	  0.214765	  0.229551	  0.131580	  0.101326	  0.124388	  0.136945	  0.197419	  0.271790	  0.226697	  0.357783	  0.367030
  0.127325	  0.176928	  0.155138	  0.242508	  0.195543	  0.188194	  0.195427	  0.225416	  0.075684	  0.098672	  0.111888	  0.105773	  0.197889	  0.241094	  0.230501	  0.332574	  0.325107
  0.108484	  0.206467	  0.146640	  0.253785	  0.233942	  0.199719	  0.188786	  0.244127	  0.051463	  0.084314	  0.103774	  0.117058	  0.205440	  0.233431	  0.211413	  0.316851	  0.295939
  0.094038	  0.209832	  0.159585	  0.250480	  0.231409	  0.182133	  0.193833	  0.247996	  0.055374	  0.069687	  0.111858	  0.143097	  0.207560	  0.231520	  0.219987	  0.338282	  0.285396
  0.115210	  0.203935	  0.164382	  0.238102	  0.239759	  0.160055	  0.189254	  0.250427	  0.053609	  0.070657	  0.103598	  0.182784	  0.211802	  0.227273	  0.238538	  0.303306	  0.272529
  0.126530	  0.204693	  0.167048	  0.229659	  0.233103	  0.187078	  0.197841	  0.250950	  0.073328	  0.069976	  0.082808	  0.175976	  0.214074	  0.220331	  0.216851	  0.302423	  0.286678
  0.154991	  0.190583	  0.184575	  0.192908	  0.235453	  0.195435	  0.209237	  0.234631	  0.085579	  0.078992	  0.075947	  0.142106	  0.227894	  0.208572	  0.194854	  0.310807	  0.298274
  0.159665	  0.186182	  0.169703	  0.173377	  0.241362	  0.179508	  0.233333	  0.218530	  0.099062	  0.069718	  0.101060	  0.118250	  0.214111	  0.212973	  0.153842	  0.314025	  0.280489
  0.172119	  0.145992	  0.197175	  0.195295	  0.213548	  0.181899	  0.239841	  0.220534	  0.096944	  0.058688	  0.120614	  0.103084	  0.212026	  0.217106	  0.153756	  0.289506	  0.260268
  0.159227	  0.140393	  0.212047	  0.188992	  0.196526	  0.205038	  0.210393	  0.211306	  0.076418	  0.068703	  0.123833	  0.102625	  0.213683	  0.207474	  0.131227	  0.220042	  0.252551
  0.140445	  0.150334	  0.205438	  0.183150	  0.194177	  0.186556	  0.187039	  0.209028	  0.076269	  0.091722	  0.095916	  0.117605	  0.206634	  0.167568	  0.100908	  0.160861	  0.247382
  0.123102	  0.161649	  0.210351	  0.191756	  0.175463	  0.175851	  0.173874	  0.206622	  0.095416	  0.085161	  0.093827	  0.115362	  0.206074	  0.142969	  0.124350	  0.122173	  0.226134
  0.122834	  0.155085	  0.200384	  0.198867	  0.163243	  0.193245	  0.196144	  0.188401	  0.109649	  0.087414	  0.089484	  0.097447	  0.188202	  0.170011	  0.119234	  0.132710	  0.201206
  0.152867	  0.160115	  0.209906	  0.183275	  0.152729	  0.209241	  0.195974	  0.183599	  0.127104	  0.093704	  0.095287	  0.114796	  0.176021	  0.204012	  0.128936	  0.129081	  0.187843
  0.169057	  0.172513	  0.227000	  0.189603	  0.171364	  0.198530	  0.197450	  0.174425	  0.151846	  0.135218	  0.093060	  0.104810	  0.164337	  0.205852	  0.136663	  0.119665	  0.157833
  0.153200	  0.173032	  0.217069	  0.160262	  0.170223	  0.177938	  0.225437	  0.172109	  0.162518	  0.164269	  0.099071	  0.094357	  0.158563	  0.170754	  0.104473	  0.126054	  0.122898
  0.129868	  0.175041	  0.211055	  0.131821	  0.160746	  0.180479	  0.230489	  0.156799	  0.157722	  0.176397	  0.093043	  0.082426	  0.159070	  0.150206	  0.099413	  0.128456	  0.145280
 -0.008776	  0.005556	 -0.000245	 -0.001725	  0.012391	  0.064721	  0.020526	 -0.006285	 -0.054271	  0.015611	 -0.039823	  0.004435	  0.097419	 -0.001198	  0.022175	 -0.019762	 -0.003496
  0.021760	  0.032559	  0.016048	  0.007371	  0.022135	  0.066564	 -0.003177	 -0.025925	 -0.039614	 -0.004899	 -0.027497	  0.016170	  0.075162	 -0.040434	  0.004527	 -0.018973	  0.000362
  0.010182	  0.027988	  0.042915	 -0.006697	  0.009940	  0.064577	  0.018114	 -0.027317	 -0.005170	 -0.029407	 -0.014912	 -0.000806	  0.044598	 -0.020123	  0.028149	  0.002521	 -0.002341
 -0.006513	  0.026811	  0.046984	 -0.009850	 -0.004518	  0.060862	  0.000777	 -0.010943	 -0.005227	 -0.031518	  0.007139	 -0.012413	  0.036984	 -0.002487	  0.047847	  0.008650	  0.005762
 -0.017307	  0.031715	  0.029794	 -0.012481	  0.008908	  0.039326	  0.010213	  0.015220	  0.010667	 -0.024109	  0.009604	 -0.017466	  0.016499	  0.008174	  0.039420	  0.015296	  0.018154
 -0.004195	  0.027498	  0.011645	  0.009132	  0.004020	  0.010162	  0.008100	  0.039398	  0.020620	 -0.030631	  0.012910	 -0.003868	 -0.008109	 -0.004562	  0.050721	  0.007268	  0.003258
  0.000004	  0.022926	 -0.008891	  0.029865	  0.007648	  0.004318	  0.012271	  0.039518	  0.007224	 -0.012674	  0.006603	 -0.025576	 -0.001842	 -0.008200	  0.012334	  0.014402	 -0.014615
  0.020300	  0.004725	 -0.019459	  0.043629	  0.014167	  0.007864	  0.011751	  0.050000	 -0.002402	  0.015575	  0.012220	 -0.044262	 -0.000155	 -0.000720	 -0.005390	  0.031956	  0.031594
  0.027324	  0.004766	 -0.013961	  0.024004	  0.014030	  0.006890	  0.029084	  0.046395	  0.003706	  0.008841	  0.013144	 -0.012428	  0.000777	  0.004505	  0.001727	  0.030254	  0.050204
 -0.000998	  0.007193	 -0.005218	  0.018051	  0.032701	  0.007496	  0.028712	  0.040606	 -0.003455	 -0.003115	 -0.008235	  0.006869	 -0.028381	 -0.018178	 -0.039229	 -0.021774	 -0.078806
 -0.003865	  0.003275	  0.001589	  0.032931	  0.038504	 -0.008246	 -0.003831	  0.015098	  0.002444	  0.012891	 -0.027517	  0.018016	 -0.021493	 -0.019547	 -0.028034	  0.028121	  0.029931
 -0.024675	  0.003597	  0.015384	  0.023710	  0.020487	 -0.027765	 -0.003628	 -0.000220	 -0.003400	 -0.005777	 -0.024795	  0.016315	 -0.029789	 -0.007355	  0.018070	  0.087991	  0.152723
 -0.023857	 -0.024258	 -0.012577	 -0.012755	 -0.007069	 -0.015973	 -0.010389	 -0.012463	 -0.004003	  0.008431	 -0.034995	 -0.002002	 -0.049601	 -0.050597	 -0.064961	 -0.088166	 -0.138329
  0.000106	 -0.024869	 -0.018171	 -0.026458	 -0.058500	 -0.001993	 -0.014734	 -0.002071	  0.006863	  0.038075	  0.001460	  0.023128	 -0.022890	  0.004859	 -0.006668	 -0.034177	 -0.022349
 -0.014973	 -0.030221	 -0.014319	 -0.005847	 -0.060360	 -0.039791	 -0.008784	 -0.020308	  0.009811	  0.045909	  0.041447	  0.035770	  0.013183	  0.075069	  0.088410	  0.154261	  0.252299
 -0.021405	 -0.038106	 -0.004562	 -0.007354	 -0.034680	 -0.040243	 -0.028990	 -0.029358	  0.016132	  0.034702	  0.010546	 -0.016874	 -0.043210	 -0.016239	 -0.073699	 -0.092595	 -0.161624
  0.018664	 -0.036564	 -0.016454	 -0.020284	 -0.026984	 -0.029636	 -0.029761	 -0.017326	  0.023849	  0.009310	  0.023901	 -0.002265	 -0.059651	 -0.033780	 -0.067447	 -0.065905	 -0.112890
  0.018787	 -0.020460	 -0.018337	 -0.021106	  0.005310	 -0.068188	 -0.012437	 -0.022560	  0.022293	  0.004371	  0.047536	  0.028257	  0.032960	  0.108705	  0.128423	  0.192488	  0.321795
  0.003981	 -0.025183	 -0.013445	 -0.034106	  0.006466	 -0.061345	 -0.024186	 -0.037284	  0.002074	 -0.016533	  0.009221	 -0.004524	 -0.031738	  0.022468	 -0.049130	 -0.088475	 -0.119720
  0.005454	  0.001051	 -0.018718	 -0.030031	 -0.004598	 -0.039599	  0.000367	 -0.034173	 -0.008139	 -0.035055	 -0.017955	 -0.006474	 -0.020723	 -0.000359	 -0.107247	 -0.143382	 -0.211911
 -0.013183	  0.042642	 -0.012848	 -0.033843	 -0.009152	 -0.006249	  0.026615	 -0.055011	  0.024195	 -0.041687	  0.038761	  0.028672	  0.052468	  0.176468	  0.139254	  0.202958	  0.295048
 -0.040899	  0.008584	 -0.018802	 -0.029925	 -0.030486	  0.003706	  0.015947	 -0.046377	  0.037009	 -0.046167	  0.018018	 -0.005268	 -0.026630	  0.045031	 -0.059272	 -0.031484	 -0.006644
 -0.041828	  0.001894	 -0.009354	 -0.034880	 -0.011338	 -0.003662	 -0.003971	 -0.029007	  0.013868	 -0.038111	 -0.020292	 -0.022337	 -0.059016	 -0.046828	 -0.139289	 -0.147228	 -0.224885
 -0.004769	 -0.008987	 -0.002324	 -0.043295	  0.015138	  0.000065	 -0.017440	  0.011311	  0.015436	 -0.001626	  0.018561	  0.021859	  0.051095	  0.143734	  0.129946	  0.250483	  0.280939
  0.019512	 -0.024181	  0.009882	 -0.032555	 -0.002433	  0.008128	 -0.025691	 -0.002371	  0.011383	 -0.001904	 -0.001806	 -0.034045	 -0.013580	  0.061527	  0.020969	  0.052145	  0.046335
  0.008041	 -0.038679	  0.009591	 -0.026808	 -0.054366	  0.007317	 -0.036890	 -0.003277	  0.010105	 -0.007951	  0.002266	 -0.068911	 -0.112590	 -0.044649	 -0.122179	 -0.164491	 -0.260074
 -0.012267	 -0.046988	 -0.001488	 -0.004958	 -0.088217	  0.017450	 -0.039086	  0.034161	  0.028408	  0.020300	  0.068690	  0.018159	 -0.014012	  0.127838	  0.150662	  0.206083	  0.258884
 -0.018583	 -0.030679	 -0.007060	  0.015140	 -0.087946	  0.034058	 -0.047847	  0.039636	  0.035097	  0.016344	  0.067713	  0.001627	 -0.028829	  0.067874	  0.059582	  0.075897	  0.108729
 -0.013457	 -0.049262	  0.001875	  0.009925	 -0.046920	  0.053154	 -0.048293	  0.031207	  0.058324	 -0.010565	  0.018499	 -0.050299	 -0.106648	 -0.052266	 -0.145513	 -0.228739	 -0.317773
 -0.018931	 -0.027940	  0.009887	 -0.000187	 -0.041386	  0.043242	 -0.050853	  0.037661	  0.085907	  0.003580	  0.026789	  0.023951	  0.015282	  0.110659	  0.126796	  0.099571	  0.181054
 -0.010868	 -0.025411	  0.027098	 -0.015381	 -0.028348	  0.037912	 -0.056775	  0.030144	  0.047616	  0.017158	 -0.007204	  0.032102	  0.008214	  0.083537	  0.104096	  0.079954	  0.145130
  0.005111	 -0.038871	  0.016824	 -0.007680	 -0.025357	  0.012920	 -0.055686	 -0.005903	  0.019113	 -0.001535	 -0.054963	 -0.015880	 -0.101670	 -0.056794	 -0.126747	 -0.243312	 -0.368415
  0.024255	 -0.016471	  0.013358	  0.007559	  0.004303	 -0.024404	 -0.012477	 -0.001162	  0.052761	  0.019792	 -0.008674	  0.032628	 -0.013669	  0.105893	  0.123161	  0.080768	  0.040773
  0.050389	  0.000017	  0.039934	  0.015107	  0.026531	 -0.005301	  0.006894	 -0.007044	  0.041202	  0.032608	 -0.028535	  0.029475	  0.003080	  0.119236	  0.171454	  0.155296	  0.140300
  0.062353	  0.004099	  0.048071	  0.010560	 -0.007498	 -0.034196	 -0.006749	 -0.024682	  0.004748	  0.048133	 -0.061654	 -0.061793	 -0.112218	 -0.037016	 -0.108348	 -0.219688	 -0.374133
  0.061463	  0.014397	  0.069190	 -0.033822	 -0.002816	 -0.036140	  0.004009	 -0.014660	  0.020135	  0.072033	 -0.036593	 -0.014579	 -0.038076	  0.097024	  0.083978	  0.051439	 -0.007780
  0.055209	  0.027710	  0.064842	 -0.061857	  0.000185	 -0.032387	 -0.020562	 -0.003146	  0.041006	  0.093569	 -0.017341	  0.041747	  0.020128	  0.162825	  0.201347	  0.184156	  0.256007
  0.046841	  0.012210	  0.061345	 -0.084149	  0.010006	 -0.043734	 -0.062128	 -0.014700	  0.038776	  0.055813	 -0.061621	 -0.012796	 -0.110193	 -0.026343	 -0.093432	 -0.206780	 -0.245755
  0.039548	  0.026002	  0.038542	 -0.072193	  0.015002	 -0.047523	 -0.039540	 -0.035797	  0.058285	  0.054671	 -0.045056	  0.007399	 -0.059966	  0.082686	  0.050496	 -0.022503	 -0.014844
  0.038774	  0.022749	  0.020659	 -0.039484	  0.017284	 -0.068744	 -0.026819	 -0.048238	  0.088955	  0.055603	 -0.006904	  0.054608	  0.027615	  0.169556	  0.189310	  0.232886	  0.342064
  0.028026	  0.007784	 -0.010883	 -0.033650	  0.010821	 -0.065623	 -0.030398	 -0.066066	  0.096553	 -0.016230	 -0.043678	  0.008570	 -0.059403	 -0.045493	 -0.090028	 -0.177474	 -0.176656
  0.015224	 -0.001976	  0.001818	 -0.021655	 -0.017845	 -0.077172	 -0.014421	 -0.052148	  0.121179	 -0.017681	 -0.001160	  0.023865	 -0.021699	 -0.000114	 -0.005122	 -0.108494	 -0.085430
  0.001027	  0.027093	  0.018508	 -0.015336	 -0.025846	 -0.096247	 -0.011548	 -0.052825	  0.115380	  0.015192	  0.036555	  0.090765	  0.047330	  0.150087	  0.189777	  0.184428	  0.317431
 -0.010336	  0.031199	  0.033724	 -0.008706	 -0.017313	 -0.125610	 -0.002622	 -0.068548	  0.100509	 -0.014055	 -0.027731	  0.048938	 -0.083128	 -0.005195	 -0.066601	 -0.192188	 -0.168035
  0.016873	  0.001817	  0.037710	 -0.005279	 -0.019669	 -0.120729	 -0.008421	 -0.074948	  0.095888	 -0.006596	 -0.027267	  0.076665	 -0.037054	 -0.001233	 -0.109496	 -0.182449	 -0.204027
  0.034312	  0.005088	  0.010106	 -0.006316	 -0.020541	 -0.131340	 -0.017228	 -0.104622	  0.112275	  0.008618	  0.019703	  0.127559	  0.090189	  0.178421	  0.131841	  0.186023	  0.304248
  0.021081	  0.012897	 -0.013410	  0.003729	 -0.015763	 -0.137590	 -0.029613	 -0.089367	  0.081836	 -0.007574	  0.026499	  0.086760	 -0.025010	  0.043577	 -0.067104	 -0.116203	 -0.089012
 -0.010548	 -0.004325	 -0.041239	 -0.031149	  0.003734	 -0.130189	 -0.029597	 -0.087967	  0.071934	  0.004971	  0.042833	  0.058124	 -0.079904	  0.015300	 -0.167559	 -0.200350	 -0.254569
 -0.051663	 -0.040859	 -0.055873	 -0.051340	  0.014072	 -0.141101	 -0.020095	 -0.082413	  0.073511	  0.016525	  0.080348	  0.085039	  0.046347	  0.198697	  0.081759	  0.221898	  0.323879
 -0.048542	 -0.037464	 -0.067215	 -0.060125	 -0.011753	 -0.127743	 -0.002975	 -0.095573	  0.045334	  0.005859	  0.054186	  0.032296	 -0.022122	  0.076072	 -0.102077	 -0.009461	  0.053401
 -0.041927	 -0.028442	 -0.063800	 -0.061740	 -0.022079	 -0.094817	  0.002975	 -0.094790	  0.051723	 -0.008951	  0.003923	 -0.028631	 -0.095464	  0.015831	 -0.211568	 -0.205149	 -0.248104
 -0.007312	 -0.031177	 -0.040534	 -0.046608	 -0.027319	 -0.082113	  0.006786	 -0.082099	  0.067919	  0.022211	  0.051658	  0.031574	  0.027727	  0.197702	  0.115737	  0.189375	  0.283656
 -0.014261	 -0.015973	 -0.028552	 -0.037663	 -0.006134	 -0.099450	  0.010026	 -0.086836	  0.081090	  0.002159	  0.045482	  0.005309	 -0.011473	  0.115504	  0.037192	  0.048886	  0.116681
  0.011177	 -0.022752	 -0.023053	 -0.042444	 -0.011580	 -0.098934	  0.008962	 -0.072233	  0.083289	 -0.008709	  0.016225	 -0.055609	 -0.091349	 -0.011623	 -0.151243	 -0.213175	 -0.289977
  0.007179	 -0.033055	 -0.006005	 -0.051600	 -0.002649	 -0.096843	  0.029702	 -0.045503	  0.111827	  0.021420	  0.030846	 -0.030526	  0.020982	  0.181630	  0.111737	  0.136119	  0.209108
  0.031472	 -0.002735	 -0.005291	 -0.053406	  0.006991	 -0.100209	  0.018262	 -0.041124	  0.105553	  0.006737	  0.028800	 -0.036635	  0.006067	  0.151720	  0.082388	  0.083710	  0.195838
  0.054418	 -0.001560	 -0.061519	 -0.048041	  0.014576	 -0.089501	 -0.014586	 -0.059274	  0.074853	 -0.022151	 -0.021865	 -0.083450	 -0.078168	 -0.002772	 -0.144398	 -0.245228	 -0.291258
  0.061908	 -0.023292	 -0.037793	 -0.051220	  0.066014	 -0.081092	 -0.009899	 -0.045685	  0.073562	  0.009289	 -0.011720	 -0.057344	  0.028731	  0.163730	  0.092050	  0.093191	  0.122129
  0.065095	 -0.016505	 -0.019442	 -0.040847	  0.074238	 -0.086846	 -0.006877	 -0.050415	  0.078679	  0.031067	 -0.000064	 -0.016321	  0.043735	  0.194532	  0.129267	  0.183742	  0.222258
  0.052043	 -0.009342	 -0.013628	 -0.003077	  0.056508	 -0.113593	 -0.013353	 -0.042674	  0.057950	  0.013352	 -0.041339	 -0.046829	 -0.086851	  0.037883	 -0.157084	 -0.184255	 -0.317489
  0.017068	  0.013430	 -0.021945	 -0.010049	  0.031094	 -0.121050	  0.009111	 -0.021820	  0.034386	  0.023849	 -0.004710	 -0.034325	 -0.020599	  0.156360	  0.032834	  0.050172	  0.026144
  0.015532	 -0.012797	 -0.027283	 -0.029260	  0.027368	 -0.122378	 -0.015191	 -0.000941	  0.019528	  0.020534	  0.036386	 -0.020083	  0.029579	  0.187480	  0.133115	  0.195710	  0.225479
  0.010732	 -0.010280	 -0.026346	 -0.041724	  0.022712	 -0.101952	 -0.023885	 -0.036833	  0.029180	  0.011918	  0.010697	 -0.089272	 -0.098655	 -0.023196	 -0.176847	 -0.190718	 -0.340638
  0.011083	 -0.026046	 -0.015031	 -0.069025	  0.032902	 -0.053063	 -0.005941	 -0.028068	  0.036142	  0.017575	  0.016630	 -0.036587	 -0.045050	  0.066637	 -0.048377	 -0.008872	 -0.105331
  0.014489	 -0.030003	 -0.024835	 -0.070893	  0.033361	 -0.047490	 -0.004444	  0.008381	  0.065613	  0.037622	  0.045750	  0.019901	  0.031080	  0.159649	  0.109626	  0.210844	  0.244079
  0.002859	 -0.016131	 -0.023456	 -0.066162	  0.012247	 -0.060066	 -0.039940	  0.028390	  0.061835	  0.017166	 -0.012041	 -0.042220	 -0.084773	 -0.017433	 -0.168367	 -0.157805	 -0.285098
 -0.001466	  0.010584	 -0.010206	 -0.065207	  0.028718	 -0.066538	 -0.049451	  0.021896	  0.058864	  0.009915	 -0.022694	 -0.032841	 -0.037870	  0.027159	 -0.103223	 -0.046198	 -0.208052
 -0.004164	  0.027697	 -0.036968	 -0.080832	  0.037537	 -0.092327	 -0.037965	  0.012133	  0.082180	  0.035416	  0.009234	  0.032448	  0.063382	  0.167477	  0.134884	  0.256899	  0.210054
  0.019682	  0.033320	 -0.054987	 -0.089925	  0.031554	 -0.115435	 -0.047241	  0.001706	  0.063910	  0.010026	 -0.006793	 -0.041608	 -0.076315	 -0.000185	 -0.095162	 -0.085096	 -0.276958
  0.023946	  0.036683	 -0.072736	 -0.108405	  0.023858	 -0.089834	 -0.027317	  0.016290	  0.071201	  0.028236	 -0.023571	 -0.072353	 -0.102054	  0.017932	 -0.095162	 -0.089929	 -0.293448
  0.047863	  0.036027	 -0.080385	 -0.094820	  0.016381	 -0.063268	 -0.013845	 -0.022940	  0.082429	  0.042674	 -0.018407	  0.012480	 -0.004379	  0.194827	  0.182892	  0.268139	  0.220304
  0.039870	  0.025902	 -0.061930	 -0.095664	  0.042401	 -0.070439	 -0.009235	 -0.045172	  0.072424	  0.037148	 -0.051465	 -0.010201	 -0.085684	  0.057824	 -0.024526	 -0.015995	 -0.156211
  0.019292	  0.012028	 -0.050344	 -0.093720	  0.057069	 -0.071917	 -0.006792	 -0.052471	  0.053130	  0.023924	 -0.049629	 -0.015577	 -0.106291	  0.002377	 -0.101761	 -0.149306	 -0.282369
  0.022817	 -0.015284	 -0.066998	 -0.089230	  0.033440	 -0.061527	  0.007104	 -0.048727	  0.050636	  0.033098	  0.005864	  0.046379	  0.036187	  0.140167	  0.153152	  0.214220	  0.248884
  0.028678	 -0.020836	 -0.070514	 -0.076586	  0.041303	 -0.041162	 -0.010646	 -0.053570	  0.049457	  0.005040	 -0.004421	  0.033650	 -0.016109	  0.007651	 -0.025361	 -0.007740	 -0.032230
  0.048703	 -0.018600	 -0.079806	 -0.061634	  0.031821	 -0.061195	 -0.030318	 -0.111440	  0.035230	 -0.038452	 -0.042638	 -0.012094	 -0.074751	 -0.068573	 -0.123873	 -0.194103	 -0.299753
  0.068244	 -0.019399	 -0.072522	 -0.043043	  0.033463	 -0.067001	 -0.029064	 -0.102132	  0.053468	 -0.016122	 -0.004312	  0.064666	  0.055391	  0.090757	  0.148102	  0.201251	  0.261408
  0.073813	 -0.012588	 -0.088467	 -0.043035	  0.037883	 -0.069621	 -0.048400	 -0.106510	  0.082562	 -0.015887	 -0.002855	  0.069153	  0.010872	  0.011290	  0.011990	  0.068258	  0.116797
  0.068576	 -0.007718	 -0.092674	 -0.061147	  0.040038	 -0.078927	 -0.034572	 -0.108329	  0.066513	 -0.002089	 -0.020083	 -0.008662	 -0.043109	 -0.114165	 -0.197132	 -0.209878	 -0.283153
  0.083207	  0.001249	 -0.105638	 -0.070784	  0.040964	 -0.075093	 -0.001261	 -0.082012	  0.048489	  0.056771	  0.010328	  0.048586	  0.067799	  0.057016	  0.068590	  0.193160	  0.190589
  0.078212	 -0.006757	 -0.092202	 -0.071712	  0.023555	 -0.050647	  0.002771	 -0.070452	  0.012487	  0.066769	  0.018121	  0.055832	  0.022308	  0.047560	  0.046504	  0.156443	  0.116823
  0.033165	 -0.006274	 -0.105299	 -0.052122	  0.019595	 -0.048015	  0.004896	 -0.089624	  0.000782	  0.046040	 -0.015670	 -0.008852	 -0.093169	 -0.118650	 -0.184520	 -0.192016	 -0.372525
 -0.010148	 -0.017249	 -0.100532	 -0.041598	  0.017530	 -0.033309	  0.015331	 -0.122691	  0.033836	  0.060089	  0.024343	  0.079357	 -0.006714	  0.037284	  0.019711	  0.148337	  0.053445
 -0.015938	 -0.005169	 -0.069260	 -0.038131	  0.013837	 -0.045830	  0.013314	 -0.106492	  0.044550	  0.067509	  0.016755	  0.099723	 -0.000964	  0.060073	  0.042809	  0.181156	  0.155314
 -0.026243	  0.012042	 -0.068217	 -0.028844	  0.028362	 -0.032939	  0.030587	 -0.085065	  0.043193	  0.035364	 -0.026753	  0.014902	 -0.088282	 -0.107321	 -0.214234	 -0.199018	 -0.380251
 -0.059631	  0.012249	 -0.076442	 -0.007207	  0.020880	 -0.038899	  0.038646	 -0.025506	  0.026236	  0.042262	  0.008530	  0.030482	  0.014204	  0.013131	 -0.035813	  0.076883	 -0.056071
 -0.071961	  0.010740	 -0.111401	 -0.006128	  0.018369	 -0.011775	  0.033568	 -0.003986	  0.005500	  0.053777	  0.047239	  0.031758	  0.049131	  0.073178	  0.076150	  0.224226	  0.174577
 -0.048859	  0.023698	 -0.096224	 -0.013582	  0.021003	 -0.014616	  0.039860	 -0.007584	 -0.014594	 -0.005096	  0.021287	 -0.042357	 -0.077704	 -0.107291	 -0.207903	 -0.168575	 -0.334881
 -0.001875	  0.049454	 -0.085772	 -0.016915	  0.025876	 -0.034330	  0.023255	 -0.022808	 -0.025329	 -0.007048	  0.017856	  0.023495	 -0.012195	  0.007224	 -0.081710	 -0.003990	 -0.089954
  0.030533	  0.045444	 -0.080578	 -0.039216	  0.029616	 -0.030998	  0.016059	 -0.035001	 -0.023305	  0.014673	  0.019387	  0.089018	  0.035885	  0.121230	  0.084607	  0.249193	  0.263083
  0.036929	  0.026556	 -0.069045	 -0.044741	  0.003976	 -0.020855	  0.010126	 -0.054948	 -0.017288	 -0.011673	 -0.026077	  0.019374	 -0.125341	 -0.041402	 -0.172617	 -0.112622	 -0.246710
  0.033422	  0.020091	 -0.069561	 -0.029575	  0.017926	 -0.017872	  0.008608	 -0.056757	  0.011760	  0.007152	  0.009922	  0.014378	 -0.080931	  0.022331	 -0.091426	 -0.038303	 -0.124158
  0.027035	  0.032957	 -0.066247	 -0.035393	 -0.000020	 -0.023003	  0.033864	 -0.057080	  0.022647	  0.012033	  0.042289	  0.070840	 -0.001757	  0.173783	  0.150377	  0.259618	  0.345127
  0.010520	  0.024008	 -0.065944	 -0.021369	 -0.006999	 -0.028881	  0.037704	 -0.044892	  0.017488	  0.022456	 -0.001088	  0.002718	 -0.104462	  0.009060	 -0.046647	 -0.058677	 -0.140275
  0.009761	  0.006125	 -0.043097	 -0.016654	  0.020226	 -0.045013	  0.032313	 -0.051421	  0.014512	  0.012947	 -0.012912	 -0.003429	 -0.097240	 -0.001774	 -0.021219	 -0.049403	 -0.162840
 -0.006042	  0.018016	 -0.021736	 -0.015269	  0.018839	 -0.033163	  0.021581	 -0.023738	  0.007025	  0.020695	  0.020677	  0.031789	  0.027241	  0.164233	  0.226219	  0.288257	  0.383220
 -0.012948	  0.015419	 -0.045198	 -0.016134	  0.003230	 -0.038371	  0.020766	 -0.016452	  0.000742	 -0.004808	  0.001952	 -0.050898	 -0.046468	  0.013552	 -0.004626	 -0.002390	 -0.030805
 -0.021090	  0.015875	 -0.050853	 -0.039791	 -0.005112	 -0.070894	  0.011825	 -0.025330	 -0.018200	 -0.007609	  0.000003	 -0.044170	 -0.071790	 -0.022854	 -0.071287	 -0.104969	 -0.244115
  0.002349	  0.022014	 -0.079188	 -0.063814	  0.005418	 -0.071168	 -0.008312	 -0.026270	  0.008332	  0.013629	  0.047128	  0.054141	  0.043704	  0.161651	  0.199381	  0.286219	  0.278833
  0.036220	  0.009701	 -0.105282	 -0.067051	  0.018760	 -0.056567	 -0.017045	 -0.057804	  0.002838	 -0.032126	  0.009738	  0.046509	 -0.032923	  0.035800	  0.029343	  0.049026	  0.001751
  0.065851	 -0.018157	 -0.120599	 -0.063156	  0.035922	 -0.064813	 -0.020911	 -0.095370	 -0.008281	 -0.033824	 -0.026260	  0.024036	 -0.093796	 -0.048952	 -0.118630	 -0.174494	 -0.285037
  0.036563	 -0.030945	 -0.097606	 -0.011995	  0.041368	 -0.077519	 -0.019268	 -0.092471	 -0.007500	 -0.032812	  0.012650	  0.108872	  0.025994	  0.157623	  0.172333	  0.178441	  0.248203
  0.039054	 -0.019241	 -0.071872	  0.019492	  0.047047	 -0.104220	 -0.034878	 -0.077262	 -0.015381	 -0.055527	 -0.009008	  0.086524	 -0.024296	  0.101959	  0.071862	  0.013728	  0.079498
  0.049578	 -0.042042	 -0.098044	  0.032668	  0.003101	 -0.117018	 -0.024397	 -0.077097	  0.002823	 -0.076774	 -0.040509	  0.024001	 -0.112593	 -0.029224	 -0.121079	 -0.245491	 -0.319962
  0.071527	 -0.046721	 -0.075697	  0.050235	 -0.011102	 -0.066815	 -0.026003	 -0.072887	  0.007895	 -0.029572	  0.009829	  0.096778	 -0.042390	  0.163769	  0.118057	  0.134543	  0.192493
  0.075056	 -0.043941	 -0.041838	  0.052097	 -0.015100	 -0.030950	 -0.031691	 -0.096989	 -0.016210	 -0.015180	  0.027644	  0.081831	 -0.079872	  0.106035	  0.072875	  0.069414	  0.135386
  0.068625	 -0.025959	 -0.038410	  0.036016	 -0.011377	 -0.034498	 -0.003093	 -0.117950	 -0.037109	  0.012107	 -0.006270	  0.012571	 -0.200051	 -0.055690	 -0.162560	 -0.255140	 -0.365443
  0.041513	  0.006255	 -0.015403	 -0.000428	  0.000801	 -0.066135	  0.010555	 -0.103111	 -0.023128	  0.057623	 -0.001036	  0.058740	 -0.106246	  0.116939	  0.082606	  0.075300	  0.069867
  0.018237	  0.019733	 -0.021481	 -0.028246	  0.014632	 -0.080570	  0.015358	 -0.086030	  0.001490	  0.079221	  0.029804	  0.039542	 -0.072177	  0.118579	  0.109574	  0.111064	  0.181288
  0.007875	  0.003995	 -0.012758	 -0.053527	  0.043913	 -0.093361	  0.005758	 -0.107435	  0.005067	  0.030118	 -0.019897	 -0.033679	 -0.152088	 -0.060424	 -0.174865	 -0.261764	 -0.347990
 -0.014066	 -0.005570	 -0.026529	 -0.028909	  0.039912	 -0.073365	 -0.016904	 -0.084841	  0.009791	  0.013872	 -0.005764	  0.013871	 -0.042488	  0.083971	  0.034376	  0.025131	 -0.023946
  0.023175	 -0.009234	 -0.053615	 -0.010545	  0.040039	 -0.066383	 -0.025592	 -0.094560	  0.021446	  0.047857	  0.030227	  0.034304	  0.025900	  0.149563	  0.147746	  0.178243	  0.207153
  0.013519	 -0.014298	 -0.056081	 -0.005465	  0.040759	 -0.052621	 -0.019255	 -0.101523	  0.027813	  0.033994	 -0.007683	 -0.027449	 -0.101473	 -0.056553	 -0.116596	 -0.192128	 -0.336245
  0.017097	 -0.021720	 -0.074504	  0.008548	  0.046492	 -0.050547	 -0.012262	 -0.088074	  0.011962	  0.013447	  0.018410	  0.027258	 -0.057265	  0.048949	  0.001031	  0.011846	 -0.109536
  0.002599	 -0.007435	 -0.100863	  0.005906	  0.054904	 -0.071932	 -0.012836	 -0.099327	  0.014474	  0.016885	  0.046536	  0.078991	 -0.002695	  0.171699	  0.183281	  0.250631	  0.223185
  0.014476	 -0.013845	 -0.105401	  0.019375	  0.040241	 -0.099022	 -0.004224	 -0.092877	  0.012254	 -0.023453	  0.010960	  0.021489	 -0.120699	  0.006330	 -0.111230	 -0.106726	 -0.307278
  0.019520	 -0.025107	 -0.094321	  0.002963	  0.044964	 -0.075052	  0.023418	 -0.084541	  0.020980	 -0.020058	 -0.001928	  0.047752	 -0.075958	  0.039292	 -0.057870	  0.000617	 -0.199958
  0.038229	 -0.013399	 -0.103506	 -0.002227	  0.049142	 -0.049662	  0.015996	 -0.075455	  0.031481	  0.008647	  0.052695	  0.080805	  0.034637	  0.147585	  0.125123	  0.255770	  0.186282
  0.016559	  0.016102	 -0.103180	  0.011680	  0.029975	 -0.031540	 -0.025532	 -0.066264	  0.035864	  0.021059	  0.020093	  0.003442	 -0.031210	 -0.013084	 -0.087199	 -0.056058	 -0.193865
  0.031302	  0.014658	 -0.115586	  0.034656	  0.016580	 -0.010189	 -0.031189	 -0.052389	  0.032768	  0.007771	  0.014970	 -0.005024	 -0.027560	  0.011603	 -0.083992	 -0.053713	 -0.191433
  0.038305	  0.000951	 -0.112144	  0.024706	  0.038262	 -0.044498	  0.004173	 -0.058084	  0.033229	  0.016386	  0.072491	  0.054339	  0.070886	  0.136227	  0.097211	  0.178947	  0.161085
  0.026093	 -0.004280	 -0.111649	 -0.007292	  0.037220	 -0.009821	  0.008367	 -0.070727	  0.032405	  0.024650	  0.049604	  0.020099	 -0.005884	  0.006851	 -0.062687	 -0.024294	 -0.082672
  0.035688	 -0.030926	 -0.093752	 -0.021719	  0.062395	 -0.015093	 -0.004507	 -0.080632	  0.036181	  0.025543	  0.026772	 -0.003109	 -0.056130	 -0.006821	 -0.081914	 -0.058465	 -0.132397
 -0.003160	 -0.025352	 -0.064858	 -0.026051	  0.039130	  0.009840	 -0.019471	 -0.060933	  0.024251	  0.052363	  0.038608	  0.062667	  0.027750	  0.112911	  0.109430	  0.113533	  0.124731
 -0.011070	 -0.022884	 -0.073771	 -0.023818	  0.024694	 -0.011760	 -0.024715	 -0.063491	  0.024571	  0.042079	  0.019226	  0.064271	 -0.026807	  0.021601	 -0.000816	 -0.061791	 -0.029809
  0.007584	 -0.014435	 -0.081229	  0.004874	  0.039293	 -0.057567	 -0.034085	 -0.069460	  0.010444	  0.032530	 -0.008353	  0.043779	 -0.067595	  0.010928	 -0.010693	 -0.100252	 -0.061151
  0.017702	 -0.004533	 -0.078815	  0.012848	  0.019623	 -0.084776	 -0.037586	 -0.053466	 -0.005528	  0.034174	 -0.021228	  0.063499	 -0.016631	  0.105302	  0.124655	  0.103164	  0.145228
  0.003445	  0.011443	 -0.065752	  0.014325	  0.012594	 -0.109626	 -0.041362	 -0.070476	  0.008214	  0.044947	 -0.011314	  0.034541	 -0.036426	  0.040826	  0.043598	  0.002300	 -0.033435
  0.005935	  0.008572	 -0.096224	 -0.003683	  0.011853	 -0.093582	 -0.024523	 -0.066807	  0.002191	  0.047813	  0.018145	  0.030674	 -0.060350	  0.005498	  0.010577	 -0.050128	 -0.094562
  0.025190	 -0.020155	 -0.118997	 -0.006151	  0.014034	 -0.084550	 -0.022876	 -0.068388	  0.008310	  0.048007	  0.023228	  0.052978	 -0.056661	  0.054515	  0.103344	  0.071565	  0.074125
  0.053377	 -0.022121	 -0.101520	 -0.004322	 -0.003145	 -0.064391	 -0.044330	 -0.086720	 -0.017650	  0.050530	  0.025587	  0.028660	 -0.050608	  0.006923	  0.047778	 -0.035800	 -0.065135
  0.060296	 -0.043938	 -0.097092	 -0.012470	  0.009471	 -0.060015	 -0.038936	 -0.095896	 -0.024618	  0.040715	  0.026792	  0.009520	 -0.058262	 -0.014253	  0.057714	 -0.013025	 -0.068564
  0.057936	 -0.028304	 -0.104174	 -0.028106	 -0.009806	 -0.067346	  0.001568	 -0.096254	 -0.027238	  0.026093	  0.036587	  0.051664	 -0.037065	  0.031435	  0.114025	  0.100598	  0.069362
  0.056114	 -0.019797	 -0.095540	 -0.023001	 -0.030228	 -0.064590	  0.013210	 -0.081617	 -0.034581	  0.008277	  0.004147	  0.051627	 -0.076253	 -0.003705	  0.065067	  0.028212	 -0.069424
  0.058425	  0.011568	 -0.091790	  0.010637	 -0.008004	 -0.041564	 -0.013859	 -0.037748	 -0.043130	 -0.002057	  0.005502	  0.041711	 -0.079727	  0.007158	  0.075115	  0.029459	 -0.074219
  0.084492	  0.013996	 -0.082079	  0.017676	  0.014718	 -0.036365	 -0.023541	 -0.001005	 -0.040653	 -0.035530	  0.024164	  0.033546	 -0.055236	  0.046295	  0.132129	  0.077399	  0.029567
  0.093670	 -0.016956	 -0.093154	  0.014032	  0.015856	 -0.059588	 -0.000261	  0.002748	 -0.033226	 -0.042525	 -0.004053	  0.032408	 -0.057745	  0.052387	  0.101022	  0.045614	 -0.054445
  0.085512	 -0.016298	 -0.094312	  0.005691	  0.035370	 -0.056863	 -0.001065	 -0.012306	 -0.027032	 -0.006796	 -0.019706	  0.064822	 -0.061137	  0.040122	  0.098789	  0.025381	 -0.031132
  0.074802	 -0.033820	 -0.118075	 -0.029758	  0.039430	 -0.058329	 -0.002800	 -0.029665	 -0.059809	 -0.010277	 -0.018545	  0.077022	 -0.056415	  0.043772	  0.118926	  0.013239	  0.010804
  0.061893	 -0.043092	 -0.080958	 -0.046003	  0.035731	 -0.063134	  0.026138	 -0.035565	 -0.057559	 -0.036781	 -0.019054	  0.063735	 -0.036090	  0.018264	  0.086479	 -0.028604	 -0.022405
  0.061209	 -0.036731	 -0.067068	 -0.044528	  0.023251	 -0.057458	  0.030085	 -0.055409	 -0.019514	 -0.035668	  0.012079	  0.058761	 -0.012748	  0.025108	  0.083645	 -0.030896	 -0.004323
  0.049264	 -0.035293	 -0.092478	 -0.050820	  0.013264	 -0.057643	  0.022660	 -0.022351	 -0.014745	 -0.038756	 -0.006076	  0.031357	  0.001275	  0.035098	  0.079589	 -0.040483	  0.013887
  0.025518	 -0.033067	 -0.095739	 -0.056799	 -0.011266	 -0.038392	  0.039037	  0.016777	  0.001651	 -0.033570	 -0.033034	  0.015922	  0.006224	  0.010497	  0.043464	 -0.070653	 -0.016803
  0.007233	 -0.030191	 -0.116624	 -0.046359	  0.009000	 -0.026062	  0.029381	  0.017808	 -0.004927	 -0.022231	 -0.051833	  0.013224	  0.011700	  0.019952	  0.008919	 -0.054711	 -0.032764
  0.014510	 -0.016754	 -0.146757	 -0.027039	  0.022694	 -0.016984	  0.022721	  0.005368	 -0.012115	  0.003162	 -0.040605	  0.024123	 -0.018396	  0.047298	  0.016512	 -0.006371	 -0.032891
 -0.005622	 -0.012391	 -0.148721	 -0.040220	  0.008148	 -0.030942	  0.029019	  0.010490	  0.025839	  0.021780	 -0.054149	  0.040554	 -0.029601	  0.059601	  0.030353	 -0.024060	 -0.039121
 -0.020689	  0.003946	 -0.136927	 -0.084875	  0.001364	 -0.045072	  0.024288	  0.008843	  0.036385	  0.027489	 -0.089293	  0.057198	 -0.029879	  0.046228	  0.004796	 -0.027883	 -0.065435
 -0.005020	  0.006372	 -0.123681	 -0.116190	  0.017966	 -0.078609	  0.022907	 -0.008503	  0.030352	  0.040906	 -0.087352	  0.063392	 -0.036290	  0.042070	 -0.023159	 -0.024338	 -0.077338
 -0.018034	  0.013431	 -0.114727	 -0.079786	  0.037841	 -0.065358	  0.034263	 -0.013844	  0.044399	  0.061264	 -0.051169	  0.054311	 -0.044703	  0.014427	 -0.008128	 -0.014843	 -0.076711
 -0.040215	 -0.024763	 -0.103643	 -0.061972	  0.021561	 -0.052168	  0.047279	 -0.024372	  0.031061	  0.075117	 -0.061530	  0.065220	 -0.060002	 -0.011685	  0.015856	  0.012045	 -0.087532
 -0.015822	 -0.031319	 -0.105070	 -0.054612	  0.016982	 -0.050203	  0.044865	 -0.024807	  0.018559	  0.064663	 -0.067552	  0.066986	 -0.056552	  0.008870	  0.005216	  0.009067	 -0.090797
 -0.030518	 -0.031336	 -0.109608	 -0.051924	  0.024308	 -0.039234	  0.040102	 -0.038412	  0.018987	  0.036864	 -0.074173	  0.055259	 -0.074475	  0.006711	  0.005347	 -0.012001	 -0.076413
 -0.046909	 -0.035807	 -0.105339	 -0.054938	  0.049813	 -0.053095	  0.051341	 -0.034871	  0.002716	  0.050119	 -0.042514	  0.074257	 -0.039677	  0.040467	  0.000441	 -0.001192	 -0.063433
 -0.023235	 -0.035392	 -0.071181	 -0.088185	  0.058340	 -0.041373	  0.029717	 -0.032775	 -0.027469	  0.043065	 -0.020307	  0.089337	 -0.016892	  0.056058	  0.007708	  0.017025	 -0.043600
 -0.010501	 -0.021469	 -0.059373	 -0.086060	  0.070110	 -0.049698	  0.026396	 -0.037464	 -0.048675	  0.024137	 -0.037098	  0.087805	 -0.033570	  0.035905	  0.015489	 -0.006101	 -0.041165
 -0.029507	  0.010745	 -0.082283	 -0.105594	  0.072008	 -0.033907	  0.024424	 -0.063279	 -0.036917	  0.043738	 -0.072693	  0.049862	 -0.042847	  0.030534	  0.047181	 -0.020903	 -0.052629
 -0.034321	  0.017866	 -0.109859	 -0.114676	  0.071516	 -0.041622	 -0.005588	 -0.087905	 -0.009620	  0.048336	 -0.082495	  0.037661	 -0.025966	  0.027087	  0.069073	 -0.026118	 -0.049034
 -0.014853	  0.025936	 -0.082600	 -0.107698	  0.059761	 -0.051638	 -0.014776	 -0.070228	  0.028509	  0.060268	 -0.050478	  0.034696	 -0.019588	  0.038541	  0.086842	 -0.048571	 -0.048825
 -0.003671	  0.031764	 -0.041321	 -0.081826	  0.031953	 -0.058780	 -0.015805	 -0.074176	  0.038267	  0.062795	 -0.035684	  0.007561	 -0.037543	  0.041980	  0.073200	 -0.024898	 -0.054425
 -0.043451	  0.058996	 -0.062465	 -0.064289	  0.033550	 -0.053822	 -0.028796	 -0.056965	  0.046139	  0.087036	 -0.043745	  0.003639	 -0.007095	  0.055960	  0.053137	 -0.044929	 -0.058225
 -0.046554	  0.089905	 -0.068995	 -0.062042	  0.037911	 -0.045624	 -0.032251	 -0.058071	  0.065863	  0.099085	 -0.057221	  0.029172	 -0.001200	  0.056450	  0.055031	 -0.051128	 -0.054044
 -0.031586	  0.078842	 -0.040459	 -0.036444	  0.019236	 -0.048750	 -0.042000	 -0.051078	  0.068862	  0.074280	 -0.037494	  0.057055	 -0.027451	  0.073850	  0.065362	 -0.035113	 -0.044551
 -0.036806	  0.073912	 -0.036834	 -0.036768	  0.008455	 -0.054350	 -0.018059	 -0.031955	  0.067739	  0.072568	 -0.028632	  0.046340	 -0.060447	  0.061599	  0.101024	 -0.005357	 -0.065580
 -0.040187	  0.058306	 -0.051000	 -0.037914	 -0.004695	 -0.040807	  0.001864	 -0.033671	  0.061760	  0.066992	 -0.045420	  0.053681	 -0.061274	  0.053353	  0.081583	  0.027352	 -0.066758
 -0.030845	  0.054751	 -0.084349	 -0.025131	  0.015067	 -0.048673	 -0.006409	 -0.024075	  0.040426	  0.047467	 -0.079211	  0.065909	 -0.024237	  0.060063	  0.066477	  0.044776	 -0.031506
 -0.039697	  0.049536	 -0.082760	 -0.010967	  0.013470	 -0.048523	 -0.014202	 -0.024368	  0.008038	  0.035465	 -0.064717	  0.066681	  0.009379	  0.064666	  0.081770	  0.057768	 -0.037937
 -0.035580	  0.047243	 -0.072975	 -0.029628	  0.037400	 -0.027078	 -0.004566	 -0.031295	  0.020557	  0.025065	 -0.021854	  0.049740	  0.005862	  0.048462	  0.085131	  0.054516	 -0.038703
 -0.027388	  0.055484	 -0.077476	 -0.034173	  0.043893	 -0.042894	  0.001003	 -0.027273	 -0.001466	  0.014296	 -0.026377	  0.039419	 -0.022745	  0.045011	  0.081897	  0.031215	 -0.031477
 -0.005575	  0.053285	 -0.063412	 -0.014038	  0.025181	 -0.045127	  0.024673	 -0.027733	 -0.014499	  0.010770	 -0.066116	  0.042475	 -0.013632	  0.032907	  0.095431	  0.007678	 -0.036245
 -0.006695	  0.053156	 -0.060694	 -0.017159	  0.031804	 -0.028870	  0.029180	 -0.009390	 -0.008944	  0.011309	 -0.085614	  0.064605	 -0.001410	  0.078672	  0.061914	  0.025017	 -0.046070
 -0.017236	  0.038102	 -0.089796	 -0.016562	  0.046124	 -0.025570	  0.009772	  0.015420	 -0.035504	 -0.011319	 -0.102874	  0.079656	 -0.020416	  0.043011	  0.045009	  0.019454	 -0.051882
  0.004772	  0.037891	 -0.096187	  0.005256	  0.045062	 -0.043395	  0.026168	  0.001146	 -0.052448	 -0.019614	 -0.091383	  0.056384	 -0.013518	  0.040370	  0.026747	  0.029119	 -0.046602
  0.038288	  0.033262	 -0.085840	  0.008625	  0.055024	 -0.060838	  0.035284	  0.013626	 -0.018739	 -0.020119	 -0.100907	  0.026784	 -0.013787	  0.020638	  0.037608	  0.025892	 -0.011310
  0.044688	 -0.008623	 -0.062505	 -0.010867	  0.078400	 -0.074636	  0.042719	  0.002018	  0.023960	 -0.027148	 -0.123573	  0.023985	 -0.008427	  0.003726	  0.054615	  0.038674	 -0.022496
  0.024898	  0.001487	 -0.064713	 -0.013596	  0.067254	 -0.087525	  0.030633	  0.005548	  0.020554	  0.011276	 -0.117218	  0.016811	  0.017482	  0.011669	  0.046398	  0.062064	 -0.049810
  0.012482	  0.004973	 -0.067891	 -0.015985	  0.057691	 -0.091867	  0.048348	  0.001565	  0.003901	  0.038469	 -0.116529	  0.039240	  0.010624	  0.026325	  0.055916	  0.079084	 -0.060538
  0.021376	 -0.003048	 -0.051699	 -0.008305	  0.073359	 -0.119663	  0.074639	 -0.003317	  0.006355	  0.023717	 -0.102025	  0.079901	  0.002998	  0.017241	  0.048778	  0.069625	 -0.047072
  0.033702	  0.005774	 -0.078772	 -0.007280	  0.087817	 -0.134914	  0.099372	 -0.002347	 -0.009315	  0.014505	 -0.062177	  0.095193	 -0.011035	 -0.000869	  0.076749	  0.038055	 -0.065939
  0.033359	  0.009575	 -0.062097	 -0.032237	  0.107377	 -0.143064	  0.095585	 -0.007296	  0.000053	  0.021026	 -0.036758	  0.075868	 -0.039297	  0.030254	  0.075086	  0.019937	 -0.041029
  0.000754	 -0.001856	 -0.021487	 -0.047915	  0.111006	 -0.145040	  0.084457	 -0.003901	  0.002485	  0.024381	 -0.017290	  0.065994	 -0.046902	  0.055921	  0.104051	  0.008793	 -0.003135
 -0.022674	  0.001413	 -0.013132	 -0.033663	  0.094806	 -0.122545	  0.081350	 -0.028624	 -0.019501	  0.014506	 -0.009679	  0.043860	 -0.051663	  0.054783	  0.103276	 -0.025210	  0.011732
 -0.036636	 -0.010851	 -0.033984	 -0.012604	  0.057037	 -0.119908	  0.098485	 -0.041227	  0.007456	  0.018946	 -0.038910	  0.024257	 -0.043797	  0.044430	  0.096991	 -0.068661	  0.039953
 -0.028195	 -0.001087	 -0.042561	 -0.009236	  0.038149	 -0.107016	  0.092878	 -0.034269	  0.019102	  0.028573	 -0.052640	  0.016975	 -0.050394	  0.072929	  0.086397	 -0.062616	  0.025467
 -0.019325	  0.013112	 -0.042818	 -0.019804	  0.037642	 -0.064582	  0.087822	 -0.057253	 -0.010273	  0.044646	 -0.058855	  0.029641	 -0.038563	  0.097774	  0.094174	 -0.025272	  0.038857
 -0.058757	  0.015532	 -0.036586	 -0.038655	  0.025527	 -0.058044	  0.072442	 -0.053518	 -0.023989	  0.072722	 -0.029159	  0.037547	 -0.041668	  0.097079	  0.109647	 -0.022238	  0.045246
 -0.049482	  0.013657	 -0.063432	 -0.034396	  0.013297	 -0.054422	  0.075568	 -0.082843	 -0.017988	  0.081920	 -0.017478	  0.048399	 -0.067210	  0.060438	  0.105068	 -0.042276	  0.062481
 -0.009631	  0.008949	 -0.065491	 -0.028048	  0.012937	 -0.045569	  0.084651	 -0.086147	 -0.032173	  0.048733	 -0.025633	  0.055914	 -0.038819	  0.047825	  0.083178	 -0.040222	  0.064858
 -0.004051	  0.003184	 -0.056168	 -0.035814	  0.020810	 -0.057053	  0.077253	 -0.038802	 -0.020341	  0.027868	 -0.053441	  0.027538	 -0.024947	  0.037017	  0.068751	 -0.024426	  0.073418
 -0.004361	 -0.007191	 -0.061889	 -0.062125	  0.000076	 -0.068698	  0.064309	 -0.014590	 -0.008688	  0.019364	 -0.049578	  0.028668	 -0.004046	  0.026541	  0.035893	 -0.010078	  0.048905
 -0.006111	 -0.006466	 -0.071447	 -0.099361	 -0.022235	 -0.043333	  0.030333	  0.005460	  0.002900	  0.039458	 -0.062987	  0.045113	 -0.010425	  0.033220	  0.031164	 -0.035892	  0.062850
  0.010643	 -0.001170	 -0.085674	 -0.098339	 -0.033211	 -0.050830	  0.034509	  0.004966	  0.009874	  0.027047	 -0.071685	  0.066845	 -0.014822	  0.031079	  0.008614	 -0.028148	  0.046272
  0.014999	  0.018556	 -0.092735	 -0.104544	 -0.034862	 -0.067402	  0.020682	  0.007263	  0.023177	  0.020526	 -0.047500	  0.041909	 -0.010491	  0.039173	  0.020752	 -0.008547	  0.032573
 -0.003119	  0.048470	 -0.099534	 -0.098578	 -0.035148	 -0.038953	  0.012733	  0.014186	 -0.004841	  0.050388	 -0.030617	  0.027633	  0.019818	  0.067371	  0.033949	 -0.012189	  0.016645
  0.002232	  0.057616	 -0.110794	 -0.092380	 -0.009153	 -0.013996	 -0.000247	  0.016734	  0.011735	  0.072318	 -0.033077	  0.042216	  0.024002	  0.054995	  0.030039	 -0.034896	 -0.002844
  0.017404	  0.067175	 -0.106392	 -0.097566	  0.016174	 -0.009418	 -0.008815	  0.030971	  0.027539	  0.065866	 -0.070343	  0.028470	  0.007229	  0.052650	  0.031879	 -0.013154	  0.013035
  0.022866	  0.078960	 -0.116923	 -0.081901	 -0.020290	 -0.040996	 -0.005587	  0.012970	  0.035975	  0.074144	 -0.080430	  0.020501	  0.020047	  0.063950	  0.023567	  0.010646	  0.001339
  0.006263	  0.048453	 -0.130132	 -0.091284	 -0.020649	 -0.047330	  0.021557	 -0.000001	  0.056859	  0.068427	 -0.095858	  0.012492	  0.026910	  0.039636	  0.012082	  0.016673	 -0.000047
  0.029497	  0.043990	 -0.130661	 -0.094609	 -0.016379	 -0.035647	  0.040106	 -0.012821	  0.044898	  0.071615	 -0.100804	  0.001387	  0.031969	  0.038318	 -0.028718	  0.002928	 -0.005620
  0.047181	  0.051481	 -0.099254	 -0.095409	  0.004696	 -0.038868	  0.018262	 -0.010304	  0.027534	  0.071390	 -0.098330	 -0.001309	  0.039421	  0.014068	 -0.040298	  0.010528	  0.006881
  0.057377	  0.064228	 -0.077055	 -0.108414	  0.037488	 -0.070380	  0.017203	 -0.008283	 -0.009549	  0.054997	 -0.113876	  0.002560	  0.015471	  0.001321	 -0.002994	  0.018766	 -0.008016
  0.029863	  0.063341	 -0.088904	 -0.107325	  0.034014	 -0.075734	  0.014649	 -0.021755	 -0.015892	  0.051569	 -0.103511	  0.005196	 -0.006425	  0.018675	 -0.007744	  0.008894	 -0.020688
  0.026192	  0.053077	 -0.086793	 -0.052038	  0.037437	 -0.054154	  0.034457	 -0.014324	 -0.003155	  0.065119	 -0.078412	  0.017181	 -0.006545	  0.022616	 -0.000583	  0.022862	  0.000634
  0.038386	  0.024276	 -0.077092	 -0.058234	  0.029691	 -0.045112	  0.065346	  0.001875	  0.022846	  0.064848	 -0.042338	 -0.001115	 -0.017389	  0.048066	  0.004027	  0.027477	  0.014023
  0.048841	  0.007103	 -0.073108	 -0.066016	  0.027760	 -0.059999	  0.064142	  0.005765	  0.016888	  0.061461	 -0.027686	 -0.004112	 -0.020030	  0.085076	  0.012402	  0.046831	  0.000274
  0.036865	  0.006472	 -0.075324	 -0.077613	  0.031304	 -0.081857	  0.055180	 -0.004141	  0.032371	  0.055966	 -0.032317	  0.004256	 -0.026318	  0.084540	  0.011158	  0.047598	 -0.025056
  0.025833	  0.018312	 -0.079286	 -0.097318	  0.044162	 -0.070553	  0.050382	 -0.007456	  0.048075	  0.072492	 -0.017377	  0.010213	 -0.007499	  0.072217	  0.021300	  0.032825	 -0.036739
  0.009524	  0.049227	 -0.070715	 -0.069131	  0.053140	 -0.032024	  0.090076	  0.027625	  0.037422	  0.099873	 -0.014295	 -0.009217	 -0.001482	  0.088332	  0.013330	  0.003804	 -0.030946
  0.017904	  0.041181	 -0.080281	 -0.054252	  0.032903	 -0.009846	  0.108991	  0.051472	  0.018844	  0.064977	 -0.032002	  0.006470	 -0.015673	  0.119770	  0.022685	  0.016336	 -0.039907
  0.040028	  0.026138	 -0.078862	 -0.056954	  0.029069	 -0.008243	  0.095574	  0.044014	  0.030310	  0.049123	 -0.048680	  0.043745	 -0.030450	  0.103340	  0.012161	 -0.000776	 -0.036068
  0.045191	  0.012075	 -0.080557	 -0.048646	  0.032200	 -0.011882	  0.077480	  0.043514	  0.023421	  0.054774	 -0.069716	  0.037335	 -0.029519	  0.112208	  0.010751	  0.012728	 -0.044332
  0.022611	 -0.007265	 -0.094046	 -0.016270	  0.010631	 -0.018527	  0.075916	  0.043834	  0.020468	  0.025650	 -0.072407	  0.027520	 -0.019010	  0.130395	  0.037112	  0.023219	 -0.053830
  0.004035	  0.020290	 -0.091214	 -0.022415	  0.012584	 -0.039482	  0.085947	  0.041828	  0.013845	  0.022750	 -0.060910	  0.016263	 -0.004936	  0.133326	  0.062502	  0.036914	 -0.021887
 -0.008894	  0.035890	 -0.067477	 -0.022619	  0.032242	 -0.048081	  0.067955	  0.011918	  0.006369	  0.006915	 -0.076105	 -0.012043	  0.012239	  0.116708	  0.085004	  0.042803	  0.020410
