:RUN-2	LEVEL SWEEP	TEMP:NaN	2/20/2024	4:59 PM	HR:NaN:SW EAR: L	SW FREQ: 8.00	# AVERAGES: 512	REP RATE (/sec): 39	DRIVER: 	SAMPLE (µsec): 40	MASKER dB: 0:Threshold: 30.5:NOTES-:CHAMBER-Bach:Avgs: 512;512;512;512;512;161
:Tries: 602;614;596;593;600;190
:Log: :Vary signal level: TRUE :Control: NaN:CFTS Version: V2.37.2 (R3379):LEVELS:30;35;40;45;50;55;:DATA  0.014859	 -0.000307	  0.012349	 -0.057220	  0.011712	  0.060623
  0.000351	 -0.021001	 -0.020245	 -0.054685	  0.010267	 -0.012972
 -0.022805	 -0.033605	 -0.040945	 -0.044117	  0.021269	 -0.023532
 -0.039342	 -0.017209	 -0.034744	 -0.037815	  0.040913	 -0.047671
 -0.025357	  0.017050	 -0.007645	 -0.025696	  0.058008	  0.010093
 -0.020292	  0.007166	  0.004564	 -0.020725	  0.044664	  0.054711
 -0.008693	 -0.001080	  0.005683	 -0.020395	  0.055816	  0.035977
 -0.008684	  0.015026	  0.001498	 -0.006820	  0.065191	  0.038372
  0.008627	  0.008976	 -0.044665	 -0.016468	  0.046364	  0.005141
  0.014436	  0.028630	 -0.040930	 -0.014327	  0.060505	 -0.021884
  0.033589	  0.025634	 -0.036759	  0.002201	  0.042186	  0.005854
  0.047685	  0.010202	 -0.025582	  0.005046	  0.006635	 -0.005899
  0.048148	 -0.007706	  0.001464	  0.033098	 -0.005037	  0.013627
  0.031685	  0.000812	  0.038355	  0.041592	 -0.005103	  0.020996
  0.008943	 -0.000016	  0.064044	  0.050060	 -0.004918	  0.000262
  0.001972	 -0.002520	  0.053690	  0.062190	 -0.037287	 -0.009410
 -0.019059	 -0.022023	  0.014308	  0.033043	 -0.064721	 -0.028577
 -0.031212	 -0.002693	  0.015777	  0.032635	 -0.093039	 -0.050885
 -0.019174	 -0.006040	  0.017049	  0.020912	 -0.131641	 -0.042559
 -0.015673	  0.000704	  0.022733	  0.017493	 -0.121785	 -0.002267
 -0.032319	  0.001361	  0.038074	  0.025562	 -0.101207	 -0.025706
 -0.044586	 -0.009428	  0.040392	  0.009236	 -0.098772	 -0.084343
 -0.059823	 -0.005316	  0.045851	 -0.002085	 -0.093254	 -0.134770
 -0.077879	 -0.003210	  0.028877	 -0.011321	 -0.088423	 -0.108868
 -0.055249	 -0.010226	  0.010843	  0.000587	 -0.090627	 -0.155111
 -0.043861	 -0.027343	  0.007256	  0.017200	 -0.075224	 -0.171740
 -0.014806	 -0.022677	  0.003605	  0.000446	 -0.087311	 -0.183953
 -0.016127	 -0.025666	  0.000479	  0.008096	 -0.065808	 -0.162371
 -0.013370	 -0.033104	  0.013438	  0.012338	 -0.035982	 -0.127505
 -0.024488	 -0.028806	  0.029514	 -0.002343	 -0.063090	 -0.080639
 -0.013834	 -0.027388	 -0.003569	  0.023711	 -0.064380	 -0.088319
  0.000844	 -0.023515	 -0.033745	  0.017601	 -0.036476	 -0.094049
  0.003475	 -0.026273	 -0.048860	  0.006379	 -0.029201	 -0.083721
 -0.007627	 -0.032612	 -0.040875	  0.029938	 -0.046295	 -0.057482
 -0.005402	 -0.045594	 -0.014905	  0.061305	 -0.059884	 -0.009474
 -0.022209	 -0.045872	 -0.001564	  0.081276	 -0.066859	 -0.055476
 -0.031612	 -0.034992	  0.011404	  0.074494	 -0.090877	 -0.064353
 -0.045960	 -0.034505	  0.026141	  0.037845	 -0.112173	 -0.093705
 -0.041462	 -0.027191	  0.005856	  0.017576	 -0.134820	 -0.108721
 -0.057430	 -0.006635	 -0.012781	 -0.014757	 -0.123766	 -0.116713
 -0.086331	  0.020740	 -0.021106	 -0.035930	 -0.122437	 -0.107960
 -0.076407	  0.000612	 -0.029443	 -0.061792	 -0.148257	 -0.082371
 -0.058398	 -0.010781	 -0.046605	 -0.080619	 -0.132899	 -0.067757
 -0.065809	  0.006293	 -0.039153	 -0.068764	 -0.121879	 -0.078179
 -0.054312	 -0.011674	  0.000850	 -0.083826	 -0.113740	 -0.076902
 -0.063169	 -0.029785	  0.023415	 -0.096133	 -0.112312	 -0.077110
 -0.047491	 -0.006133	  0.017731	 -0.086058	 -0.112604	 -0.044628
 -0.036000	 -0.017399	  0.017052	 -0.031069	 -0.103036	 -0.047772
 -0.045210	 -0.015910	 -0.001041	 -0.021650	 -0.060729	 -0.116612
 -0.060501	 -0.039606	  0.003733	 -0.018948	 -0.036099	 -0.074718
 -0.065036	 -0.054349	 -0.002664	 -0.015441	 -0.031930	 -0.053431
 -0.055203	 -0.063952	  0.008001	 -0.009066	 -0.014473	 -0.024365
 -0.054010	 -0.061384	  0.014728	 -0.009983	 -0.019284	 -0.056843
 -0.048413	 -0.043539	  0.026325	  0.005701	 -0.011106	 -0.144571
 -0.038172	 -0.038994	  0.048461	  0.012602	 -0.017596	 -0.176961
 -0.018809	  0.007673	  0.063326	 -0.005434	 -0.078831	 -0.237198
 -0.006574	  0.019576	  0.060791	 -0.023473	 -0.159066	 -0.304237
  0.005022	  0.002484	  0.041575	 -0.079160	 -0.229211	 -0.348271
  0.013608	 -0.026384	  0.011400	 -0.141390	 -0.264969	 -0.364309
  0.002706	 -0.042266	 -0.015894	 -0.180550	 -0.289761	 -0.434927
 -0.018102	 -0.030704	 -0.022538	 -0.225069	 -0.329773	 -0.477454
  0.006143	 -0.046228	 -0.034263	 -0.273936	 -0.314528	 -0.413626
 -0.006665	 -0.087832	 -0.074928	 -0.251214	 -0.288086	 -0.314134
 -0.030375	 -0.088724	 -0.088072	 -0.234868	 -0.261958	 -0.257565
 -0.042926	 -0.086552	 -0.096333	 -0.229452	 -0.167263	 -0.184121
 -0.054020	 -0.094676	 -0.085217	 -0.177079	 -0.068124	 -0.107179
 -0.077691	 -0.103320	 -0.069419	 -0.084933	  0.005802	 -0.017699
 -0.094440	 -0.087497	 -0.041750	 -0.037013	  0.057277	  0.075322
 -0.065187	 -0.070395	  0.003870	  0.002750	  0.093147	  0.144288
 -0.049862	 -0.064948	  0.058198	  0.041535	  0.084032	  0.168948
 -0.041146	 -0.058073	  0.092216	  0.067661	  0.058776	  0.107773
 -0.080764	 -0.028567	  0.095576	  0.091617	  0.041046	  0.030207
 -0.107430	  0.016784	  0.099931	  0.096827	  0.017858	  0.000846
 -0.094051	  0.023565	  0.116569	  0.084803	 -0.006449	 -0.032970
 -0.091131	  0.053244	  0.115961	  0.072393	 -0.059933	 -0.066698
 -0.094247	  0.065889	  0.122772	  0.050932	 -0.109882	 -0.069062
 -0.065890	  0.058959	  0.114509	  0.016273	 -0.146343	 -0.051202
 -0.035368	  0.054447	  0.072729	 -0.000515	 -0.154357	 -0.044263
 -0.024587	  0.033003	  0.045274	 -0.028306	 -0.121667	  0.037428
 -0.046436	  0.002854	  0.031021	 -0.063164	 -0.087275	  0.056368
 -0.038219	 -0.000918	  0.045668	 -0.047373	 -0.086003	  0.103464
 -0.036728	 -0.023702	  0.051159	 -0.035360	 -0.015328	  0.094973
 -0.038529	 -0.031684	  0.033991	 -0.021712	  0.080998	  0.126929
 -0.029690	 -0.027921	  0.044408	  0.034516	  0.112642	  0.183767
 -0.033530	 -0.046305	  0.086857	  0.088818	  0.124764	  0.218294
 -0.068321	 -0.041586	  0.124347	  0.135769	  0.149132	  0.212789
 -0.064844	 -0.024902	  0.152312	  0.173322	  0.178423	  0.190206
 -0.044017	  0.006814	  0.192505	  0.200792	  0.179441	  0.214434
 -0.019984	  0.043422	  0.229320	  0.196311	  0.168251	  0.230500
  0.010090	  0.069416	  0.237972	  0.185521	  0.149033	  0.214218
  0.010878	  0.096107	  0.230462	  0.176684	  0.097329	  0.167457
  0.037733	  0.155880	  0.209899	  0.147846	  0.055816	  0.141644
  0.053093	  0.157196	  0.237228	  0.097629	  0.049871	  0.111039
  0.053580	  0.124860	  0.249371	  0.068172	  0.032451	  0.072915
  0.052971	  0.085932	  0.249130	  0.035812	  0.031460	  0.001539
  0.080904	  0.089584	  0.229321	  0.036822	  0.000879	 -0.008116
  0.075925	  0.100086	  0.180546	  0.030003	 -0.025934	 -0.032125
  0.070778	  0.089201	  0.162635	  0.020751	 -0.049265	 -0.053772
  0.053663	  0.090946	  0.133414	  0.040221	 -0.051703	 -0.057244
  0.037191	  0.106994	  0.133520	  0.032043	 -0.062786	 -0.015791
  0.019405	  0.097919	  0.118914	  0.006275	 -0.074361	 -0.049349
  0.016804	  0.079761	  0.133430	  0.019556	 -0.081728	 -0.069459
  0.024397	  0.063037	  0.128796	  0.022854	 -0.082835	 -0.090309
  0.039654	  0.054437	  0.136870	  0.045875	 -0.067349	 -0.114695
  0.051099	  0.083404	  0.138295	  0.059222	 -0.038545	 -0.098962
  0.032717	  0.053022	  0.141416	  0.045743	 -0.019989	 -0.055562
  0.020619	  0.051180	  0.128027	  0.035854	  0.000706	  0.006628
  0.020368	  0.059687	  0.086109	  0.031017	  0.034786	  0.048469
  0.024352	  0.035919	  0.087781	  0.028269	  0.056419	  0.048422
  0.016164	  0.033184	  0.073317	  0.052287	  0.091415	  0.064040
 -0.002852	  0.057529	  0.091444	  0.093500	  0.125037	  0.104542
  0.013372	  0.074681	  0.103572	  0.104370	  0.141290	  0.160492
  0.008910	  0.059893	  0.149032	  0.116112	  0.165412	  0.179296
 -0.014071	  0.077574	  0.163662	  0.139154	  0.166962	  0.202164
 -0.004870	  0.064885	  0.175081	  0.140065	  0.153692	  0.198242
 -0.007776	  0.070129	  0.195203	  0.119529	  0.154286	  0.216447
  0.004247	  0.091859	  0.218691	  0.127614	  0.164106	  0.217892
  0.004654	  0.120013	  0.240722	  0.129859	  0.139793	  0.198203
  0.009300	  0.134434	  0.210885	  0.103667	  0.082473	  0.235225
 -0.003463	  0.120035	  0.188344	  0.112968	  0.062810	  0.153640
 -0.007152	  0.104258	  0.177395	  0.117898	  0.031346	  0.093285
  0.009405	  0.098428	  0.181581	  0.095829	  0.008484	  0.004319
  0.020402	  0.099598	  0.181827	  0.078226	  0.010215	 -0.046984
  0.031715	  0.106858	  0.173084	  0.053346	  0.022265	 -0.054531
  0.031561	  0.100072	  0.178318	  0.054576	  0.026924	 -0.009369
  0.032292	  0.113858	  0.160088	  0.039809	  0.001898	 -0.049232
  0.057364	  0.122940	  0.145999	  0.017917	 -0.024472	 -0.052912
  0.065980	  0.122703	  0.141910	  0.026570	 -0.064173	 -0.010258
  0.069962	  0.101317	  0.139445	  0.011585	 -0.061552	 -0.063257
  0.100410	  0.065441	  0.126382	 -0.009526	 -0.055060	 -0.138934
  0.105778	  0.065626	  0.101512	 -0.022224	 -0.058411	 -0.190095
  0.097732	  0.031935	  0.092263	 -0.021671	 -0.063916	 -0.149158
  0.110613	  0.042373	  0.080337	 -0.023234	 -0.058924	 -0.130566
  0.094561	  0.038937	  0.082881	 -0.041939	 -0.049219	 -0.106766
  0.103638	  0.014467	  0.073986	 -0.071375	 -0.077154	 -0.092894
  0.093979	  0.017556	  0.061061	 -0.082374	 -0.092551	 -0.089564
  0.103476	  0.000317	  0.065320	 -0.068017	 -0.090811	 -0.071167
  0.096527	 -0.015782	  0.079208	 -0.069082	 -0.086341	 -0.018711
  0.114568	 -0.030613	  0.074495	 -0.073976	 -0.061267	 -0.024263
  0.109286	 -0.017115	  0.061618	 -0.050695	 -0.046747	 -0.030658
  0.087648	  0.007371	  0.065329	 -0.057663	 -0.035490	 -0.023706
  0.091495	  0.032334	  0.069773	 -0.038130	 -0.026864	 -0.003712
  0.081464	  0.052533	  0.104767	 -0.018811	 -0.016159	  0.025758
  0.102092	  0.035781	  0.123703	 -0.038779	 -0.006317	  0.045992
  0.062996	 -0.002867	  0.126526	 -0.052473	 -0.020567	  0.041272
  0.054855	  0.005650	  0.132170	 -0.053066	 -0.023704	  0.066404
  0.064265	  0.044260	  0.133578	 -0.038327	  0.013828	  0.113201
  0.041827	  0.038111	  0.151834	 -0.016270	  0.019142	  0.093606
  0.026585	  0.035788	  0.148035	  0.022798	 -0.002492	  0.092482
  0.042251	  0.004820	  0.107003	  0.067845	  0.009256	  0.102927
  0.064197	  0.006493	  0.111290	  0.082672	  0.023740	  0.153753
  0.052927	  0.017109	  0.155974	  0.085134	  0.025580	  0.159141
  0.056426	  0.037548	  0.159656	  0.055436	  0.021642	  0.146629
  0.072628	  0.063680	  0.123085	  0.063045	  0.025159	  0.137083
  0.079205	  0.064587	  0.123353	  0.083881	  0.022958	  0.142687
  0.112995	  0.047851	  0.126911	  0.069796	  0.031333	  0.167174
  0.104573	  0.026311	  0.133224	  0.075146	  0.029702	  0.129209
  0.086939	  0.020913	  0.121518	  0.063731	  0.067152	  0.093139
  0.089094	  0.022524	  0.121060	  0.039473	  0.096910	  0.142225
  0.082170	  0.030957	  0.113082	  0.030904	  0.087761	  0.138906
  0.071556	  0.044527	  0.122835	  0.013304	  0.093285	  0.145540
  0.070901	  0.061883	  0.110575	  0.024327	  0.091004	  0.150074
  0.067092	  0.043081	  0.115764	  0.009380	  0.083050	  0.140504
  0.064056	  0.048835	  0.114599	 -0.005769	  0.073866	  0.146286
  0.100378	  0.053536	  0.110130	  0.041795	  0.074850	  0.150023
  0.098271	  0.051562	  0.127527	  0.062808	  0.094814	  0.100777
  0.075305	  0.034465	  0.128072	  0.073991	  0.123038	  0.096190
  0.069502	  0.051510	  0.131558	  0.085545	  0.142206	  0.128191
  0.087058	  0.045690	  0.153618	  0.087193	  0.130117	  0.130287
  0.120178	  0.048519	  0.139069	  0.097613	  0.128272	  0.085610
  0.114054	  0.043905	  0.155542	  0.106522	  0.105928	  0.022058
  0.073952	  0.075087	  0.181632	  0.098585	  0.107679	  0.019134
  0.053963	  0.078450	  0.158822	  0.103694	  0.142735	 -0.008806
  0.072928	  0.083035	  0.149052	  0.104269	  0.168583	  0.002638
  0.083265	  0.105636	  0.141935	  0.122282	  0.174611	  0.024250
  0.101957	  0.078234	  0.179405	  0.150527	  0.164093	  0.067832
  0.097589	  0.091726	  0.195280	  0.147806	  0.155155	  0.087001
  0.071525	  0.097030	  0.207832	  0.159969	  0.155862	  0.112946
  0.071594	  0.111911	  0.216630	  0.157778	  0.164584	  0.094607
  0.098428	  0.118055	  0.210562	  0.138394	  0.138440	  0.051123
  0.127588	  0.148467	  0.205183	  0.121784	  0.136782	  0.043028
  0.146613	  0.175079	  0.239286	  0.129151	  0.109400	  0.020171
  0.124282	  0.165540	  0.213939	  0.122109	  0.083777	  0.017280
  0.123510	  0.152833	  0.199600	  0.123188	  0.076694	  0.006679
  0.147798	  0.163877	  0.236133	  0.118525	  0.078050	  0.021797
  0.152075	  0.191442	  0.275897	  0.130024	  0.093544	  0.056852
  0.164570	  0.202432	  0.279295	  0.144979	  0.092238	  0.101674
  0.147672	  0.187761	  0.284845	  0.163721	  0.074010	  0.164718
  0.150228	  0.137157	  0.295050	  0.155012	  0.066958	  0.180781
  0.165034	  0.127624	  0.274272	  0.159491	  0.073537	  0.193390
  0.158758	  0.116702	  0.265472	  0.173994	  0.081857	  0.180548
  0.149056	  0.115244	  0.264909	  0.151253	  0.082137	  0.167075
  0.134917	  0.121702	  0.249467	  0.183376	  0.106273	  0.156515
  0.112955	  0.117387	  0.235364	  0.201199	  0.114146	  0.164538
  0.128135	  0.113463	  0.232753	  0.189654	  0.113171	  0.153523
  0.129920	  0.111787	  0.227540	  0.172245	  0.109645	  0.157314
  0.118396	  0.103256	  0.189070	  0.148590	  0.101682	  0.168301
  0.116066	  0.076610	  0.193047	  0.158352	  0.088543	  0.110177
  0.123786	  0.072698	  0.202030	  0.158990	  0.086315	  0.117701
  0.100333	  0.054312	  0.192501	  0.156330	  0.070234	  0.129259
  0.088971	  0.055327	  0.190750	  0.151538	  0.049617	  0.140151
  0.113208	  0.082305	  0.196204	  0.146879	  0.026566	  0.125698
  0.113385	  0.066760	  0.204205	  0.144110	  0.007246	  0.138203
  0.111412	  0.087524	  0.172586	  0.125375	  0.000570	  0.147314
  0.103730	  0.083583	  0.169470	  0.111062	 -0.024263	  0.120991
  0.106178	  0.097320	  0.172323	  0.136597	 -0.019172	  0.128952
  0.120873	  0.114777	  0.160830	  0.160612	 -0.011100	  0.147945
  0.115386	  0.115756	  0.158009	  0.161685	 -0.007988	  0.161474
  0.105314	  0.130449	  0.164134	  0.170698	 -0.001668	  0.168568
  0.091759	  0.136364	  0.187181	  0.141158	  0.025487	  0.158386
  0.080343	  0.134920	  0.197887	  0.113039	  0.022964	  0.179353
  0.105475	  0.108814	  0.230432	  0.107781	  0.062275	  0.209683
  0.109726	  0.091120	  0.251459	  0.110018	  0.062888	  0.215108
  0.004454	  0.012328	 -0.021637	 -0.042050	  0.052209	  0.070860
 -0.016764	  0.008853	 -0.027875	 -0.032572	  0.051155	  0.062356
 -0.022055	  0.012466	 -0.032015	 -0.004642	  0.043503	  0.011910
  0.002813	  0.028876	 -0.047279	  0.009408	  0.018913	  0.020559
  0.017286	  0.017042	 -0.028206	 -0.004839	  0.034330	 -0.026526
  0.028951	  0.019894	 -0.030226	 -0.010493	  0.034543	 -0.001858
  0.029846	  0.008124	 -0.024831	 -0.025311	  0.023640	  0.009351
  0.041946	 -0.000050	 -0.013464	 -0.045047	  0.002122	 -0.019402
  0.006794	  0.004328	  0.004022	 -0.030923	  0.003037	 -0.033962
 -0.003359	 -0.011420	  0.006370	 -0.033600	  0.001039	 -0.042345
  0.001171	 -0.009512	 -0.000665	 -0.021213	 -0.008592	 -0.042591
  0.009305	 -0.008391	 -0.010671	 -0.003805	 -0.014645	 -0.006799
  0.027167	 -0.012149	  0.006763	  0.023026	 -0.031490	  0.003552
 -0.001156	 -0.012680	  0.025911	  0.041587	 -0.042263	  0.041210
 -0.007642	 -0.028480	  0.039733	  0.071825	 -0.036913	 -0.003708
 -0.012462	 -0.000976	  0.037391	  0.070309	 -0.025263	 -0.035619
 -0.029943	 -0.003438	  0.036343	  0.036510	 -0.024791	 -0.022312
 -0.018079	 -0.005673	  0.029566	  0.025227	 -0.021263	  0.002743
 -0.020110	 -0.011857	  0.022040	 -0.010778	 -0.036189	  0.001712
 -0.038164	 -0.007286	  0.028730	 -0.012620	 -0.023082	  0.010870
 -0.019126	 -0.023967	  0.043291	 -0.024166	 -0.002528	  0.020027
 -0.023532	 -0.019511	  0.039743	 -0.045559	  0.016156	 -0.003422
 -0.028355	 -0.014925	  0.022278	 -0.050088	  0.018490	 -0.004913
 -0.040311	 -0.032706	  0.063939	 -0.057038	  0.018923	  0.049597
 -0.050085	 -0.037753	  0.076701	 -0.042315	  0.036759	  0.051995
 -0.055587	 -0.038907	  0.049766	 -0.039433	  0.046804	  0.021121
 -0.056779	 -0.031004	  0.027420	 -0.012143	  0.046701	  0.044065
 -0.054209	 -0.005998	  0.051044	 -0.007582	  0.051423	  0.046450
 -0.045438	 -0.012646	  0.069692	 -0.010462	  0.050783	 -0.013260
 -0.034744	 -0.011471	  0.036101	 -0.012628	  0.030948	  0.032025
 -0.044199	 -0.004575	  0.020043	  0.001244	  0.042509	  0.048551
 -0.026230	  0.004940	  0.022667	  0.015159	  0.030011	 -0.020935
 -0.011013	 -0.002861	  0.041267	  0.030648	  0.011642	 -0.090216
 -0.010472	 -0.007096	  0.038926	  0.058822	 -0.022548	 -0.130709
 -0.001137	 -0.030923	  0.047817	  0.068280	 -0.052065	 -0.123790
  0.002472	 -0.052501	  0.041002	  0.052535	 -0.048402	 -0.131742
 -0.001063	 -0.032286	  0.032769	  0.052763	 -0.043354	 -0.125654
 -0.019318	 -0.026872	  0.045095	  0.088348	 -0.032184	 -0.114263
 -0.027297	 -0.033896	  0.064314	  0.057449	 -0.010951	 -0.072116
 -0.011115	 -0.026875	  0.062807	  0.047821	  0.010428	 -0.041515
  0.012240	  0.015769	  0.037170	  0.045028	  0.013986	 -0.050210
  0.025087	  0.023822	  0.034582	  0.048314	  0.056669	 -0.096960
  0.017937	  0.022382	  0.062156	  0.041770	  0.099453	 -0.074133
 -0.012684	  0.033010	  0.063277	  0.007707	  0.116405	 -0.073171
 -0.015975	  0.019911	  0.043059	  0.015836	  0.097028	 -0.018578
 -0.018745	  0.011199	  0.046783	  0.020217	  0.082903	  0.013531
 -0.005830	  0.001559	  0.036283	 -0.001057	  0.056467	  0.012732
 -0.015145	 -0.014239	  0.038051	 -0.001177	  0.036836	  0.049655
 -0.025557	 -0.016586	  0.061976	  0.019312	  0.037990	  0.081128
 -0.076585	  0.027990	  0.027624	  0.024991	  0.016854	  0.056043
 -0.080865	  0.063374	  0.020024	  0.041503	  0.007382	 -0.009223
 -0.070019	  0.039466	  0.030024	  0.016839	  0.022205	  0.017875
 -0.082624	  0.023697	  0.032613	  0.006999	  0.025864	  0.007759
 -0.087036	  0.005182	  0.038932	  0.014944	  0.047123	 -0.007088
 -0.066366	 -0.003102	  0.039675	  0.033007	  0.077018	  0.026430
 -0.064252	  0.016122	  0.023453	  0.027484	  0.054235	  0.035884
 -0.060496	  0.021986	  0.017456	  0.005789	  0.035580	  0.008479
 -0.043251	  0.015609	  0.000262	 -0.023091	  0.038907	  0.003678
 -0.033511	  0.014303	 -0.005491	 -0.026795	  0.053581	 -0.020532
 -0.020176	  0.019248	  0.014029	 -0.009203	  0.059477	 -0.073263
  0.018788	  0.000707	  0.013053	  0.005825	  0.069142	 -0.098303
  0.024079	 -0.034660	 -0.009351	 -0.001601	  0.052569	 -0.093257
  0.052411	 -0.033475	 -0.008242	 -0.034165	  0.037360	 -0.113838
  0.047318	 -0.028798	 -0.028308	 -0.040919	  0.030649	 -0.094384
  0.020248	 -0.024861	 -0.015487	 -0.026241	  0.030009	 -0.040404
  0.003076	 -0.023933	 -0.012032	 -0.059780	  0.037505	 -0.004877
 -0.003458	 -0.005838	 -0.030419	 -0.062053	  0.083771	 -0.047674
 -0.031144	  0.005474	 -0.023392	 -0.039608	  0.091521	 -0.059940
 -0.021187	  0.026865	 -0.050117	 -0.033773	  0.051022	 -0.098664
 -0.012525	  0.012980	 -0.057282	 -0.048731	  0.029005	 -0.105148
 -0.029933	  0.004486	 -0.062330	 -0.042668	  0.057530	 -0.133605
 -0.029215	  0.007180	 -0.083308	 -0.027831	  0.047942	 -0.142026
 -0.004311	  0.002124	 -0.098307	 -0.017005	  0.032924	 -0.124472
  0.012351	 -0.002564	 -0.064837	 -0.001566	  0.047857	 -0.112816
 -0.020852	  0.018984	 -0.079784	 -0.014591	  0.043458	 -0.074121
 -0.034067	  0.052643	 -0.060171	 -0.020755	  0.017284	 -0.058169
 -0.048781	  0.039772	 -0.048570	 -0.015425	  0.019311	 -0.096782
 -0.061014	  0.037768	 -0.088851	 -0.007066	  0.024799	 -0.139289
 -0.075241	  0.040611	 -0.091978	 -0.010747	  0.018002	 -0.171629
 -0.055110	  0.048969	 -0.081862	  0.007427	  0.018100	 -0.129849
 -0.022846	  0.065700	 -0.062828	  0.016543	  0.003932	 -0.089191
 -0.020064	  0.081097	 -0.062250	  0.011876	 -0.014253	 -0.090867
 -0.039416	  0.083392	 -0.040995	  0.031925	 -0.003363	 -0.071288
 -0.071459	  0.077273	 -0.055121	  0.007590	  0.015175	 -0.083008
 -0.064638	  0.081660	 -0.028306	  0.000524	  0.023385	 -0.057276
 -0.071426	  0.076312	 -0.003668	  0.004218	  0.012031	 -0.015670
 -0.068333	  0.048219	 -0.004329	  0.002988	 -0.008551	 -0.001835
 -0.038327	  0.015983	  0.004407	  0.010830	 -0.017264	  0.021260
 -0.027207	 -0.004461	  0.005854	  0.013131	  0.005472	  0.036736
 -0.039511	 -0.013252	 -0.006164	  0.014966	  0.012839	  0.077438
 -0.050647	  0.001460	  0.007065	  0.027562	  0.013761	  0.089249
 -0.048167	  0.016058	  0.037591	  0.041632	  0.008807	  0.047511
 -0.036395	  0.032560	  0.012894	  0.037880	  0.012364	 -0.001149
 -0.020802	  0.020654	 -0.002909	  0.050193	  0.014452	 -0.083127
 -0.031551	  0.020198	  0.022600	  0.026138	  0.029899	 -0.123174
 -0.052922	  0.006260	  0.014712	 -0.022603	  0.024674	 -0.089470
 -0.054494	 -0.004036	 -0.001172	 -0.033315	  0.005651	 -0.087339
 -0.063387	  0.002688	 -0.002628	 -0.028939	  0.018011	 -0.129521
 -0.054840	 -0.011777	  0.004607	  0.002481	  0.019951	 -0.104318
 -0.071040	 -0.028534	  0.018903	  0.015036	  0.031442	 -0.061657
 -0.081416	 -0.063642	  0.024255	  0.023263	  0.048562	 -0.079655
 -0.045229	 -0.030194	 -0.036002	  0.066684	  0.052355	 -0.092098
 -0.037114	 -0.003233	 -0.057866	  0.056579	  0.007299	 -0.117303
 -0.015114	 -0.014183	 -0.051314	  0.048933	  0.019376	 -0.092008
 -0.023414	 -0.017866	 -0.066234	  0.024224	  0.022447	 -0.104958
  0.015297	 -0.032754	 -0.088634	  0.010832	  0.007975	 -0.144228
  0.010493	 -0.010641	 -0.102301	  0.010928	 -0.001386	 -0.148260
 -0.024259	 -0.006049	 -0.106450	  0.033228	 -0.020575	 -0.134480
 -0.017885	 -0.027212	 -0.082292	  0.055717	 -0.032025	 -0.113455
  0.011861	 -0.054454	 -0.056232	  0.060066	 -0.027111	 -0.081205
  0.006454	 -0.050937	 -0.053631	  0.052731	 -0.037881	 -0.067344
  0.001995	 -0.058819	 -0.054074	  0.005903	 -0.009059	 -0.095028
  0.009160	 -0.062348	 -0.058944	  0.000255	 -0.019641	 -0.126270
 -0.005158	 -0.059268	 -0.029279	  0.008177	 -0.013655	 -0.096795
  0.006622	 -0.069179	  0.005000	  0.035353	 -0.013692	 -0.052826
  0.020170	 -0.059224	  0.029199	  0.056388	 -0.027402	 -0.046882
 -0.001390	 -0.060673	  0.044746	  0.026722	 -0.003868	 -0.077043
  0.003855	 -0.053294	  0.020097	  0.014012	  0.010092	 -0.044205
  0.003506	 -0.039009	  0.014940	  0.007736	 -0.003341	 -0.041301
 -0.007497	 -0.037917	  0.021746	  0.022656	  0.002844	 -0.052128
 -0.026973	 -0.046860	  0.004766	  0.039362	 -0.003286	 -0.016032
 -0.036601	 -0.047853	  0.002384	  0.028048	 -0.015070	 -0.011403
 -0.024881	 -0.025917	  0.003117	  0.008073	  0.000693	 -0.006644
 -0.008741	 -0.043260	 -0.000765	  0.024709	 -0.007645	 -0.027740
  0.003085	 -0.061421	  0.003730	  0.032102	  0.016196	 -0.013755
 -0.004276	 -0.071566	  0.012115	  0.043796	 -0.005933	 -0.043317
 -0.025001	 -0.026144	 -0.004131	  0.053080	  0.017063	 -0.023984
 -0.050119	 -0.007378	  0.002575	  0.019800	  0.049180	  0.004106
 -0.055951	 -0.016088	  0.009415	  0.006415	  0.028727	 -0.025173
 -0.068926	 -0.016656	  0.034603	  0.007851	  0.002847	 -0.110374
 -0.066178	 -0.023698	  0.020641	 -0.024098	  0.003341	 -0.062118
 -0.050456	 -0.014481	 -0.020128	 -0.019689	  0.018175	 -0.034662
 -0.052484	 -0.006754	 -0.042640	 -0.023450	  0.018714	 -0.025288
 -0.061823	  0.020984	 -0.047284	 -0.008073	  0.003620	 -0.001936
 -0.049948	  0.025477	 -0.062300	 -0.008134	 -0.009641	  0.039600
 -0.042361	 -0.008969	 -0.075169	 -0.009181	 -0.034501	  0.047657
 -0.061490	  0.003089	 -0.073048	  0.019004	 -0.056200	 -0.001238
 -0.042206	  0.040659	 -0.075091	  0.046348	 -0.053751	  0.007122
 -0.017970	  0.067353	 -0.049057	  0.046130	 -0.065690	 -0.004600
  0.010864	  0.051342	 -0.012494	  0.046626	 -0.025173	 -0.013853
  0.029547	  0.026882	  0.022051	  0.054527	 -0.004266	 -0.000538
  0.012862	 -0.019292	  0.046455	  0.052669	  0.004985	  0.025236
  0.004002	 -0.005462	  0.007612	  0.033182	  0.033336	 -0.002420
  0.010222	  0.006662	 -0.020034	  0.021872	  0.033341	 -0.011949
 -0.004997	  0.044434	 -0.022303	  0.010575	  0.033666	 -0.020449
 -0.012153	  0.055791	 -0.013275	  0.016328	  0.025914	 -0.010996
 -0.005891	  0.038537	 -0.004443	  0.022155	  0.015062	 -0.004732
 -0.013807	  0.024200	 -0.005325	  0.007206	  0.025870	 -0.022039
 -0.005767	 -0.009148	 -0.036320	  0.017019	  0.013014	 -0.040962
 -0.001381	 -0.023291	 -0.027575	  0.047343	  0.006925	 -0.034430
 -0.003758	 -0.017576	 -0.025301	  0.059035	  0.027168	 -0.026934
  0.003223	 -0.012290	 -0.034225	  0.066887	  0.064350	 -0.039584
  0.015531	 -0.006969	 -0.021778	  0.064692	  0.039459	 -0.008647
  0.017079	  0.005696	 -0.050504	  0.068418	  0.015737	 -0.036285
  0.021324	  0.006418	 -0.044292	  0.053618	  0.031335	 -0.074843
 -0.008892	  0.003038	 -0.038690	  0.072654	  0.035378	 -0.075213
 -0.024295	  0.024497	 -0.068918	  0.071999	  0.040175	 -0.076583
 -0.016522	  0.011436	 -0.074483	  0.064154	  0.041356	 -0.062489
 -0.013698	 -0.011685	 -0.041730	  0.046908	  0.041010	 -0.034296
 -0.016470	 -0.020221	 -0.026766	 -0.003021	  0.057587	 -0.007454
 -0.009034	 -0.027080	 -0.021780	 -0.001602	  0.060528	 -0.018436
 -0.021245	 -0.017603	 -0.017927	  0.015164	  0.037615	 -0.012252
 -0.011091	 -0.027750	  0.006763	  0.010334	  0.027091	  0.014039
 -0.004286	 -0.023476	  0.007788	 -0.018010	  0.015300	 -0.009969
 -0.007322	 -0.031980	  0.001257	 -0.036600	  0.028294	 -0.048092
 -0.004222	 -0.029797	 -0.017625	 -0.047793	  0.003129	 -0.056377
 -0.009827	 -0.006810	 -0.017932	 -0.022482	 -0.025809	  0.000105
 -0.006780	  0.005696	  0.002350	 -0.004349	 -0.014028	  0.020981
  0.014421	  0.014868	 -0.005097	  0.020755	 -0.003173	 -0.006465
  0.019038	  0.018824	 -0.007414	  0.026143	  0.016362	 -0.006018
  0.030641	  0.030139	 -0.037143	  0.017631	  0.026021	 -0.012389
 -0.009118	  0.051862	 -0.061037	  0.007707	  0.010731	  0.023926
 -0.014293	  0.020575	 -0.060152	  0.007008	  0.016581	  0.006295
 -0.003512	  0.009476	 -0.057295	  0.041311	 -0.001610	  0.008396
 -0.002242	  0.005070	 -0.058679	  0.071627	 -0.013060	 -0.019241
  0.014123	 -0.019001	 -0.049205	  0.087091	 -0.019659	 -0.017494
  0.018172	 -0.002603	 -0.032842	  0.067483	 -0.019575	 -0.041513
 -0.003871	  0.000827	 -0.021051	  0.035732	  0.011382	 -0.057773
 -0.024938	 -0.007207	 -0.014530	  0.028166	  0.019337	 -0.075572
 -0.002953	 -0.006094	 -0.024558	  0.018607	  0.005874	 -0.076292
  0.019755	  0.009142	 -0.051472	  0.005835	 -0.005798	  0.002785
  0.031554	  0.012404	 -0.083870	 -0.022636	 -0.023926	  0.037750
  0.029786	  0.028492	 -0.091802	 -0.019124	 -0.023873	 -0.017904
  0.040049	  0.042510	 -0.104494	  0.001710	 -0.000796	 -0.059200
  0.058881	  0.045518	 -0.122630	  0.015733	  0.005661	 -0.050506
  0.071950	  0.028179	 -0.116669	  0.031602	  0.019081	 -0.036499
  0.074521	  0.055040	 -0.097695	  0.033974	  0.046009	 -0.073479
  0.037898	  0.075686	 -0.086215	  0.046945	  0.052284	 -0.095521
  0.039228	  0.064962	 -0.061768	  0.056378	  0.093224	 -0.088123
  0.034796	  0.059425	 -0.047423	  0.054112	  0.074595	 -0.102870
  0.038566	  0.074293	 -0.055433	  0.049399	  0.065449	 -0.133889
  0.030221	  0.073539	 -0.068967	  0.048084	  0.071287	 -0.136797
 -0.000962	  0.055566	 -0.076197	  0.046842	  0.057755	 -0.108511
 -0.007538	  0.032082	 -0.069437	  0.017716	  0.037705	 -0.074754
 -0.000760	  0.004356	 -0.087473	  0.006936	  0.056425	 -0.044998
  0.003294	 -0.009326	 -0.073879	  0.025354	  0.089493	 -0.057395
  0.034266	 -0.026460	 -0.031667	  0.025169	  0.081763	 -0.070378
  0.046724	 -0.053707	 -0.051724	  0.000094	  0.055259	 -0.065720
  0.051979	 -0.049528	 -0.056630	 -0.004904	  0.039393	 -0.062702
  0.056740	 -0.025265	 -0.047660	  0.003170	  0.018280	 -0.061651
  0.047785	 -0.038190	 -0.045199	  0.015245	  0.038501	 -0.045808
  0.049852	 -0.038677	 -0.050459	  0.026391	  0.049719	 -0.045807
  0.063673	 -0.039762	 -0.068899	  0.022926	  0.041951	 -0.062424
  0.037796	 -0.039571	 -0.092289	  0.019538	  0.034668	 -0.027700
  0.037497	 -0.029965	 -0.092881	  0.009767	  0.019418	  0.055245
  0.051882	 -0.034084	 -0.103239	  0.013645	  0.007861	  0.054857
  0.067394	 -0.038396	 -0.108073	  0.005479	  0.010124	  0.052269
  0.044929	 -0.040873	 -0.074987	  0.017697	 -0.010503	  0.048323
  0.048518	 -0.075154	 -0.050938	  0.041866	 -0.026102	  0.039538
  0.052588	 -0.094084	 -0.054068	  0.034213	  0.020946	  0.020674
  0.050762	 -0.072134	 -0.029097	  0.019106	  0.048503	  0.034878
  0.042397	 -0.055976	 -0.041863	 -0.006268	  0.066341	  0.057521
  0.040496	 -0.048072	 -0.059321	 -0.004605	  0.058559	  0.061168
