:RUN-5	LEVEL SWEEP	TEMP:NaN	2/20/2024	5:26 PM	HR:NaN:SW EAR: L	SW FREQ: 32.00	# AVERAGES: 512	REP RATE (/sec): 39	DRIVER: 	SAMPLE (µsec): 40	MASKER dB: 0:Threshold: 44.6:NOTES-:CHAMBER-Bach:Avgs: 512;512;512;512;512;512;512;512;512;512;512;512;512;512;512;512;512
:Tries: 591;590;592;596;588;584;591;583;589;596;592;594;593;593;602;609;603
:Log: :Vary signal level: TRUE :Control: NaN:CFTS Version: V2.37.2 (R3379):LEVELS:20;25;30;35;40;45;50;55;60;65;70;75;80;85;90;95;100;:DATA  0.031426	  0.048517	 -0.014844	 -0.005578	 -0.003661	 -0.069901	 -0.044119	 -0.005517	  0.006454	 -0.021546	  0.054975	  0.041268	  0.058865	  0.059201	  0.116103	  0.110342	  0.115081
  0.043981	  0.038705	  0.017719	 -0.026646	  0.017101	 -0.045539	 -0.036374	 -0.013917	  0.023831	  0.000729	  0.066416	  0.048304	  0.045225	  0.051577	  0.137867	  0.096763	  0.112598
  0.019613	  0.046134	  0.016326	 -0.022894	  0.019035	 -0.049094	 -0.037009	 -0.004512	  0.041749	 -0.008240	  0.058002	  0.053274	  0.013763	  0.048766	  0.146480	  0.087676	  0.115793
  0.011195	  0.037136	  0.007532	 -0.011459	  0.003098	 -0.059780	 -0.039839	  0.009938	  0.033746	  0.016236	  0.041138	  0.052410	 -0.002347	  0.004178	  0.125457	  0.067863	  0.106358
  0.032852	  0.015393	  0.029316	 -0.005812	  0.006272	 -0.027508	 -0.016403	  0.009813	  0.057156	  0.007753	  0.035213	  0.050796	  0.001494	  0.003586	  0.098120	  0.057823	  0.086555
  0.006682	  0.009866	  0.034459	 -0.019356	 -0.007093	 -0.008668	  0.005473	  0.013736	  0.045213	 -0.003457	  0.014108	  0.035292	  0.007381	  0.018955	  0.042995	  0.021625	  0.067106
 -0.017807	 -0.019351	  0.019967	 -0.009869	  0.014155	  0.005965	 -0.027521	  0.018641	  0.029751	 -0.009707	 -0.043814	  0.013566	  0.023600	  0.026823	  0.032979	  0.021651	  0.040976
 -0.030116	 -0.040130	  0.002875	 -0.002463	 -0.009602	  0.015439	 -0.010607	  0.023558	  0.014299	 -0.010409	 -0.045584	  0.014242	  0.024754	  0.057332	  0.025572	  0.033038	  0.051222
 -0.053772	 -0.054825	 -0.001579	 -0.018007	 -0.000464	  0.014567	  0.007889	  0.007747	  0.010861	  0.018161	 -0.020799	 -0.010640	  0.021589	  0.064127	  0.017746	  0.044716	  0.055671
 -0.040650	 -0.061464	  0.011986	 -0.019615	 -0.001789	  0.035565	 -0.001988	  0.002434	  0.015082	  0.038224	 -0.012793	 -0.022179	  0.024555	  0.064449	  0.034550	  0.058023	  0.037474
 -0.007622	 -0.049543	  0.034383	 -0.013027	  0.016146	  0.031714	 -0.006031	 -0.021557	  0.003424	  0.042073	 -0.004030	 -0.024591	  0.030174	  0.052120	  0.016477	  0.075265	  0.034793
  0.011064	 -0.009176	  0.025366	 -0.005244	  0.029303	  0.046947	 -0.009514	 -0.028817	 -0.014394	  0.032600	 -0.011798	 -0.039535	  0.050934	  0.043411	 -0.014277	  0.049159	  0.017987
  0.009302	  0.009346	 -0.000055	  0.003784	  0.023825	  0.047167	 -0.007504	 -0.005897	 -0.043443	  0.017725	 -0.012650	  0.002794	  0.014584	  0.028830	 -0.016373	 -0.000678	 -0.036185
  0.001282	  0.012380	  0.003195	  0.014910	  0.005741	  0.023661	  0.002421	  0.014945	 -0.043299	  0.028626	 -0.018899	  0.020717	 -0.028448	 -0.013145	 -0.057513	 -0.041893	 -0.090466
 -0.005590	  0.030692	  0.010873	  0.020945	 -0.021625	  0.021433	  0.017505	  0.019955	 -0.044720	  0.061323	 -0.010877	  0.012645	 -0.029141	 -0.034445	 -0.074811	 -0.067762	 -0.110693
 -0.003995	  0.018094	  0.021627	  0.018299	 -0.030575	 -0.004303	  0.019156	 -0.004625	 -0.057862	  0.034904	 -0.020042	 -0.009595	 -0.042287	 -0.068776	 -0.094363	 -0.084397	 -0.118499
 -0.005227	 -0.005665	 -0.002578	  0.012519	 -0.018713	  0.024065	  0.025538	 -0.006875	 -0.040120	 -0.002754	 -0.015542	 -0.040556	 -0.053728	 -0.078944	 -0.122440	 -0.105521	 -0.158206
 -0.005796	  0.000249	 -0.046285	  0.035575	 -0.003389	 -0.000384	  0.038187	 -0.012440	 -0.008659	 -0.041789	 -0.022901	 -0.062474	 -0.058877	 -0.091888	 -0.131017	 -0.131382	 -0.126299
  0.003206	 -0.014497	 -0.082419	  0.032251	 -0.015077	 -0.008047	  0.056341	 -0.014692	 -0.014619	 -0.083740	 -0.012149	 -0.070174	 -0.053820	 -0.115766	 -0.133455	 -0.160505	 -0.096015
 -0.000028	 -0.011860	 -0.087865	  0.021688	 -0.022691	  0.006702	  0.064398	 -0.001918	 -0.014451	 -0.116711	 -0.017975	 -0.065562	 -0.048271	 -0.120392	 -0.150098	 -0.131807	 -0.105251
  0.004192	 -0.017856	 -0.096968	 -0.005040	 -0.018192	  0.016654	  0.002227	 -0.011787	  0.002787	 -0.140893	 -0.040631	 -0.087981	 -0.050744	 -0.139045	 -0.142834	 -0.085376	 -0.091910
  0.006410	 -0.015987	 -0.041774	 -0.006699	 -0.002134	  0.015037	 -0.022364	 -0.043877	  0.022687	 -0.158620	 -0.032545	 -0.100250	 -0.041135	 -0.159365	 -0.117093	 -0.067410	 -0.115994
 -0.020511	 -0.018480	 -0.028426	  0.011917	 -0.008411	  0.030606	  0.007517	 -0.038667	  0.031335	 -0.139964	 -0.047100	 -0.093582	 -0.050926	 -0.161855	 -0.120736	 -0.075764	 -0.148058
 -0.013132	 -0.028141	 -0.050405	  0.010997	  0.001437	  0.060386	  0.007792	 -0.044935	  0.024263	 -0.154861	 -0.066629	 -0.091773	 -0.068497	 -0.153894	 -0.142313	 -0.103681	 -0.182209
 -0.017323	 -0.005461	 -0.039897	  0.027168	 -0.004060	  0.043567	 -0.007469	 -0.056816	 -0.001016	 -0.187635	 -0.085431	 -0.101538	 -0.081535	 -0.185053	 -0.167728	 -0.141129	 -0.229515
  0.002911	  0.025303	 -0.020732	  0.011741	 -0.009060	  0.049150	 -0.009594	 -0.052945	 -0.032941	 -0.204100	 -0.090596	 -0.117461	 -0.092386	 -0.216040	 -0.218882	 -0.194652	 -0.297148
 -0.002423	  0.017441	 -0.014260	  0.004263	 -0.012941	  0.034804	 -0.004484	 -0.034570	 -0.032885	 -0.209761	 -0.113499	 -0.124955	 -0.124388	 -0.223577	 -0.234983	 -0.210057	 -0.303683
 -0.021241	  0.006604	 -0.016250	 -0.009357	  0.003619	 -0.001352	  0.022586	 -0.071509	 -0.052951	 -0.224553	 -0.141795	 -0.138562	 -0.118575	 -0.207179	 -0.225302	 -0.164134	 -0.248723
 -0.018874	 -0.025377	 -0.003503	 -0.031076	  0.014899	 -0.029485	  0.010419	 -0.135011	 -0.078071	 -0.239106	 -0.130043	 -0.150027	 -0.086049	 -0.206002	 -0.220005	 -0.114564	 -0.190991
  0.020604	 -0.045350	  0.017617	 -0.029113	  0.013521	 -0.037768	  0.006129	 -0.150439	 -0.082763	 -0.226452	 -0.107288	 -0.127632	 -0.060219	 -0.148877	 -0.173023	 -0.055200	 -0.111031
  0.039521	 -0.038341	  0.030430	 -0.025353	  0.034831	 -0.027209	 -0.010203	 -0.135606	 -0.070876	 -0.213859	 -0.067444	 -0.118157	 -0.022709	 -0.098676	 -0.089049	  0.000930	 -0.074200
  0.035427	  0.001967	  0.029523	 -0.029668	 -0.000085	 -0.008887	 -0.019902	 -0.114246	 -0.069445	 -0.172999	 -0.021385	 -0.107257	  0.026565	 -0.026140	 -0.022180	  0.043880	 -0.042958
  0.024939	  0.009877	  0.035157	 -0.022630	 -0.016924	 -0.012043	 -0.011598	 -0.088050	 -0.059282	 -0.130799	  0.028736	 -0.068288	  0.052427	  0.043474	  0.023287	  0.112163	 -0.025676
  0.021228	  0.011606	  0.004545	 -0.028327	 -0.009130	 -0.004532	 -0.008428	 -0.084127	 -0.017021	 -0.076683	  0.063839	 -0.028878	  0.100982	  0.087078	  0.051493	  0.115766	 -0.044268
  0.018394	  0.040306	  0.013231	 -0.017530	 -0.014858	 -0.013877	  0.013980	 -0.065449	  0.003608	 -0.078922	  0.050429	 -0.028310	  0.094749	  0.107896	  0.035126	  0.084885	 -0.055157
  0.009800	  0.038231	  0.039494	  0.006984	 -0.028841	 -0.019400	  0.039084	 -0.064310	  0.020998	 -0.083425	  0.089807	 -0.008360	  0.080878	  0.101921	  0.021532	  0.058874	 -0.088071
  0.018280	  0.029077	  0.045890	  0.019735	 -0.026330	  0.012708	  0.061818	 -0.053230	  0.025166	 -0.061061	  0.112564	 -0.001626	  0.077972	  0.084855	  0.018067	  0.054785	 -0.101797
  0.013251	  0.022072	  0.026114	  0.007857	  0.004937	  0.043277	  0.070569	 -0.057531	  0.053927	 -0.067093	  0.111669	 -0.022830	  0.054735	  0.085147	  0.015040	  0.052260	 -0.070722
  0.001611	  0.009923	  0.015936	  0.016383	  0.022135	  0.055723	  0.062974	 -0.051587	  0.073332	 -0.039309	  0.098743	 -0.047358	  0.039234	  0.106336	  0.039440	  0.084682	 -0.000981
 -0.001894	  0.015645	  0.002408	  0.025047	  0.026069	  0.043604	  0.067986	 -0.025842	  0.085390	 -0.020363	  0.094104	 -0.041586	  0.033038	  0.141408	  0.072670	  0.140938	  0.069583
  0.018142	  0.020170	 -0.004815	  0.021664	  0.043376	  0.038833	  0.077819	 -0.011135	  0.114903	 -0.038009	  0.082620	 -0.030354	  0.045880	  0.137659	  0.074355	  0.133470	  0.123277
  0.000742	  0.029552	  0.017589	  0.023541	  0.031696	  0.019451	  0.068219	  0.014476	  0.107183	 -0.039750	  0.052603	 -0.045669	  0.018387	  0.076743	  0.046049	  0.092407	  0.109412
 -0.004598	  0.006711	 -0.011251	  0.049557	  0.014382	  0.027288	  0.035881	  0.028791	  0.086886	 -0.081043	  0.014723	 -0.066901	 -0.046910	  0.008917	 -0.011175	 -0.003517	  0.025575
 -0.006625	 -0.008603	 -0.024239	  0.045828	  0.005405	  0.058880	  0.004480	  0.016401	  0.053515	 -0.119413	 -0.040659	 -0.116854	 -0.136034	 -0.055558	 -0.111830	 -0.099664	 -0.093359
  0.004903	 -0.015673	 -0.021175	  0.049335	  0.006635	  0.079709	 -0.018327	 -0.017029	 -0.001122	 -0.155388	 -0.067358	 -0.163071	 -0.223341	 -0.143587	 -0.179377	 -0.187342	 -0.176666
  0.001943	 -0.013705	 -0.035501	  0.047193	  0.023760	  0.070766	 -0.054204	 -0.081299	 -0.050840	 -0.200338	 -0.101234	 -0.227951	 -0.289766	 -0.216453	 -0.237459	 -0.252524	 -0.270593
  0.012115	  0.003583	 -0.023505	  0.038507	  0.021243	  0.065185	 -0.104161	 -0.125084	 -0.087263	 -0.231471	 -0.179281	 -0.271411	 -0.357867	 -0.266622	 -0.235229	 -0.327072	 -0.332502
  0.023461	  0.001606	  0.005821	  0.013878	  0.009591	  0.050693	 -0.124069	 -0.158446	 -0.096917	 -0.247700	 -0.233599	 -0.280021	 -0.376827	 -0.269913	 -0.240300	 -0.396450	 -0.362368
  0.007422	  0.010100	  0.003405	  0.002165	 -0.008508	  0.025383	 -0.124507	 -0.175015	 -0.122312	 -0.249182	 -0.228215	 -0.266240	 -0.339142	 -0.219233	 -0.236212	 -0.391237	 -0.397828
  0.001467	  0.003881	  0.025804	  0.025204	 -0.027123	  0.002067	 -0.136231	 -0.209961	 -0.139204	 -0.221871	 -0.209809	 -0.219016	 -0.283213	 -0.142194	 -0.241904	 -0.315015	 -0.420558
 -0.010184	  0.000307	  0.070400	  0.035504	 -0.046295	  0.003751	 -0.109564	 -0.189338	 -0.121041	 -0.198558	 -0.180443	 -0.175310	 -0.226822	 -0.083638	 -0.252011	 -0.290957	 -0.423618
 -0.003254	 -0.012406	  0.064721	  0.015310	 -0.075095	 -0.001687	 -0.077575	 -0.175799	 -0.084010	 -0.136392	 -0.113993	 -0.089351	 -0.174417	 -0.083515	 -0.254469	 -0.238337	 -0.404039
  0.006067	 -0.013230	  0.020269	 -0.004395	 -0.094241	 -0.026690	 -0.064137	 -0.159838	 -0.022742	 -0.085470	 -0.051053	 -0.037929	 -0.111709	 -0.055098	 -0.235375	 -0.183162	 -0.325931
  0.001244	 -0.004872	  0.026212	 -0.003562	 -0.126562	 -0.035965	 -0.024843	 -0.113119	  0.007249	 -0.083047	 -0.019959	  0.007656	 -0.060989	 -0.027984	 -0.200531	 -0.130125	 -0.234735
 -0.009728	 -0.003005	  0.042654	 -0.004402	 -0.138434	  0.001090	  0.005024	 -0.073347	  0.021692	 -0.073100	  0.022477	  0.037150	 -0.016653	 -0.022415	 -0.137051	 -0.065506	 -0.119166
 -0.033346	  0.002395	  0.033738	 -0.022092	 -0.139705	  0.040408	  0.025758	 -0.052336	  0.030933	 -0.045155	  0.018163	  0.056174	  0.016218	 -0.009729	 -0.084412	 -0.022815	  0.007547
 -0.019541	 -0.000947	  0.016902	 -0.032247	 -0.087881	  0.046516	  0.045967	 -0.050316	  0.058712	 -0.042410	  0.013112	  0.073770	  0.037413	  0.036809	 -0.038909	  0.052431	  0.123551
 -0.011822	  0.009027	  0.022682	 -0.038107	 -0.040412	  0.056853	  0.065419	 -0.023882	  0.056304	 -0.059253	  0.021296	  0.060419	  0.055676	  0.061002	  0.048729	  0.150182	  0.253310
 -0.040711	 -0.003098	  0.025274	 -0.044436	 -0.005159	  0.060127	  0.072628	 -0.024527	  0.035074	 -0.060051	  0.027665	  0.020434	  0.085269	  0.115699	  0.095129	  0.258863	  0.340353
 -0.053128	  0.006899	  0.000977	 -0.055905	  0.015060	  0.043684	  0.069269	 -0.024876	  0.012658	 -0.055473	  0.030812	 -0.025995	  0.107809	  0.154181	  0.154544	  0.332708	  0.414908
 -0.067247	  0.016393	  0.013294	 -0.063891	  0.019112	  0.029213	  0.055522	 -0.017762	  0.022052	 -0.078537	  0.013431	 -0.022960	  0.118855	  0.168640	  0.182270	  0.399608	  0.485484
 -0.063569	  0.012823	  0.026000	 -0.051348	  0.033828	  0.014132	  0.071372	 -0.015815	  0.029341	 -0.095937	  0.034660	 -0.003529	  0.131963	  0.176934	  0.231436	  0.449477	  0.507134
 -0.043511	 -0.029993	 -0.003493	 -0.039789	  0.053718	 -0.005542	  0.064202	 -0.026309	  0.019987	 -0.078406	  0.040870	  0.015674	  0.133246	  0.185998	  0.235069	  0.467260	  0.454583
 -0.030927	 -0.051864	  0.022379	 -0.037509	  0.071856	 -0.016308	  0.029096	 -0.051082	 -0.008719	 -0.071297	  0.049832	  0.025201	  0.162597	  0.199894	  0.233033	  0.447422	  0.377375
 -0.042015	 -0.043393	  0.025179	  0.002276	  0.038407	 -0.023100	  0.012530	 -0.048724	  0.006758	 -0.071327	  0.058278	  0.027412	  0.166838	  0.198404	  0.193752	  0.348380	  0.308129
 -0.023687	 -0.012546	  0.024966	  0.020468	  0.033273	 -0.003627	 -0.025097	 -0.039626	  0.042672	 -0.042597	  0.086625	  0.047245	  0.158819	  0.186620	  0.123651	  0.292677	  0.218345
 -0.018957	  0.025823	  0.020954	  0.032267	  0.027246	  0.024830	 -0.021585	 -0.044589	  0.038003	 -0.048770	  0.104245	  0.058599	  0.146045	  0.145927	  0.075920	  0.252274	  0.139107
 -0.037682	  0.029546	  0.042378	  0.033673	  0.043692	  0.045306	 -0.003523	 -0.043428	  0.045799	 -0.076215	  0.114957	  0.015870	  0.104875	  0.118067	  0.036644	  0.242517	  0.107885
 -0.045338	  0.021863	  0.059883	  0.037135	  0.042997	  0.041193	  0.005437	 -0.051581	  0.057798	 -0.094569	  0.109763	  0.012729	  0.087470	  0.105812	  0.033351	  0.251866	  0.122274
 -0.031381	  0.023747	  0.039630	  0.032656	  0.036234	  0.061418	 -0.002219	 -0.035616	  0.089420	 -0.122135	  0.096245	 -0.023455	  0.102564	  0.132066	  0.049719	  0.266234	  0.192327
 -0.026531	  0.008005	  0.035248	  0.045251	  0.039928	  0.055959	 -0.008428	 -0.035329	  0.092580	 -0.110925	  0.097452	 -0.036794	  0.106477	  0.153409	  0.067749	  0.334967	  0.264796
 -0.063552	  0.020440	  0.028060	  0.042186	  0.039915	  0.061584	  0.016928	 -0.023056	  0.071580	 -0.106667	  0.095250	 -0.015708	  0.131328	  0.181298	  0.136294	  0.378946	  0.336163
 -0.048077	  0.035508	  0.021775	  0.019625	  0.042792	  0.074984	  0.046320	 -0.012106	  0.079486	 -0.073857	  0.122152	  0.021342	  0.177406	  0.232968	  0.193055	  0.414108	  0.380490
 -0.047232	  0.036327	  0.029045	  0.018267	  0.033391	  0.095330	  0.061730	 -0.031595	  0.084098	 -0.042503	  0.164659	  0.061089	  0.229755	  0.302194	  0.234178	  0.461597	  0.460979
 -0.031897	  0.031220	  0.027619	  0.028736	  0.044271	  0.095011	  0.051840	 -0.048029	  0.091779	  0.009790	  0.182675	  0.094603	  0.268304	  0.335105	  0.280962	  0.488568	  0.537492
 -0.031545	  0.007583	  0.021632	  0.020372	  0.062001	  0.046094	  0.048488	 -0.019055	  0.143012	  0.075735	  0.200988	  0.128748	  0.280477	  0.344016	  0.328688	  0.542330	  0.599740
 -0.063906	 -0.003158	  0.000072	  0.000641	  0.040388	  0.035323	  0.029053	  0.020936	  0.172075	  0.086740	  0.221620	  0.152055	  0.301118	  0.373210	  0.360456	  0.536191	  0.600377
 -0.057290	 -0.014984	 -0.011379	 -0.005900	  0.037620	  0.054191	  0.042150	  0.070476	  0.150756	  0.103655	  0.227144	  0.206769	  0.279618	  0.376214	  0.411459	  0.526557	  0.550284
 -0.061181	  0.018385	 -0.022376	 -0.022545	  0.059366	  0.081794	  0.071009	  0.084674	  0.123539	  0.100517	  0.236079	  0.225915	  0.270968	  0.385361	  0.401016	  0.493011	  0.489348
 -0.065942	  0.047327	 -0.042285	 -0.028045	  0.051662	  0.093000	  0.080990	  0.081103	  0.123849	  0.113323	  0.246650	  0.196078	  0.264786	  0.384056	  0.342811	  0.411415	  0.422307
 -0.051711	  0.036848	 -0.013763	 -0.038933	  0.041135	  0.117573	  0.118172	  0.070544	  0.133280	  0.105353	  0.240541	  0.171509	  0.222721	  0.353456	  0.306259	  0.359434	  0.338184
 -0.074938	  0.045657	 -0.000430	 -0.047971	  0.046232	  0.139101	  0.130430	  0.100751	  0.171902	  0.106930	  0.225656	  0.155292	  0.171555	  0.321243	  0.253855	  0.319769	  0.285344
 -0.086125	  0.053629	  0.024040	 -0.034827	  0.066588	  0.161665	  0.151788	  0.099495	  0.194692	  0.130826	  0.212584	  0.096345	  0.097062	  0.233755	  0.200479	  0.288281	  0.254749
 -0.070041	  0.057997	  0.013749	 -0.026238	  0.055591	  0.165966	  0.164292	  0.089897	  0.190935	  0.124311	  0.204855	  0.049361	  0.042605	  0.195734	  0.144737	  0.239493	  0.213883
 -0.054229	  0.041762	  0.004900	 -0.013094	  0.074985	  0.162713	  0.164229	  0.094350	  0.170598	  0.076983	  0.151139	  0.028850	  0.022929	  0.137299	  0.094702	  0.195367	  0.179911
 -0.065201	  0.038702	  0.001208	 -0.008589	  0.091172	  0.134729	  0.150928	  0.078280	  0.121440	  0.018861	  0.098496	  0.020911	 -0.000825	  0.096628	  0.049036	  0.149440	  0.188416
 -0.069007	  0.041253	  0.022082	 -0.014795	  0.101748	  0.119178	  0.142765	  0.084518	  0.088466	 -0.030758	  0.057485	 -0.017085	 -0.014015	  0.070147	  0.023685	  0.115151	  0.162384
 -0.031262	  0.033856	  0.050471	 -0.011218	  0.105920	  0.127151	  0.125354	  0.078480	  0.069579	 -0.064620	  0.040880	 -0.023122	 -0.019115	  0.077227	  0.028504	  0.127657	  0.142294
 -0.000008	 -0.001792	  0.082817	  0.011788	  0.109409	  0.118285	  0.112751	  0.054774	  0.005676	 -0.098187	  0.000141	 -0.023577	 -0.062187	  0.097860	  0.069216	  0.183020	  0.173942
 -0.025415	 -0.006011	  0.071518	  0.045334	  0.107250	  0.115966	  0.089606	  0.014933	 -0.028411	 -0.101909	 -0.041022	 -0.017672	 -0.049570	  0.123707	  0.113405	  0.240571	  0.217633
 -0.065644	  0.028704	  0.056541	  0.055491	  0.100106	  0.062225	  0.074185	 -0.021181	 -0.023166	 -0.099684	 -0.043391	  0.034810	  0.003035	  0.148270	  0.137199	  0.275276	  0.257961
 -0.079152	  0.023363	  0.069585	  0.047261	  0.104873	  0.033008	  0.088546	 -0.046979	 -0.033469	 -0.130158	 -0.027942	  0.079104	  0.048371	  0.197299	  0.176795	  0.310027	  0.306974
 -0.042331	  0.013537	  0.062045	  0.026847	  0.099015	  0.018970	  0.069804	 -0.037815	 -0.048974	 -0.088807	  0.005149	  0.117057	  0.076166	  0.276137	  0.246167	  0.359592	  0.341682
 -0.041421	  0.011335	  0.071204	  0.034868	  0.114165	 -0.016927	  0.032297	 -0.022939	 -0.021258	 -0.070519	  0.048586	  0.171200	  0.135349	  0.308713	  0.310727	  0.388680	  0.347740
 -0.034953	  0.029199	  0.055856	  0.044903	  0.103984	 -0.012337	 -0.019686	 -0.016260	  0.022707	 -0.016753	  0.087539	  0.196899	  0.167331	  0.333460	  0.342831	  0.424554	  0.351618
 -0.022149	  0.044994	  0.070081	  0.072961	  0.088570	 -0.018057	 -0.036937	 -0.022577	  0.049737	  0.053770	  0.111001	  0.213385	  0.190663	  0.351316	  0.351859	  0.441439	  0.371568
 -0.003047	  0.042978	  0.096699	  0.071756	  0.076467	 -0.044206	 -0.026117	 -0.035075	  0.087325	  0.098217	  0.150613	  0.201921	  0.211632	  0.365106	  0.336390	  0.429188	  0.331179
  0.007783	  0.052359	  0.123214	  0.057471	  0.105187	 -0.068129	  0.000844	 -0.025560	  0.112332	  0.107713	  0.193412	  0.202132	  0.204017	  0.344389	  0.296575	  0.418769	  0.303187
  0.011885	  0.069819	  0.150599	  0.049822	  0.098892	 -0.059703	  0.014849	  0.013351	  0.140967	  0.129742	  0.200988	  0.179914	  0.196420	  0.311752	  0.222477	  0.356293	  0.267099
 -0.038776	  0.065425	  0.138678	  0.056018	  0.098259	 -0.016102	  0.033594	  0.070815	  0.166790	  0.166762	  0.184883	  0.161909	  0.181155	  0.277851	  0.160937	  0.287437	  0.221820
 -0.021401	  0.033833	  0.119112	  0.068461	  0.113101	 -0.003589	  0.042260	  0.084153	  0.172537	  0.166776	  0.199982	  0.154942	  0.162603	  0.216199	  0.089107	  0.225114	  0.166787
  0.016310	  0.002827	  0.092674	  0.075293	  0.102911	 -0.004097	  0.085437	  0.104969	  0.175684	  0.156964	  0.190595	  0.143283	  0.155778	  0.171658	  0.006020	  0.198232	  0.079398
  0.030943	  0.030735	  0.052615	  0.051316	  0.107549	  0.034859	  0.131610	  0.118325	  0.153097	  0.144963	  0.177739	  0.133984	  0.121498	  0.111920	 -0.052734	  0.151862	 -0.007456
  0.030014	  0.007690	  0.058585	  0.034741	  0.121926	  0.054019	  0.127445	  0.134367	  0.142794	  0.142230	  0.167049	  0.114241	  0.097192	  0.052844	 -0.087417	  0.103457	 -0.055689
  0.001402	 -0.007275	  0.077421	  0.017168	  0.122823	  0.074487	  0.162781	  0.140277	  0.152881	  0.109041	  0.154261	  0.085027	  0.033806	 -0.000117	 -0.111679	  0.066882	 -0.103281
 -0.031583	  0.013645	  0.062153	 -0.011629	  0.117614	  0.081833	  0.175392	  0.128681	  0.156323	  0.062256	  0.142767	  0.048492	  0.007486	 -0.021568	 -0.116127	  0.032541	 -0.134495
 -0.045343	  0.003025	  0.073633	 -0.040637	  0.101841	  0.067293	  0.166824	  0.126428	  0.160315	  0.052893	  0.142251	  0.022220	  0.004077	 -0.032577	 -0.128960	  0.000620	 -0.152999
 -0.021411	  0.000730	  0.066691	 -0.040828	  0.114602	  0.085504	  0.151890	  0.121070	  0.146553	  0.054271	  0.133447	 -0.041424	 -0.021673	 -0.027971	 -0.164691	 -0.032572	 -0.171206
 -0.017812	  0.033102	  0.032956	 -0.016619	  0.096952	  0.114964	  0.164039	  0.118324	  0.107670	  0.043468	  0.083779	 -0.037750	 -0.034777	 -0.008606	 -0.175457	 -0.091346	 -0.195454
 -0.031519	  0.052087	  0.010907	 -0.004109	  0.088852	  0.117390	  0.132769	  0.116773	  0.103058	  0.001743	  0.055504	 -0.027287	 -0.058941	  0.010034	 -0.152030	 -0.081943	 -0.210750
 -0.039820	  0.033812	 -0.003157	 -0.032393	  0.093043	  0.118685	  0.086262	  0.116828	  0.108308	 -0.035484	  0.057798	 -0.064014	 -0.092214	 -0.000217	 -0.148271	 -0.072644	 -0.205902
 -0.030413	  0.024634	  0.003400	 -0.069882	  0.093260	  0.143162	  0.077510	  0.082827	  0.128635	 -0.056477	  0.039989	 -0.063211	 -0.118527	 -0.021780	 -0.164500	 -0.044902	 -0.189827
 -0.017555	  0.010337	  0.024605	 -0.070722	  0.107946	  0.137327	  0.054982	  0.054160	  0.119158	 -0.051053	  0.028459	 -0.062365	 -0.130021	 -0.041697	 -0.170317	 -0.004030	 -0.136385
 -0.001394	  0.007840	  0.031576	 -0.073147	  0.100988	  0.145266	  0.042863	  0.019188	  0.084188	 -0.050366	  0.032217	 -0.036522	 -0.112552	 -0.040703	 -0.142804	  0.017733	 -0.068016
  0.004035	  0.000864	  0.013588	 -0.044316	  0.140875	  0.136172	  0.028561	  0.014214	  0.054944	 -0.058894	  0.017964	 -0.033531	 -0.113282	 -0.035754	 -0.106354	  0.038233	 -0.024975
 -0.009607	 -0.015396	 -0.010876	 -0.044967	  0.152778	  0.115230	  0.043964	  0.045970	  0.008360	 -0.073923	 -0.007019	 -0.054131	 -0.154531	 -0.030544	 -0.097456	  0.067360	 -0.006112
 -0.015080	 -0.014502	 -0.014903	 -0.040385	  0.118054	  0.096429	  0.055791	  0.046018	 -0.008523	 -0.090287	 -0.018455	 -0.050589	 -0.160872	 -0.035790	 -0.072628	  0.090031	  0.026186
 -0.000244	 -0.021289	 -0.022158	 -0.019687	  0.098031	  0.111662	  0.045269	  0.015251	 -0.025973	 -0.091242	 -0.030216	 -0.027694	 -0.121374	 -0.043354	 -0.023281	  0.132475	  0.042387
  0.007437	 -0.047083	 -0.019008	  0.035350	  0.093759	  0.093992	  0.010177	 -0.038179	  0.001969	 -0.092358	 -0.044176	 -0.031067	 -0.093207	 -0.038220	 -0.000536	  0.157337	  0.087285
  0.020225	 -0.035690	 -0.021320	  0.042551	  0.107294	  0.088621	 -0.035123	 -0.070845	  0.004649	 -0.096856	 -0.038978	 -0.027360	 -0.079890	 -0.001334	  0.003367	  0.164091	  0.137497
 -0.017855	 -0.005950	 -0.020344	  0.021815	  0.129881	  0.078961	 -0.016117	 -0.073891	 -0.010616	 -0.113171	 -0.042170	 -0.008613	 -0.056331	  0.049263	  0.026619	  0.178996	  0.141019
 -0.027343	  0.003625	  0.003368	  0.030200	  0.122309	  0.065244	 -0.006626	 -0.056584	 -0.011898	 -0.131118	 -0.015730	 -0.004315	 -0.034399	  0.092141	  0.056467	  0.188161	  0.134188
 -0.012570	  0.010033	  0.020185	  0.044220	  0.092418	  0.042038	 -0.011697	 -0.064593	 -0.013084	 -0.129661	  0.022243	 -0.002514	 -0.020701	  0.109829	  0.071417	  0.228486	  0.146033
 -0.006373	  0.009477	  0.027793	  0.071818	  0.103284	  0.032312	 -0.020706	 -0.053233	 -0.018895	 -0.113453	  0.002884	  0.002402	  0.022698	  0.131042	  0.078907	  0.260175	  0.166123
 -0.009006	 -0.009505	  0.011668	  0.045017	  0.104927	  0.045879	 -0.038193	 -0.029781	 -0.006032	 -0.095380	  0.005270	  0.032541	  0.031686	  0.151632	  0.117932	  0.296399	  0.171033
 -0.015312	 -0.017124	  0.025554	  0.041515	  0.095311	  0.046127	 -0.052637	 -0.029488	  0.009647	 -0.060916	  0.008160	  0.052877	  0.032573	  0.156006	  0.104009	  0.299361	  0.196348
 -0.033981	 -0.043680	  0.027938	  0.026407	  0.077364	  0.032241	 -0.036451	 -0.031973	  0.010658	 -0.066395	  0.012240	  0.070803	  0.074013	  0.177688	  0.111441	  0.274825	  0.214886
 -0.015094	 -0.025312	  0.020610	  0.027815	  0.079938	  0.030867	 -0.017660	 -0.035137	  0.015734	 -0.056882	  0.034121	  0.090287	  0.129962	  0.176581	  0.120327	  0.268153	  0.235889
  0.015759	  0.003293	  0.015191	  0.041773	  0.061326	  0.046904	 -0.022140	 -0.023260	  0.038389	 -0.005853	  0.045897	  0.097399	  0.131014	  0.166315	  0.127613	  0.267610	  0.238045
  0.023340	  0.013812	  0.008959	  0.051656	  0.036582	  0.073262	 -0.019609	 -0.009325	  0.018051	  0.017766	  0.055571	  0.128514	  0.127660	  0.181488	  0.107746	  0.271714	  0.234859
  0.032049	  0.020779	  0.020411	  0.041731	  0.030262	  0.084732	  0.020162	  0.008515	  0.020790	  0.011623	  0.073314	  0.109193	  0.134949	  0.173269	  0.098443	  0.277024	  0.222993
  0.038399	  0.016711	  0.016700	  0.014619	  0.059315	  0.062615	  0.060357	  0.037829	  0.063254	 -0.008830	  0.068293	  0.067236	  0.154554	  0.157222	  0.113111	  0.298131	  0.186344
  0.049314	  0.014023	  0.017482	 -0.018827	  0.083457	  0.075123	  0.086898	  0.058057	  0.071385	 -0.005723	  0.074599	  0.044056	  0.160688	  0.122880	  0.131731	  0.302395	  0.158935
  0.041661	  0.007815	  0.020835	 -0.024388	  0.113150	  0.080265	  0.084708	  0.065407	  0.077893	 -0.002422	  0.066456	  0.040662	  0.105788	  0.110157	  0.140476	  0.282647	  0.162827
  0.033288	  0.034914	  0.024070	 -0.032828	  0.095314	  0.075755	  0.050115	  0.072706	  0.100964	 -0.001475	  0.049432	  0.064097	  0.072058	  0.089828	  0.087846	  0.252770	  0.167243
  0.000185	  0.051432	  0.046122	 -0.047377	  0.034921	  0.070649	  0.021126	  0.054503	  0.100800	  0.010317	  0.069864	  0.064364	  0.089289	  0.093090	  0.017986	  0.249771	  0.168788
  0.007221	  0.046615	  0.040548	 -0.050660	  0.016109	  0.066910	  0.037152	  0.031664	  0.075363	  0.015940	  0.083129	  0.064277	  0.087297	  0.098377	  0.001655	  0.230946	  0.159887
  0.005771	  0.032787	  0.022759	 -0.064234	  0.026681	  0.071373	  0.048977	  0.035587	  0.056605	  0.035776	  0.102624	  0.097891	  0.072197	  0.095308	  0.006800	  0.215277	  0.126059
  0.010631	  0.019281	  0.011371	 -0.039871	  0.056981	  0.087068	  0.056484	  0.054866	  0.071168	  0.033176	  0.098350	  0.106811	  0.078701	  0.103106	  0.009932	  0.210032	  0.111623
  0.010809	  0.021668	  0.025824	 -0.021211	  0.061950	  0.111556	  0.062578	  0.084570	  0.083699	  0.022601	  0.093245	  0.091120	  0.059043	  0.099961	  0.012377	  0.206675	  0.108857
  0.000525	  0.050734	  0.052919	  0.008704	  0.053721	  0.091826	  0.057826	  0.112903	  0.074516	 -0.001756	  0.092859	  0.061402	  0.037264	  0.091907	  0.011823	  0.204801	  0.119048
  0.010065	  0.040077	  0.078391	  0.025678	  0.035662	  0.097640	  0.066488	  0.091519	  0.068463	 -0.017446	  0.068380	  0.062488	  0.044914	  0.102407	  0.015944	  0.207986	  0.136478
  0.033342	  0.021946	  0.097428	  0.019531	  0.036295	  0.081365	  0.044821	  0.077478	  0.048098	 -0.000454	  0.077973	  0.063358	  0.033841	  0.109730	  0.015726	  0.192491	  0.151415
  0.059973	  0.015356	  0.069545	  0.032107	  0.034181	  0.068709	  0.061286	  0.057503	  0.022033	 -0.004814	  0.092614	  0.082075	  0.021329	  0.090251	  0.010361	  0.189416	  0.164116
  0.067092	  0.017248	  0.050285	  0.048945	  0.045827	  0.078811	  0.081658	  0.055718	  0.040042	 -0.001473	  0.063522	  0.070834	  0.043916	  0.058928	 -0.009832	  0.193454	  0.176874
  0.052114	  0.034102	  0.033430	  0.045086	  0.041576	  0.066110	  0.079409	  0.101911	  0.038144	  0.013927	  0.054616	  0.074580	  0.050171	  0.060837	 -0.015213	  0.171919	  0.154707
  0.063491	  0.030698	  0.031886	  0.048427	  0.064903	  0.083192	  0.052914	  0.127328	  0.051958	  0.022786	  0.053303	  0.082063	  0.037086	  0.077297	 -0.026932	  0.175592	  0.128903
  0.074809	  0.022177	  0.030246	  0.048685	  0.093457	  0.078200	  0.034344	  0.117239	  0.060343	  0.009476	  0.041397	  0.072450	  0.033909	  0.078859	 -0.025410	  0.190138	  0.097385
  0.057801	  0.014620	  0.061573	  0.068363	  0.089233	  0.091869	  0.067354	  0.105301	  0.057635	  0.038468	  0.029548	  0.061915	  0.008821	  0.074140	 -0.024336	  0.204062	  0.078195
  0.041187	  0.009193	  0.057642	  0.055155	  0.105741	  0.114578	  0.047761	  0.076784	  0.052366	  0.024632	  0.007801	  0.035061	  0.021739	  0.069618	  0.002233	  0.216747	  0.075956
  0.041346	  0.029353	  0.052322	  0.056464	  0.104941	  0.099335	  0.041641	  0.063379	  0.038784	  0.023441	 -0.044123	  0.051761	  0.053791	  0.087331	 -0.002136	  0.247244	  0.086059
  0.041563	  0.045061	  0.074441	  0.065702	  0.070068	  0.093974	  0.060756	  0.066255	  0.028127	  0.050504	 -0.053001	  0.112780	  0.038239	  0.103595	  0.007216	  0.268411	  0.096795
  0.027164	  0.040596	  0.077138	  0.071139	  0.052465	  0.069513	  0.061117	  0.071080	  0.013195	  0.050733	 -0.046632	  0.138596	  0.018306	  0.112332	  0.029332	  0.258517	  0.099691
  0.019387	  0.071881	  0.059033	  0.049089	  0.061307	  0.059152	  0.079473	  0.084660	  0.019160	  0.026113	 -0.033858	  0.129026	 -0.019448	  0.131364	  0.032737	  0.268899	  0.133170
  0.003711	  0.084630	  0.049652	  0.035949	  0.064885	  0.051686	  0.053928	  0.089004	  0.045038	  0.004261	 -0.005246	  0.144714	 -0.011335	  0.152696	  0.064394	  0.319047	  0.166060
  0.002894	  0.071695	  0.064656	  0.051819	  0.075190	  0.040937	  0.065589	  0.097230	  0.039575	 -0.026229	  0.019622	  0.170512	  0.036966	  0.171531	  0.054842	  0.343880	  0.170757
  0.008129	  0.062540	  0.060244	  0.077940	  0.093784	  0.056673	  0.066812	  0.134446	  0.068039	 -0.019292	  0.027237	  0.170637	  0.070663	  0.192258	  0.058249	  0.358008	  0.168318
  0.007740	  0.042969	  0.038080	  0.072740	  0.121289	  0.071510	  0.064895	  0.136153	  0.101490	  0.000128	  0.036593	  0.173776	  0.086753	  0.197701	  0.089909	  0.338449	  0.202060
  0.007459	  0.040706	  0.045535	  0.107276	  0.136876	  0.094113	  0.049423	  0.127310	  0.108117	  0.023833	  0.069842	  0.165771	  0.092732	  0.201634	  0.119702	  0.309598	  0.223088
  0.013905	  0.043733	  0.057906	  0.099356	  0.151028	  0.083305	  0.046445	  0.117196	  0.114005	  0.043157	  0.091515	  0.185348	  0.120343	  0.207196	  0.131627	  0.286285	  0.245774
 -0.011398	  0.040723	  0.056016	  0.115466	  0.153313	  0.083006	  0.089966	  0.114754	  0.124259	  0.049621	  0.123178	  0.201049	  0.137717	  0.217571	  0.106609	  0.245468	  0.218654
 -0.003118	  0.065221	  0.059796	  0.117220	  0.129512	  0.072669	  0.083642	  0.129106	  0.106289	  0.046027	  0.150024	  0.193477	  0.168259	  0.232782	  0.094413	  0.243052	  0.214022
  0.007538	  0.055496	  0.056481	  0.067583	  0.106992	  0.063312	  0.100900	  0.143231	  0.128503	  0.031623	  0.164002	  0.209709	  0.187782	  0.235834	  0.100700	  0.226579	  0.198987
 -0.006815	  0.045935	  0.080647	  0.036282	  0.120061	  0.091289	  0.096019	  0.150555	  0.145480	  0.051950	  0.165875	  0.208770	  0.184557	  0.212190	  0.109780	  0.208369	  0.169884
  0.018737	  0.036281	  0.051368	  0.041575	  0.116370	  0.102851	  0.089379	  0.094507	  0.137815	  0.059805	  0.160773	  0.187294	  0.186097	  0.199638	  0.127010	  0.212845	  0.155499
  0.044105	  0.052187	  0.041064	  0.047536	  0.111136	  0.129487	  0.102316	  0.082020	  0.155124	  0.035709	  0.176580	  0.177339	  0.161767	  0.184763	  0.139900	  0.191637	  0.141418
  0.022708	  0.063835	  0.049985	  0.062428	  0.120278	  0.128257	  0.124942	  0.081379	  0.120063	  0.023876	  0.171271	  0.176526	  0.164846	  0.171009	  0.138943	  0.180507	  0.143425
 -0.000785	  0.079224	  0.045114	  0.047332	  0.121116	  0.110087	  0.148733	  0.068574	  0.112356	  0.002784	  0.153271	  0.153259	  0.140268	  0.130108	  0.122270	  0.181210	  0.145474
 -0.014709	  0.093096	  0.063819	  0.020209	  0.115278	  0.110031	  0.172092	  0.049872	  0.105053	 -0.014405	  0.132485	  0.154433	  0.123327	  0.130281	  0.102559	  0.171304	  0.152808
  0.005357	  0.086032	  0.074720	  0.008435	  0.126371	  0.127507	  0.164947	  0.052431	  0.091658	 -0.016974	  0.171169	  0.141424	  0.141525	  0.188332	  0.128263	  0.137702	  0.150328
  0.019688	  0.072348	  0.053576	  0.048443	  0.135455	  0.130136	  0.164241	  0.094771	  0.090056	 -0.015353	  0.187010	  0.105324	  0.141944	  0.189910	  0.151951	  0.134508	  0.164277
  0.011860	  0.038135	  0.046666	  0.051009	  0.138109	  0.108583	  0.151057	  0.068968	  0.085552	 -0.025393	  0.177148	  0.107590	  0.162070	  0.207289	  0.139097	  0.143285	  0.157379
  0.026393	  0.018606	  0.056128	  0.031735	  0.166876	  0.088674	  0.120181	  0.055951	  0.072411	 -0.017739	  0.205818	  0.093531	  0.171429	  0.204713	  0.140153	  0.138712	  0.138959
  0.024410	  0.014861	  0.043380	  0.031968	  0.157833	  0.087844	  0.132067	  0.067381	  0.063572	  0.006100	  0.224872	  0.069541	  0.150260	  0.202953	  0.136466	  0.142630	  0.120208
 -0.008936	 -0.009095	  0.053925	  0.024747	  0.145705	  0.073311	  0.140635	  0.064236	  0.072595	  0.014273	  0.231906	  0.067727	  0.121908	  0.206966	  0.141764	  0.146005	  0.141213
 -0.026283	  0.013155	  0.055851	  0.016999	  0.120895	  0.053985	  0.157209	  0.104566	  0.065776	  0.010834	  0.223377	  0.061335	  0.112440	  0.182187	  0.164049	  0.167782	  0.140527
 -0.029800	  0.016589	  0.054035	  0.017604	  0.109975	  0.066385	  0.144907	  0.117037	  0.061247	  0.019941	  0.215880	  0.058633	  0.112557	  0.184882	  0.139225	  0.168550	  0.142425
 -0.030427	  0.006533	  0.022563	  0.036638	  0.099805	  0.028579	  0.142236	  0.116587	  0.089427	  0.016687	  0.204318	  0.051939	  0.119713	  0.181157	  0.121504	  0.174793	  0.142648
 -0.017457	 -0.004055	 -0.004940	  0.038308	  0.101613	  0.034109	  0.130563	  0.117767	  0.074957	 -0.002426	  0.201325	  0.048311	  0.103930	  0.161932	  0.118800	  0.189608	  0.122527
 -0.020603	  0.013789	  0.014989	  0.029779	  0.126939	  0.076806	  0.109422	  0.107478	  0.079695	 -0.028304	  0.183685	  0.080428	  0.106515	  0.133375	  0.110660	  0.207649	  0.136958
  0.003394	  0.014929	  0.049126	  0.031383	  0.137956	  0.052933	  0.130560	  0.119873	  0.100794	 -0.021819	  0.183951	  0.076800	  0.121939	  0.136372	  0.107271	  0.223745	  0.151389
  0.023854	 -0.000523	  0.058763	  0.028460	  0.136143	  0.024557	  0.136523	  0.135307	  0.104235	 -0.002823	  0.198651	  0.077847	  0.112785	  0.151010	  0.091444	  0.250150	  0.189547
  0.008717	  0.001144	  0.079769	  0.031100	  0.142324	  0.022585	  0.152974	  0.139971	  0.067771	 -0.001734	  0.177063	  0.060387	  0.095214	  0.118449	  0.093043	  0.253380	  0.244013
  0.008968	 -0.005939	  0.068432	  0.034507	  0.131573	  0.072127	  0.144995	  0.147474	  0.054427	 -0.026558	  0.143073	  0.040016	  0.083052	  0.088813	  0.101089	  0.269364	  0.261849
  0.018907	  0.007334	  0.058238	  0.010348	  0.127400	  0.127561	  0.124253	  0.172322	  0.092431	 -0.024916	  0.096983	  0.025077	  0.088901	  0.106076	  0.086436	  0.264491	  0.266695
  0.011585	  0.062756	  0.084895	  0.027879	  0.110670	  0.127574	  0.109210	  0.148252	  0.129280	 -0.015058	  0.062343	  0.008637	  0.099254	  0.111523	  0.111163	  0.284410	  0.278802
 -0.010626	  0.078145	  0.092878	  0.025448	  0.109021	  0.114559	  0.118246	  0.126180	  0.140002	 -0.014222	  0.074513	  0.007861	  0.090159	  0.123872	  0.136368	  0.273673	  0.272836
 -0.037906	  0.036736	  0.077688	 -0.008709	  0.107770	  0.122439	  0.142238	  0.118271	  0.121273	  0.004872	  0.091565	  0.022098	  0.089402	  0.145403	  0.134757	  0.282401	  0.255189
 -0.044600	  0.024410	  0.070597	 -0.005861	  0.096508	  0.087463	  0.150438	  0.111316	  0.090775	  0.030993	  0.099096	  0.040740	  0.099801	  0.148961	  0.141559	  0.306520	  0.255089
 -0.052173	  0.024000	  0.050822	  0.002584	  0.097149	  0.095323	  0.156647	  0.119185	  0.071983	  0.028079	  0.110005	  0.056383	  0.098470	  0.116044	  0.151085	  0.319948	  0.239581
 -0.056233	  0.029471	  0.036986	  0.055324	  0.118460	  0.120558	  0.135612	  0.113844	  0.081776	  0.027005	  0.117681	  0.070241	  0.111838	  0.096761	  0.135245	  0.347351	  0.263255
 -0.029694	  0.044957	  0.042032	  0.063418	  0.131976	  0.130082	  0.135402	  0.078126	  0.116182	  0.041085	  0.091633	  0.088035	  0.124156	  0.075398	  0.142219	  0.346524	  0.265835
 -0.035529	  0.041467	  0.051764	  0.061832	  0.124569	  0.099830	  0.154844	  0.065129	  0.140309	  0.022653	  0.082259	  0.089662	  0.109790	  0.065793	  0.182275	  0.320501	  0.291124
 -0.062852	  0.019279	  0.062637	  0.055367	  0.120488	  0.090710	  0.152218	  0.080736	  0.141816	  0.008650	  0.076813	  0.085783	  0.091513	  0.071052	  0.204870	  0.308921	  0.317561
 -0.054525	  0.037028	  0.085052	  0.063220	  0.124334	  0.080162	  0.138497	  0.093763	  0.146909	  0.009926	  0.059226	  0.067706	  0.104842	  0.083662	  0.221902	  0.313758	  0.331214
 -0.055084	  0.059923	  0.084295	  0.059323	  0.125441	  0.082677	  0.156296	  0.098029	  0.118971	  0.000106	  0.087758	  0.041979	  0.089417	  0.112382	  0.208905	  0.287720	  0.336725
 -0.035849	  0.089890	  0.095803	  0.076671	  0.139299	  0.100626	  0.154833	  0.113044	  0.113882	 -0.000120	  0.090758	  0.031192	  0.077549	  0.166685	  0.207755	  0.285122	  0.324794
  0.005039	  0.071941	  0.079605	  0.093867	  0.135299	  0.137103	  0.143936	  0.131578	  0.124117	 -0.003447	  0.108378	  0.042487	  0.095330	  0.178006	  0.216184	  0.270817	  0.288996
  0.017601	  0.056443	  0.072142	  0.095335	  0.124892	  0.124456	  0.149619	  0.134276	  0.137813	  0.002474	  0.106210	  0.050144	  0.110089	  0.142952	  0.211240	  0.313803	  0.276340
  0.015171	  0.056981	  0.041298	  0.081032	  0.158384	  0.130210	  0.159005	  0.149057	  0.152022	  0.038402	  0.078751	  0.056273	  0.124472	  0.122668	  0.206348	  0.286458	  0.273303
  0.045236	  0.058579	  0.068134	  0.062050	  0.155095	  0.151973	  0.168985	  0.160324	  0.130675	  0.065728	  0.029677	  0.061455	  0.103650	  0.114489	  0.191579	  0.243981	  0.253203
  0.047892	  0.055613	  0.085943	  0.048549	  0.149701	  0.134246	  0.152646	  0.153874	  0.134972	  0.068872	  0.053614	  0.073827	  0.085534	  0.088741	  0.174796	  0.221759	  0.244203
  0.040832	  0.071881	  0.066009	  0.019176	  0.131331	  0.157925	  0.146900	  0.115583	  0.123114	  0.070686	  0.087135	  0.090823	  0.093999	  0.099663	  0.183301	  0.217152	  0.226033
  0.032706	  0.092569	  0.080203	  0.014790	  0.104025	  0.174555	  0.122616	  0.138103	  0.136702	  0.079057	  0.101778	  0.090394	  0.068050	  0.105159	  0.181096	  0.207664	  0.225067
  0.008363	  0.084456	  0.106884	  0.022199	  0.108212	  0.171172	  0.116526	  0.166078	  0.130606	  0.055905	  0.130082	  0.084561	  0.059750	  0.136590	  0.157841	  0.187241	  0.211277
  0.022675	  0.082803	  0.101771	  0.040575	  0.116756	  0.154364	  0.107129	  0.146856	  0.144668	  0.026220	  0.142307	  0.099083	  0.061449	  0.176566	  0.175624	  0.163380	  0.200219
  0.006525	  0.081097	  0.094761	  0.068801	  0.102443	  0.162114	  0.125401	  0.166448	  0.153202	  0.033676	  0.141411	  0.123127	  0.071020	  0.175856	  0.200828	  0.164189	  0.206766
 -0.007835	  0.082226	  0.086558	  0.093379	  0.070344	  0.180013	  0.149356	  0.182946	  0.165101	  0.023948	  0.130290	  0.116330	  0.066368	  0.179395	  0.192075	  0.154556	  0.202939
  0.003013	  0.091793	  0.104818	  0.077231	  0.061859	  0.177770	  0.147433	  0.189848	  0.176523	  0.012966	  0.150316	  0.113570	  0.071085	  0.195459	  0.156906	  0.168487	  0.186261
  0.017557	  0.079620	  0.089786	  0.084925	  0.063100	  0.177302	  0.136721	  0.183806	  0.174511	  0.016959	  0.171348	  0.120875	  0.088890	  0.202243	  0.142376	  0.184188	  0.189820
  0.048549	  0.070216	  0.072124	  0.059068	  0.057728	  0.161971	  0.094653	  0.170517	  0.170619	  0.040365	  0.188243	  0.124137	  0.084686	  0.217923	  0.147980	  0.164656	  0.174743
  0.041797	  0.054909	  0.059580	  0.056206	  0.049531	  0.166334	  0.083889	  0.175334	  0.167005	  0.047089	  0.178293	  0.116572	  0.085929	  0.256339	  0.143021	  0.175921	  0.177250
  0.029319	  0.083767	  0.055767	  0.078925	  0.082217	  0.173621	  0.090069	  0.191662	  0.159987	  0.053835	  0.171113	  0.102949	  0.100498	  0.279339	  0.103033	  0.191408	  0.183686
  0.040650	 -0.007043	 -0.058245	  0.022588	 -0.007860	 -0.034574	 -0.036753	 -0.028973	 -0.023296	 -0.051214	  0.032009	 -0.001356	  0.022405	 -0.001152	  0.023881	  0.034508	  0.009264
  0.039506	  0.002597	 -0.060434	 -0.031004	 -0.003344	 -0.034695	 -0.037632	  0.010675	  0.004702	 -0.069334	  0.027284	 -0.009673	  0.044123	 -0.022752	  0.024710	  0.019645	  0.027819
  0.024383	 -0.018862	 -0.029640	 -0.054885	  0.006554	 -0.039397	 -0.028372	  0.007033	  0.002836	 -0.049937	  0.022713	 -0.025412	  0.025600	 -0.003734	  0.032643	  0.015497	  0.015734
  0.018514	 -0.028972	 -0.006587	 -0.049256	  0.018409	 -0.019608	 -0.036966	  0.009977	 -0.018579	 -0.027655	 -0.010948	 -0.013349	  0.005738	  0.029077	  0.025010	  0.017889	  0.015207
 -0.002611	 -0.034525	  0.000505	 -0.033090	  0.014243	 -0.009913	 -0.042270	  0.015556	 -0.042595	 -0.026569	 -0.016298	 -0.014090	  0.015251	  0.006532	  0.017803	 -0.000790	 -0.004336
 -0.020931	 -0.032713	  0.003063	 -0.014163	  0.016113	 -0.024622	 -0.036463	  0.028529	 -0.015127	 -0.016176	  0.006203	 -0.013360	  0.037913	  0.013335	  0.027977	 -0.010676	 -0.026216
 -0.032902	 -0.025837	 -0.001575	  0.006681	  0.016105	 -0.023038	 -0.012147	  0.058227	  0.014503	 -0.025458	 -0.009077	  0.001260	  0.019679	  0.035207	  0.016123	 -0.026017	 -0.008024
 -0.031322	 -0.021408	  0.013971	  0.006607	  0.028429	 -0.018637	 -0.005443	  0.054177	 -0.001530	 -0.025207	 -0.017596	 -0.011295	 -0.012908	 -0.001188	 -0.013676	 -0.020500	  0.002077
 -0.046388	  0.000903	  0.025776	 -0.005360	  0.046644	  0.013036	 -0.018622	  0.017002	 -0.021896	 -0.043177	 -0.001197	 -0.034186	 -0.048403	  0.000965	 -0.006258	 -0.019419	  0.003477
 -0.036666	  0.032080	  0.023809	 -0.000287	  0.016889	  0.011996	 -0.034079	  0.013320	 -0.040526	 -0.009949	 -0.010229	 -0.026471	 -0.043312	 -0.016651	  0.015270	 -0.018209	 -0.020731
 -0.028463	  0.017987	  0.012226	 -0.005375	  0.009067	  0.005210	 -0.012561	  0.024226	 -0.047295	 -0.011080	 -0.009536	 -0.009104	 -0.036327	 -0.041997	 -0.006279	 -0.006500	 -0.022381
 -0.060288	  0.020413	  0.002571	 -0.027601	  0.023027	  0.014544	  0.013674	  0.014151	 -0.021278	 -0.022336	 -0.018368	  0.022941	 -0.041363	 -0.020370	  0.017220	 -0.009482	 -0.009335
 -0.046453	  0.021410	 -0.003953	 -0.050064	  0.026151	  0.040113	  0.045367	 -0.010420	 -0.021054	 -0.008033	  0.018155	  0.008856	 -0.011248	 -0.008937	  0.003905	 -0.006117	 -0.011359
 -0.001751	  0.009308	  0.008260	 -0.012117	  0.013360	  0.031427	  0.045150	 -0.037981	 -0.001603	  0.024640	  0.028661	 -0.007313	 -0.005701	 -0.034439	 -0.027573	 -0.012265	 -0.025893
  0.020132	  0.027145	 -0.002768	  0.028283	 -0.001924	  0.041325	  0.044013	 -0.032768	 -0.016179	  0.031198	  0.016856	  0.006165	  0.000676	 -0.028468	 -0.049242	  0.014827	 -0.040819
  0.006321	  0.009589	 -0.023984	  0.042857	 -0.010137	  0.036912	  0.066606	 -0.023481	  0.011562	  0.032024	  0.029038	  0.012552	  0.033603	  0.011615	 -0.039738	  0.035704	 -0.013071
  0.009939	 -0.010882	 -0.001825	  0.041269	 -0.007935	  0.028097	  0.036788	 -0.024647	  0.051420	  0.062490	 -0.002970	  0.021277	  0.032795	  0.023866	 -0.034497	  0.042965	  0.011926
  0.028001	 -0.004698	  0.031908	  0.036807	 -0.049291	  0.007160	  0.012544	 -0.025188	  0.054823	  0.079510	 -0.037684	  0.018685	  0.006889	  0.036152	 -0.004157	 -0.002191	  0.028621
  0.038895	  0.010090	  0.045373	  0.034643	 -0.082931	 -0.012009	  0.020140	 -0.041810	  0.067225	  0.080549	 -0.036427	  0.034402	 -0.019099	  0.013842	  0.003875	 -0.021066	  0.036707
  0.081436	  0.033418	  0.021549	  0.063470	 -0.071567	 -0.013328	  0.017027	 -0.027604	  0.063888	  0.075715	 -0.010590	  0.039471	 -0.026312	  0.009097	 -0.026997	 -0.027803	  0.031335
  0.092473	  0.030548	  0.002169	  0.039408	 -0.051007	 -0.029838	  0.031323	 -0.008134	  0.050515	  0.071262	 -0.001874	 -0.011658	 -0.021145	 -0.015441	 -0.038111	 -0.016484	  0.028444
  0.049880	  0.022569	 -0.037836	 -0.000476	 -0.060566	 -0.032905	  0.055969	  0.001925	  0.067246	  0.053966	  0.000165	 -0.033858	 -0.018400	 -0.009643	 -0.032635	 -0.007922	  0.001006
  0.048839	  0.007489	 -0.035909	  0.001691	 -0.080758	 -0.048203	  0.029344	 -0.000057	  0.061161	  0.038107	  0.002378	 -0.008865	 -0.033702	 -0.016246	 -0.022991	  0.009782	 -0.013646
  0.028238	 -0.012291	 -0.036735	 -0.015399	 -0.072656	 -0.050854	  0.015042	 -0.018909	  0.034020	  0.034448	  0.028124	 -0.018122	 -0.032465	  0.020859	 -0.035552	  0.015571	 -0.017769
  0.008643	 -0.013316	 -0.045824	 -0.022290	 -0.065440	 -0.070536	  0.015124	 -0.042157	  0.063977	  0.052257	  0.028952	 -0.005707	 -0.003328	  0.024132	 -0.018206	 -0.001726	 -0.001935
  0.000483	 -0.016109	 -0.047038	  0.003744	 -0.037160	 -0.071278	  0.017550	 -0.052542	  0.062606	  0.057719	  0.036160	  0.010644	 -0.018165	  0.013260	 -0.014750	 -0.001487	  0.016781
  0.013685	 -0.004817	 -0.046307	  0.011492	 -0.024206	 -0.052308	  0.021118	 -0.035876	  0.067751	  0.065318	  0.033876	 -0.004278	 -0.003636	  0.014571	  0.002750	  0.013613	  0.004378
  0.012015	  0.007094	 -0.040796	  0.008595	 -0.006276	 -0.026694	  0.028752	 -0.026367	  0.057364	  0.046636	  0.065929	  0.006923	 -0.003810	  0.019475	  0.019456	  0.006408	  0.003184
  0.016864	  0.019671	 -0.030727	 -0.014017	 -0.007427	 -0.019784	  0.044951	 -0.025384	  0.044207	  0.059431	  0.067599	  0.000239	 -0.017882	  0.031256	  0.017704	  0.029887	  0.022690
  0.040125	  0.043371	 -0.017340	 -0.024407	  0.003336	 -0.012728	  0.044061	 -0.037259	  0.021553	  0.073482	  0.048824	 -0.004407	 -0.018381	  0.030700	  0.007943	  0.047797	  0.018915
  0.049283	  0.066194	  0.009261	 -0.031811	  0.005852	  0.026843	  0.060863	 -0.041384	  0.020010	  0.078917	  0.070488	 -0.010234	 -0.013546	  0.019258	  0.019925	  0.014489	  0.017623
  0.031053	  0.051006	  0.033621	 -0.024108	  0.002252	  0.038494	  0.048566	 -0.033034	  0.007332	  0.084455	  0.089531	 -0.030814	 -0.004749	  0.034493	  0.040044	 -0.035369	  0.022083
 -0.008629	  0.044353	  0.015779	 -0.034015	  0.002264	 -0.006915	  0.028556	  0.010829	 -0.010391	  0.094544	  0.098898	 -0.033519	 -0.010977	  0.029036	  0.052335	 -0.072531	  0.009894
 -0.032633	  0.048350	  0.001121	 -0.032734	  0.003096	 -0.017392	  0.027153	  0.040863	 -0.030947	  0.106241	  0.086481	 -0.036437	  0.010569	  0.012456	  0.055723	 -0.069516	 -0.003772
 -0.007832	  0.056945	  0.015417	 -0.018373	 -0.003236	 -0.013789	  0.029456	  0.039926	 -0.017443	  0.095677	  0.059002	 -0.065045	 -0.000808	  0.046549	  0.043815	 -0.069009	 -0.001322
  0.015876	  0.058194	  0.029491	 -0.029700	 -0.002474	 -0.016960	  0.034388	  0.053589	 -0.000842	  0.070509	  0.057085	 -0.078127	  0.026276	  0.046668	 -0.002351	 -0.062237	 -0.031663
  0.028968	  0.036992	  0.017803	 -0.046027	  0.001808	 -0.014558	  0.024730	  0.047163	  0.003595	  0.080127	  0.051974	 -0.082728	  0.048883	  0.005580	  0.008978	 -0.074780	 -0.036846
 -0.001656	  0.039970	 -0.001708	 -0.040672	  0.006175	 -0.026388	  0.001578	  0.028792	  0.008171	  0.071856	  0.038317	 -0.066297	  0.080523	 -0.012001	  0.024104	 -0.076979	 -0.035539
 -0.005746	  0.044548	 -0.008406	 -0.045081	  0.005087	 -0.005707	 -0.009026	  0.042130	  0.012723	  0.068531	  0.006179	 -0.080209	  0.073827	 -0.009789	  0.031412	 -0.080230	 -0.039479
  0.006161	  0.012819	 -0.003680	 -0.014865	 -0.014975	  0.002828	 -0.017960	  0.029910	 -0.001863	  0.062207	  0.017002	 -0.052864	  0.060724	  0.014104	  0.036022	 -0.064788	 -0.040434
  0.035661	  0.030737	 -0.015228	 -0.020616	 -0.042868	  0.015624	 -0.027385	  0.024446	 -0.013301	  0.081361	  0.049686	 -0.065244	  0.070468	  0.026913	  0.029116	 -0.042491	 -0.050855
  0.039638	  0.041515	 -0.002821	 -0.021913	 -0.035480	  0.012708	 -0.024967	  0.022483	 -0.037731	  0.102308	  0.061272	 -0.090730	  0.053996	  0.010272	  0.036675	 -0.051018	 -0.050802
  0.017041	  0.048483	  0.021143	 -0.002325	 -0.008591	  0.015535	 -0.026625	 -0.000906	 -0.056916	  0.103513	  0.071626	 -0.063282	  0.055505	 -0.020811	  0.001041	 -0.064839	 -0.062803
  0.009213	  0.009753	  0.012606	 -0.004070	 -0.026421	  0.004810	 -0.031662	  0.002432	 -0.055806	  0.080018	  0.061260	 -0.040501	  0.019506	 -0.026464	  0.002606	 -0.048813	 -0.070942
  0.033250	 -0.006950	 -0.004774	 -0.013780	 -0.038993	 -0.004955	 -0.021203	  0.009282	 -0.075000	  0.066884	  0.064257	 -0.067004	  0.004178	 -0.021660	 -0.021421	 -0.030465	 -0.053741
  0.049630	  0.033457	 -0.020852	 -0.031364	 -0.010509	 -0.005899	 -0.008725	  0.007947	 -0.069891	  0.083414	  0.051803	 -0.118816	  0.021537	 -0.018928	 -0.017627	 -0.015784	 -0.058209
  0.051877	  0.040313	 -0.038635	 -0.032048	 -0.017473	  0.013315	 -0.012965	  0.007450	 -0.033806	  0.094840	  0.069219	 -0.095506	  0.018877	 -0.038503	 -0.006486	 -0.011906	 -0.046866
  0.048248	  0.025712	 -0.051090	 -0.023113	 -0.029258	 -0.004908	 -0.022282	 -0.002115	 -0.000640	  0.075434	  0.084310	 -0.090416	  0.027314	 -0.038892	  0.006690	  0.006674	 -0.028674
  0.035729	  0.000366	 -0.007374	 -0.040140	 -0.008860	 -0.039413	 -0.020199	 -0.017867	 -0.005938	  0.053538	  0.086341	 -0.113622	  0.045026	 -0.023857	  0.016232	  0.005421	  0.010075
  0.030377	 -0.011810	  0.009252	 -0.049203	  0.008470	 -0.022573	 -0.029735	 -0.021192	  0.006704	  0.048873	  0.082878	 -0.095555	  0.020315	 -0.014635	 -0.010440	 -0.020424	  0.026137
  0.021128	  0.003970	  0.016726	 -0.090690	 -0.023642	 -0.001177	 -0.032043	 -0.012303	  0.016365	  0.059036	  0.103100	 -0.072830	  0.003238	 -0.015066	 -0.005270	 -0.040348	  0.033851
  0.033788	  0.030430	  0.016373	 -0.100731	 -0.027235	  0.037893	 -0.028539	 -0.011678	 -0.000086	  0.077590	  0.095283	 -0.071999	  0.003833	 -0.008468	  0.017835	 -0.084800	  0.040249
  0.048500	  0.054527	  0.001084	 -0.077258	 -0.051318	  0.050861	 -0.009385	 -0.020615	  0.029898	  0.081465	  0.083931	 -0.059332	 -0.027498	  0.000072	  0.021179	 -0.086862	  0.043431
  0.033848	  0.029411	 -0.014432	 -0.063797	 -0.066361	  0.031864	 -0.011377	  0.006267	  0.023620	  0.097631	  0.103107	 -0.058237	 -0.043713	 -0.017689	  0.017896	 -0.083981	  0.077330
  0.006806	  0.003394	 -0.058350	 -0.045212	 -0.070018	  0.025427	 -0.016493	  0.023381	  0.039046	  0.076330	  0.095241	 -0.052999	 -0.037366	 -0.027352	  0.001729	 -0.067792	  0.101119
  0.032709	  0.024873	 -0.056083	 -0.034261	 -0.070988	  0.009061	  0.019226	 -0.010284	  0.033160	  0.057228	  0.074953	 -0.027111	 -0.054422	 -0.044797	 -0.025402	 -0.039603	  0.111920
  0.037762	  0.027187	 -0.035935	 -0.035115	 -0.054343	 -0.009592	  0.042782	 -0.036828	  0.025055	  0.036790	  0.043720	 -0.027811	 -0.057368	 -0.048597	  0.007453	 -0.065915	  0.074726
  0.008567	  0.027354	 -0.060079	 -0.044358	 -0.033221	 -0.019105	  0.064554	 -0.010194	  0.015850	  0.044866	  0.034538	 -0.030726	 -0.045156	 -0.048720	  0.012750	 -0.086755	  0.056111
  0.006066	  0.021511	 -0.079114	 -0.067147	 -0.051244	 -0.020780	  0.086290	  0.000725	  0.020682	  0.074144	  0.037756	 -0.046388	 -0.024724	 -0.044626	  0.022774	 -0.064229	  0.056447
  0.053723	  0.031713	 -0.064928	 -0.060664	 -0.047061	 -0.041870	  0.065600	  0.023261	 -0.012706	  0.071855	  0.044433	 -0.048854	 -0.009013	 -0.043885	  0.048528	 -0.062067	  0.055361
  0.071742	  0.027881	 -0.070216	 -0.066317	 -0.055264	 -0.061970	  0.047936	  0.031738	 -0.018277	  0.071560	  0.029827	 -0.013372	  0.010042	 -0.041506	  0.058544	 -0.049252	  0.022611
  0.061185	  0.014605	 -0.064596	 -0.072969	 -0.038023	 -0.079258	  0.047859	  0.021634	  0.017856	  0.085671	  0.049010	 -0.023350	 -0.017238	 -0.018388	  0.067906	 -0.027672	  0.006371
  0.065349	  0.048434	 -0.018799	 -0.070615	 -0.031974	 -0.078265	  0.045032	  0.020471	  0.014317	  0.087677	  0.053433	 -0.012506	 -0.029780	 -0.024715	  0.065354	 -0.011008	  0.020816
  0.061609	  0.027759	  0.003819	 -0.073228	 -0.070424	 -0.071793	  0.054185	  0.060665	  0.011976	  0.103432	  0.046523	 -0.014228	 -0.038058	 -0.017056	  0.084672	 -0.006066	  0.023994
  0.053205	  0.029690	  0.008002	 -0.056733	 -0.112804	 -0.051085	  0.038501	  0.088528	 -0.019589	  0.093704	  0.037555	 -0.003597	 -0.034037	 -0.014264	  0.099740	  0.021172	  0.030435
  0.023819	  0.029367	  0.000382	 -0.065216	 -0.099628	 -0.034002	  0.026650	  0.061933	 -0.004998	  0.074470	  0.068470	  0.017317	 -0.042983	 -0.010002	  0.070244	  0.053217	  0.010131
  0.004173	  0.017245	 -0.015386	 -0.078419	 -0.056651	 -0.047160	  0.014257	  0.036869	  0.015662	  0.069355	  0.081350	  0.034228	 -0.039251	 -0.005478	  0.071152	  0.070394	 -0.004479
  0.011958	  0.003953	 -0.024814	 -0.085174	 -0.066969	 -0.053134	 -0.002162	  0.058608	  0.010937	  0.060033	  0.072294	  0.028012	 -0.047674	  0.004093	  0.057717	  0.061553	 -0.016786
  0.042543	  0.003290	 -0.027318	 -0.096265	 -0.054850	 -0.052277	 -0.003349	  0.058024	  0.002325	  0.071501	  0.078862	  0.014743	 -0.043256	 -0.005830	  0.058436	  0.032854	 -0.030159
  0.024040	 -0.003095	 -0.043103	 -0.077609	 -0.047077	 -0.048213	  0.022636	  0.045701	 -0.008426	  0.048850	  0.080416	  0.009749	 -0.053845	 -0.008979	  0.074700	  0.047564	 -0.041293
  0.015739	 -0.008297	 -0.055623	 -0.072926	 -0.071737	 -0.036444	  0.038428	  0.054073	 -0.017833	  0.046213	  0.033375	  0.007857	 -0.047900	  0.020182	  0.026232	  0.039294	 -0.048324
  0.033317	 -0.024962	 -0.052714	 -0.072641	 -0.060187	 -0.017766	  0.042514	  0.055009	 -0.013653	  0.038206	  0.012632	  0.005367	 -0.042232	  0.029223	  0.007448	  0.043380	 -0.062461
  0.022787	 -0.026747	 -0.046803	 -0.041285	 -0.051372	 -0.046738	  0.018827	  0.071411	 -0.015602	  0.030936	  0.014055	  0.000309	 -0.049796	  0.051391	  0.021902	  0.069420	 -0.062127
  0.040818	 -0.006009	 -0.040524	 -0.003061	 -0.056948	 -0.054356	  0.020263	  0.109933	 -0.041451	  0.046289	  0.000656	  0.000573	 -0.050305	  0.036646	  0.016304	  0.059767	 -0.057871
  0.074790	  0.039681	 -0.012375	 -0.001231	 -0.053610	 -0.037629	  0.027551	  0.132951	 -0.034377	  0.046488	 -0.002547	  0.011295	 -0.038072	  0.028892	  0.004784	  0.061159	 -0.047117
  0.074254	  0.040056	  0.001700	  0.001047	 -0.034098	 -0.020496	  0.004664	  0.106732	 -0.029325	  0.072510	  0.017904	  0.034985	 -0.031963	  0.035921	 -0.010718	  0.071094	 -0.034328
  0.060294	  0.017133	  0.029226	 -0.015414	 -0.034831	 -0.025514	  0.002715	  0.083400	 -0.007644	  0.079810	  0.032963	  0.047797	 -0.022300	  0.036405	 -0.015475	  0.070246	 -0.048008
  0.067377	  0.018022	  0.055220	 -0.014272	 -0.048676	 -0.054936	  0.015955	  0.046800	  0.012661	  0.061509	  0.042354	  0.007162	 -0.030761	  0.035337	 -0.018292	  0.053735	 -0.052853
  0.055692	  0.040710	  0.056697	 -0.022097	 -0.055288	 -0.052631	  0.034690	  0.029000	  0.022933	  0.029601	  0.079597	  0.019067	 -0.054116	  0.025640	 -0.022911	  0.011970	 -0.045979
  0.060151	  0.041837	  0.040836	 -0.031001	 -0.035991	 -0.048184	  0.033201	  0.064548	  0.029255	  0.046173	  0.068903	 -0.005754	 -0.050657	  0.028040	 -0.001027	 -0.000502	 -0.048183
  0.031144	  0.038147	  0.027083	 -0.055343	 -0.025135	 -0.085271	  0.042131	  0.055637	  0.028600	  0.053987	  0.036326	 -0.002322	 -0.052982	  0.007229	  0.032875	  0.009680	 -0.061961
  0.008840	  0.036322	  0.013795	 -0.085986	 -0.022022	 -0.065442	  0.067016	  0.070583	 -0.000127	  0.043027	  0.011074	  0.026660	 -0.074021	 -0.025970	  0.036104	 -0.012388	 -0.108310
 -0.015990	  0.033059	  0.007012	 -0.090757	 -0.031624	 -0.045722	  0.044148	  0.059052	 -0.004104	  0.053817	  0.008289	  0.017212	 -0.078828	 -0.024197	  0.042581	 -0.018342	 -0.109659
 -0.047830	 -0.008397	  0.014887	 -0.061038	 -0.050841	 -0.023290	  0.037474	  0.041161	 -0.009854	  0.058975	 -0.006724	  0.027893	 -0.072446	 -0.042394	  0.043737	 -0.027454	 -0.086785
 -0.048920	 -0.034804	  0.021907	 -0.017562	 -0.057843	 -0.026290	  0.029869	  0.029394	 -0.027467	  0.060305	 -0.015471	  0.039498	 -0.059485	 -0.020246	  0.061430	 -0.076933	 -0.119643
 -0.035050	 -0.035814	  0.017518	 -0.016312	 -0.069148	 -0.004552	  0.030417	  0.018622	 -0.028673	  0.074670	 -0.017159	  0.040506	 -0.049643	 -0.002564	  0.052673	 -0.068308	 -0.121892
 -0.016758	 -0.021843	  0.004524	 -0.022361	 -0.066123	  0.018353	  0.032883	  0.045506	 -0.021523	  0.043805	 -0.024465	  0.020740	 -0.030188	 -0.000418	  0.058194	 -0.102279	 -0.082873
  0.011570	 -0.020036	 -0.003424	 -0.001281	 -0.079374	  0.030777	 -0.002308	  0.047603	 -0.037816	  0.024196	 -0.023096	  0.013831	 -0.017188	 -0.001588	  0.055334	 -0.118095	 -0.049985
  0.046301	 -0.031866	 -0.027649	  0.015873	 -0.083649	  0.021587	 -0.040080	  0.039410	 -0.027497	  0.028059	  0.009187	  0.014989	 -0.017698	 -0.019338	  0.044697	 -0.114981	 -0.065969
  0.068174	 -0.029524	 -0.045176	  0.008841	 -0.070648	  0.007257	 -0.064620	  0.041772	 -0.014271	  0.035508	  0.002267	 -0.006302	 -0.003107	 -0.010991	  0.025182	 -0.098160	 -0.064223
  0.071236	 -0.013050	 -0.046914	 -0.011871	 -0.066771	  0.002350	 -0.043414	  0.053177	  0.012531	  0.035373	 -0.008211	  0.001961	 -0.007598	  0.003249	  0.001440	 -0.059123	 -0.105502
  0.065369	 -0.002229	 -0.046353	 -0.024862	 -0.044210	 -0.006825	 -0.038532	  0.049234	  0.017603	  0.029782	  0.022245	  0.009036	 -0.021065	  0.001933	  0.002590	 -0.038890	 -0.102708
  0.092050	  0.009457	 -0.041997	 -0.023699	 -0.033814	 -0.025381	 -0.030394	  0.035964	 -0.014347	  0.017166	  0.040699	 -0.001129	 -0.006145	 -0.008885	  0.004725	 -0.013202	 -0.089882
  0.089192	 -0.001795	 -0.021993	 -0.010291	 -0.016186	 -0.041899	 -0.030749	  0.022469	  0.000104	  0.024824	  0.013998	  0.003661	  0.001418	 -0.002295	  0.014308	  0.010609	 -0.101603
  0.097230	 -0.011366	 -0.047071	 -0.030889	  0.000320	 -0.022067	 -0.027303	 -0.006261	  0.006560	  0.042205	  0.004642	 -0.000001	  0.017788	  0.017793	  0.023402	  0.001982	 -0.081552
  0.106155	  0.004009	 -0.058946	 -0.037746	 -0.002813	  0.010736	 -0.041026	  0.005436	  0.022535	  0.062166	  0.004478	 -0.008302	  0.039634	  0.025344	  0.024724	 -0.024303	 -0.028022
  0.080711	  0.023347	 -0.055569	 -0.043341	 -0.017532	  0.019610	 -0.028741	  0.008589	 -0.003851	  0.071684	  0.006111	 -0.021890	  0.071897	  0.025835	  0.037979	 -0.017320	  0.003796
  0.039571	  0.054559	 -0.045004	 -0.046541	 -0.021252	  0.001538	 -0.008848	  0.021254	 -0.028695	  0.079723	  0.007398	 -0.038596	  0.060907	  0.029169	  0.024943	 -0.003319	 -0.008598
  0.016577	  0.102928	 -0.056145	 -0.055420	 -0.032871	 -0.025929	  0.009652	  0.026415	 -0.038317	  0.083743	  0.004820	 -0.054306	  0.042450	  0.008836	  0.022561	 -0.016339	 -0.010636
  0.033499	  0.089922	 -0.049459	 -0.083884	 -0.036207	 -0.033248	 -0.010633	  0.010199	 -0.042718	  0.081682	  0.040868	 -0.056463	  0.023858	  0.025505	  0.008952	  0.010822	 -0.000570
  0.066949	  0.077633	 -0.027164	 -0.103613	 -0.025729	 -0.011058	  0.000188	  0.000653	 -0.037267	  0.100219	  0.069812	 -0.068543	  0.029419	  0.016761	  0.027455	  0.030095	 -0.005184
  0.081836	  0.065538	 -0.024882	 -0.096477	 -0.058795	 -0.023350	 -0.010694	 -0.003182	 -0.017801	  0.083789	  0.079628	 -0.051140	  0.044853	  0.032596	  0.033676	  0.022667	 -0.000985
  0.066371	  0.060590	 -0.033656	 -0.070772	 -0.064458	 -0.017906	  0.004552	 -0.003851	  0.017540	  0.046072	  0.103703	 -0.043006	  0.014084	  0.080399	  0.019039	 -0.002825	 -0.008795
  0.061838	  0.052017	  0.016632	 -0.069581	 -0.035408	 -0.034058	  0.007588	  0.011191	  0.018811	  0.017855	  0.087534	 -0.016100	 -0.019478	  0.092298	  0.033066	 -0.020485	 -0.006169
  0.057338	  0.021881	  0.019972	 -0.078579	 -0.019773	 -0.033393	  0.005024	  0.018030	 -0.011942	  0.033278	  0.084679	 -0.004965	 -0.005410	  0.044003	  0.020547	 -0.005600	  0.010392
  0.057655	  0.031617	  0.011198	 -0.054013	 -0.014506	 -0.030577	  0.023313	  0.032248	 -0.004496	  0.028017	  0.087967	 -0.000007	 -0.023506	  0.054429	  0.023578	  0.004235	  0.010546
  0.069619	 -0.001745	  0.006585	 -0.014533	 -0.007783	 -0.031203	  0.046746	  0.041877	  0.009160	  0.019838	  0.110958	  0.018317	 -0.023727	  0.045336	  0.008021	  0.007285	 -0.006256
  0.070524	  0.000486	 -0.011888	 -0.032616	 -0.005488	 -0.037872	  0.069861	  0.029469	  0.017795	  0.022392	  0.107103	  0.018018	 -0.025592	  0.008662	  0.013978	 -0.011651	 -0.007421
  0.073197	  0.021626	 -0.021585	 -0.040284	 -0.024623	 -0.032921	  0.072977	  0.041450	  0.031879	  0.029212	  0.080566	  0.041204	 -0.014878	  0.007680	  0.029769	 -0.014383	 -0.022889
  0.069820	  0.035877	 -0.016210	 -0.034434	 -0.037513	 -0.054643	  0.102520	  0.052910	  0.058964	  0.036392	  0.063657	  0.048813	  0.022270	  0.011145	  0.069881	  0.005201	 -0.031152
  0.061486	  0.035884	 -0.031512	 -0.031357	 -0.034143	 -0.051667	  0.074812	  0.050848	  0.057829	  0.029039	  0.069717	  0.069717	  0.033157	  0.019656	  0.089478	 -0.001662	 -0.018565
  0.050485	  0.053608	 -0.046798	 -0.018397	 -0.060020	 -0.017404	  0.067310	  0.051531	  0.061013	  0.027551	  0.056376	  0.099775	  0.032580	  0.039604	  0.073288	 -0.001780	 -0.016546
  0.069918	  0.091367	 -0.026440	  0.010161	 -0.079501	 -0.004530	  0.060666	  0.057146	  0.040464	  0.043621	  0.042201	  0.054100	  0.031767	  0.045669	  0.037917	 -0.011093	 -0.016777
  0.069403	  0.100905	  0.002370	  0.034517	 -0.097111	  0.037512	  0.044718	  0.053984	  0.038707	  0.039314	  0.047507	  0.028572	 -0.015407	  0.033375	  0.025828	 -0.040316	 -0.027469
  0.067787	  0.111580	 -0.009218	  0.020638	 -0.098280	  0.062793	  0.056773	  0.035129	  0.039181	  0.031661	  0.036790	  0.007987	 -0.036186	  0.043122	  0.007728	 -0.053460	 -0.075129
  0.045784	  0.088730	 -0.029712	  0.021253	 -0.093956	  0.067848	  0.089803	  0.019014	  0.014504	  0.040314	  0.015867	 -0.016111	 -0.034162	  0.037142	  0.020292	 -0.048394	 -0.091460
  0.041278	  0.043898	 -0.031255	 -0.005479	 -0.089145	  0.064119	  0.089532	  0.022342	  0.010925	  0.039896	  0.015845	 -0.049680	 -0.015401	  0.044443	  0.022583	 -0.065945	 -0.072309
  0.034086	  0.034975	 -0.023861	 -0.003727	 -0.099079	  0.060662	  0.075969	  0.056250	  0.027068	  0.017141	  0.022234	 -0.056300	  0.001716	  0.053343	  0.030252	 -0.040538	 -0.049846
 -0.003442	  0.028155	 -0.034582	  0.007078	 -0.080158	  0.055900	  0.066308	  0.043812	  0.020261	  0.013035	  0.016866	 -0.031014	 -0.009855	  0.042169	  0.028806	 -0.016228	 -0.051381
 -0.023793	  0.026191	 -0.014885	  0.019146	 -0.076464	  0.054569	  0.076667	  0.001636	 -0.021609	  0.035711	 -0.003048	 -0.030614	 -0.025993	  0.038486	  0.035226	 -0.015740	 -0.041661
 -0.027305	  0.009409	  0.011794	  0.057226	 -0.079663	  0.031808	  0.094488	 -0.016441	 -0.040728	  0.055306	  0.028880	 -0.033433	 -0.026104	  0.031148	  0.059174	 -0.001944	 -0.035817
 -0.024320	 -0.000100	  0.017575	  0.078518	 -0.095934	  0.026621	  0.102913	 -0.023729	 -0.049986	  0.052918	  0.079928	 -0.026694	  0.013250	 -0.014753	  0.035265	 -0.002431	 -0.035347
 -0.018692	 -0.017581	  0.010901	  0.077411	 -0.117705	  0.024098	  0.111223	 -0.022689	 -0.046523	  0.037550	  0.085455	 -0.032466	  0.036814	 -0.051376	  0.024218	  0.004107	 -0.033453
 -0.014766	 -0.010877	 -0.000504	  0.067386	 -0.126871	  0.021771	  0.083602	 -0.014198	 -0.028185	  0.042780	  0.070293	 -0.025320	  0.058041	 -0.073589	  0.008625	  0.022459	 -0.062788
  0.002341	 -0.028417	 -0.015682	  0.039037	 -0.130540	  0.027973	  0.112568	 -0.018525	 -0.019633	  0.047038	  0.082238	  0.001604	  0.058714	 -0.080408	  0.011389	  0.032614	 -0.061459
  0.044680	 -0.028815	 -0.021953	  0.008960	 -0.110955	  0.015235	  0.112156	 -0.013212	 -0.005655	  0.045481	  0.057411	  0.003910	  0.063313	 -0.050405	  0.011858	  0.038198	 -0.081845
  0.057543	 -0.038008	 -0.019105	 -0.017506	 -0.091578	 -0.036187	  0.122722	 -0.016615	 -0.006865	  0.052013	  0.042938	  0.009004	  0.051683	 -0.045805	 -0.022943	  0.010010	 -0.068508
  0.041651	 -0.031621	  0.005863	  0.005712	 -0.107026	 -0.047531	  0.118824	 -0.001303	  0.022670	  0.064889	  0.033064	  0.011715	  0.057460	 -0.027226	 -0.035483	 -0.003715	 -0.026995
  0.039977	 -0.062143	  0.041734	  0.000672	 -0.109722	 -0.015973	  0.132503	  0.035014	  0.019775	  0.086529	  0.013079	 -0.005026	  0.064615	 -0.043446	 -0.027366	  0.018838	 -0.010375
  0.050962	 -0.058545	  0.061783	 -0.011787	 -0.108347	 -0.000079	  0.122141	  0.041997	  0.012005	  0.119594	 -0.010304	 -0.013073	  0.078088	 -0.066858	 -0.012763	  0.012306	 -0.002568
  0.047837	 -0.023025	  0.048748	 -0.009740	 -0.084869	  0.022128	  0.102285	  0.024576	  0.032681	  0.127198	  0.007219	 -0.027806	  0.071305	 -0.045127	  0.014302	  0.030680	  0.008758
  0.031539	 -0.021791	  0.037741	 -0.011148	 -0.088558	  0.014284	  0.100054	  0.008340	  0.040006	  0.140579	  0.026991	 -0.023297	  0.050298	 -0.031635	  0.015459	  0.040148	 -0.005850
  0.039810	 -0.033195	  0.025807	  0.021117	 -0.066582	  0.031317	  0.115877	  0.014387	  0.008466	  0.136903	  0.022783	 -0.018839	  0.054501	 -0.028308	  0.015963	  0.064329	 -0.015241
  0.050847	 -0.024610	  0.037679	 -0.014187	 -0.032243	  0.042836	  0.098541	  0.026678	  0.007688	  0.122009	  0.044453	 -0.003789	  0.037012	 -0.029711	  0.019168	  0.050908	 -0.005305
  0.067605	 -0.012047	  0.039772	 -0.012139	 -0.031777	  0.020398	  0.076896	  0.024172	  0.029692	  0.123157	  0.039625	  0.017150	  0.044728	 -0.010245	  0.020720	  0.037801	  0.012188
  0.067902	 -0.005571	  0.031847	 -0.022993	 -0.039974	  0.019726	  0.076167	  0.038266	  0.040692	  0.113512	  0.045480	  0.062620	  0.053795	 -0.026509	  0.020708	  0.034356	 -0.011092
  0.064887	  0.023972	  0.051397	 -0.025952	 -0.020030	  0.018609	  0.095860	  0.044909	  0.055777	  0.134666	  0.065547	  0.063262	  0.032725	 -0.065246	  0.020559	  0.034168	 -0.017172
  0.081074	  0.030229	  0.041958	 -0.006617	 -0.013865	  0.019416	  0.108436	  0.066635	  0.052360	  0.158274	  0.085790	  0.044742	  0.013191	 -0.033637	  0.019341	  0.030690	  0.028935
  0.095217	  0.040773	  0.049193	 -0.021403	 -0.024101	  0.031796	  0.095951	  0.065160	  0.075130	  0.148734	  0.078771	  0.038468	  0.022802	 -0.004109	  0.007924	  0.011067	  0.052572
  0.069298	  0.080259	  0.041747	 -0.047262	 -0.020141	  0.055736	  0.057330	  0.054805	  0.064360	  0.146717	  0.067404	  0.020660	  0.026563	 -0.011569	 -0.002378	  0.022742	  0.037282
  0.060270	  0.089704	  0.030613	 -0.062752	 -0.014628	  0.060736	  0.025978	  0.065889	  0.074844	  0.114330	  0.028899	  0.040776	  0.026871	 -0.013049	 -0.015979	  0.022870	  0.011396
  0.083843	  0.089988	  0.055283	 -0.060263	  0.002855	  0.038094	  0.010415	  0.050941	  0.091422	  0.077168	  0.034338	  0.013381	  0.073677	  0.025531	 -0.020325	 -0.001927	  0.003517
  0.109807	  0.088724	  0.034452	 -0.048006	  0.008789	  0.019397	 -0.011503	  0.050177	  0.086715	  0.052897	  0.032466	  0.005192	  0.064703	  0.048349	 -0.036497	 -0.024631	 -0.012271
  0.113225	  0.082830	  0.031220	 -0.034794	  0.004885	 -0.011032	 -0.008376	  0.040570	  0.076836	  0.062271	  0.024374	 -0.019605	  0.050571	  0.051162	 -0.031850	 -0.036456	 -0.035099
  0.113633	  0.082796	  0.042270	 -0.032981	 -0.016075	 -0.015425	  0.004042	  0.034803	  0.060211	  0.058165	  0.006991	 -0.027768	  0.023479	  0.051343	 -0.022131	 -0.019058	 -0.049358
  0.079618	  0.084547	  0.059204	 -0.005278	 -0.001675	 -0.033256	  0.016516	  0.024224	  0.038839	  0.062865	  0.009110	 -0.001577	  0.028503	  0.034400	  0.001667	 -0.014888	 -0.034723
  0.062445	  0.092684	  0.060483	  0.019049	 -0.014044	 -0.063672	  0.020791	  0.017491	  0.027953	  0.039510	  0.023962	 -0.026652	  0.059403	  0.054936	  0.018042	 -0.022608	 -0.030679
  0.026377	  0.067879	  0.035955	  0.002792	 -0.050001	 -0.067625	  0.015607	  0.054572	  0.042340	  0.034151	  0.040491	 -0.020846	  0.088143	  0.066849	  0.019311	 -0.032807	 -0.062330
  0.000752	  0.069727	  0.006664	  0.014624	 -0.058095	 -0.077757	  0.017593	  0.098775	  0.017459	  0.037789	  0.033239	 -0.017097	  0.089995	  0.081838	  0.014526	 -0.020423	 -0.077842
 -0.002289	  0.085538	 -0.000087	  0.024093	 -0.054829	 -0.082093	  0.009290	  0.107105	  0.005843	  0.012991	  0.039111	 -0.016459	  0.085880	  0.072498	  0.037663	  0.000576	 -0.081967
 -0.013610	  0.094422	  0.038747	  0.014982	 -0.055221	 -0.073479	  0.033572	  0.087826	 -0.023755	  0.003783	  0.057464	 -0.016500	  0.107875	  0.048464	  0.035223	  0.013793	 -0.076451
 -0.001553	  0.105374	  0.073603	  0.021575	 -0.063479	 -0.058525	  0.043792	  0.078703	 -0.024736	 -0.012946	  0.082928	 -0.018358	  0.102506	  0.037784	  0.046728	 -0.000751	 -0.066905
  0.011179	  0.103726	  0.060388	  0.017685	 -0.052125	 -0.032081	  0.070800	  0.066846	 -0.036677	  0.002417	  0.070930	 -0.005095	  0.083438	  0.020605	  0.075109	 -0.005445	 -0.074594
  0.017239	  0.092309	  0.055895	  0.041136	 -0.037491	 -0.032922	  0.075635	  0.069663	 -0.044166	  0.010572	  0.038257	 -0.009467	  0.084756	 -0.021900	  0.060591	 -0.001125	 -0.049982
  0.009317	  0.059766	  0.052612	  0.011713	 -0.030989	 -0.041121	  0.089421	  0.064266	 -0.035391	 -0.004130	  0.038938	 -0.011948	  0.105078	 -0.033429	  0.051831	 -0.002466	 -0.030586
  0.007700	  0.029455	  0.049407	 -0.004601	 -0.029142	 -0.010941	  0.082518	  0.085535	 -0.022211	 -0.000716	  0.037251	 -0.029373	  0.107172	 -0.014631	  0.030893	  0.007451	 -0.042313
  0.002382	  0.015936	  0.060322	  0.043771	 -0.046672	  0.015265	  0.061828	  0.070993	 -0.021677	  0.016202	  0.039046	 -0.034364	  0.090032	  0.006415	  0.018447	  0.026907	 -0.038319
  0.011692	 -0.008150	  0.060931	  0.057897	 -0.058325	  0.038335	  0.081403	  0.037714	 -0.015448	  0.028035	  0.034010	 -0.055026	  0.095940	  0.002706	  0.002171	  0.019812	 -0.017602
  0.050814	 -0.017066	  0.058985	  0.057984	 -0.038221	  0.041252	  0.087396	  0.028520	 -0.002790	  0.044024	  0.030850	 -0.086459	  0.101351	 -0.003815	 -0.041749	 -0.003747	  0.004030
  0.034552	  0.002759	  0.060874	  0.044729	 -0.043087	  0.024275	  0.074203	  0.022831	  0.012224	  0.077835	  0.029990	 -0.073960	  0.104994	 -0.012136	 -0.050029	 -0.000819	  0.021267
  0.015039	  0.019154	  0.048071	  0.042482	 -0.070937	 -0.009981	  0.075064	  0.022387	 -0.020938	  0.065390	  0.031544	 -0.067022	  0.104395	 -0.027757	 -0.037493	  0.007321	  0.040529
  0.013139	  0.014466	  0.007763	  0.040079	 -0.077634	 -0.041530	  0.097574	  0.009961	 -0.049897	  0.021375	  0.016279	 -0.044039	  0.072637	 -0.010773	 -0.036696	 -0.014167	  0.040953
  0.017216	  0.020312	 -0.000837	  0.023842	 -0.098568	 -0.050733	  0.117841	 -0.008365	 -0.045537	  0.022089	  0.027866	 -0.046725	  0.049115	  0.002999	 -0.018950	 -0.011306	  0.034531
  0.040952	  0.026266	  0.013280	  0.027664	 -0.109017	 -0.054489	  0.100663	  0.010115	 -0.041206	  0.036346	  0.051910	 -0.035240	  0.036446	  0.006317	 -0.029039	 -0.007205	  0.022423
  0.038184	  0.026832	  0.011128	  0.031672	 -0.110029	 -0.031317	  0.046756	  0.019744	 -0.042249	  0.047870	  0.055857	 -0.016462	  0.030348	 -0.004108	 -0.028356	  0.032847	  0.015410
  0.048399	  0.013570	  0.000029	  0.041065	 -0.083610	 -0.015103	  0.040448	  0.027686	 -0.011895	  0.068760	  0.071076	 -0.025657	  0.011909	 -0.023475	 -0.034673	  0.040811	  0.022146
  0.058031	 -0.006306	  0.017157	  0.028993	 -0.056158	 -0.017115	  0.048458	  0.064632	  0.017110	  0.070685	  0.073166	 -0.022565	 -0.002293	 -0.024021	 -0.017280	  0.046605	  0.053023
  0.068906	 -0.003760	  0.042946	  0.022909	 -0.065059	 -0.007026	  0.052392	  0.063557	  0.017057	  0.111159	  0.067686	 -0.029279	 -0.004797	 -0.062877	  0.006937	  0.056444	  0.053044
  0.075081	  0.017346	  0.032405	  0.020303	 -0.066378	 -0.003492	  0.066254	  0.072533	  0.046578	  0.112161	  0.072966	 -0.056851	 -0.004897	 -0.066632	 -0.008178	  0.068081	  0.022348
  0.056091	  0.030979	  0.014448	  0.012842	 -0.072356	 -0.002879	  0.074060	  0.060993	  0.049868	  0.104880	  0.055898	 -0.070786	 -0.006924	 -0.021023	 -0.021487	  0.058645	  0.021307
  0.042522	  0.013520	  0.029669	 -0.017411	 -0.068387	 -0.020890	  0.037489	  0.034082	  0.016713	  0.116555	  0.053085	 -0.090356	 -0.003991	 -0.031042	 -0.032160	  0.047295	  0.021597
  0.054601	  0.002458	  0.050524	 -0.020393	 -0.052453	 -0.041859	 -0.006765	  0.030308	  0.022506	  0.114990	  0.040361	 -0.095870	  0.032254	 -0.030919	 -0.007708	  0.031688	  0.015216
  0.078727	 -0.023289	  0.016599	 -0.028694	 -0.036688	 -0.023700	 -0.033319	  0.031788	  0.019942	  0.068268	  0.042545	 -0.108182	  0.053812	 -0.027152	  0.004042	  0.005676	  0.040684
  0.082358	 -0.024406	 -0.022358	 -0.012991	 -0.045066	  0.001974	 -0.060482	  0.041120	 -0.011676	  0.045521	  0.042621	 -0.105550	  0.051861	 -0.054121	  0.025887	 -0.002865	  0.040851
  0.082511	  0.009597	 -0.041438	 -0.007634	 -0.044547	 -0.018848	 -0.049881	  0.045088	 -0.056686	  0.067825	  0.041365	 -0.094128	  0.044574	 -0.064060	 -0.001695	  0.008064	  0.052040
  0.072187	  0.029855	 -0.049420	 -0.021527	 -0.045227	 -0.043932	 -0.011049	  0.065304	 -0.046637	  0.087018	  0.035192	 -0.103507	  0.068057	 -0.060740	  0.006248	  0.011472	  0.049661
  0.052489	  0.045920	 -0.019626	 -0.034833	 -0.029600	 -0.026958	 -0.005847	  0.027374	 -0.029937	  0.074161	  0.026770	 -0.099422	  0.114008	 -0.063975	  0.037630	  0.041866	  0.031044
  0.059192	  0.062277	 -0.011698	 -0.074462	 -0.024016	 -0.021822	 -0.009987	 -0.003732	 -0.031324	  0.045559	  0.004007	 -0.117722	  0.128862	 -0.045844	  0.050329	  0.050589	  0.011959
  0.058192	  0.057387	 -0.010904	 -0.096369	 -0.027198	 -0.051375	 -0.014675	 -0.013207	 -0.016257	  0.007253	 -0.005822	 -0.107845	  0.130001	 -0.031681	  0.050142	  0.034156	  0.006807
  0.029631	  0.036713	 -0.033279	 -0.086968	  0.007597	 -0.054060	  0.021850	 -0.015989	  0.017066	  0.003810	 -0.017795	 -0.080297	  0.096681	 -0.029936	  0.033036	  0.027652	  0.006899
  0.027207	  0.023713	 -0.047559	 -0.048157	  0.025828	 -0.048744	  0.015913	 -0.001104	  0.039554	 -0.003878	 -0.013718	 -0.042254	  0.089092	 -0.031550	  0.002295	  0.019822	 -0.010225
  0.039373	  0.045640	 -0.038596	 -0.032668	  0.013972	 -0.020662	  0.038650	  0.007639	 -0.000421	  0.005891	 -0.000371	 -0.019292	  0.085578	 -0.010740	 -0.012494	  0.048924	 -0.004426
  0.020635	  0.022989	 -0.040258	 -0.009023	 -0.014366	 -0.003733	  0.054266	 -0.012140	 -0.021453	  0.025978	  0.007504	 -0.031327	  0.078263	  0.029455	  0.004253	  0.058849	  0.018194
  0.035708	  0.025172	 -0.019256	  0.000682	 -0.007807	  0.021141	  0.033042	 -0.001774	 -0.025434	  0.035506	  0.016538	 -0.035780	  0.055171	  0.012633	  0.016402	  0.055912	  0.025692
  0.046787	  0.054168	 -0.032466	  0.018918	 -0.005731	  0.027094	  0.036065	  0.002617	 -0.016680	  0.057536	  0.015811	 -0.022366	  0.068755	 -0.016054	 -0.004653	  0.054000	  0.029162
  0.052714	  0.052304	 -0.027422	  0.042312	  0.005120	  0.019894	  0.052089	 -0.001082	 -0.005534	  0.062731	  0.042542	 -0.005464	  0.073809	  0.004972	 -0.009802	  0.048184	  0.021759
  0.038085	  0.072403	 -0.025274	  0.034661	  0.032277	  0.006299	  0.036833	  0.034373	 -0.015650	  0.051671	  0.030694	 -0.001345	  0.051374	  0.016787	 -0.002862	  0.021545	 -0.003299
  0.054977	  0.054738	 -0.022251	  0.013158	  0.022689	  0.021790	  0.035025	  0.040671	 -0.050985	  0.048897	  0.038862	 -0.005468	  0.052702	 -0.001592	 -0.001173	  0.004675	 -0.003509
  0.049226	  0.060523	 -0.022572	  0.028481	  0.007143	  0.011460	  0.053456	  0.043905	 -0.066369	  0.043528	  0.043339	 -0.001653	  0.021385	 -0.003236	 -0.032531	 -0.006448	 -0.013439
  0.044818	  0.052086	 -0.039570	  0.056780	  0.022446	 -0.016863	  0.066948	  0.011272	 -0.028917	  0.059884	  0.001618	  0.003251	  0.009518	 -0.005251	 -0.035966	 -0.017922	 -0.009310
  0.046163	  0.074064	 -0.054181	  0.045357	 -0.001400	 -0.024214	  0.048306	 -0.007091	 -0.013538	  0.059127	 -0.007887	  0.005027	  0.013799	 -0.009521	 -0.026088	 -0.014514	 -0.003820
  0.083721	  0.080768	 -0.085405	  0.048553	 -0.002683	 -0.016409	  0.018120	 -0.014349	 -0.031872	  0.061016	 -0.007033	 -0.010451	  0.020044	 -0.026338	 -0.031809	 -0.033274	  0.001080
  0.112571	  0.056087	 -0.070006	  0.049737	 -0.019935	 -0.012746	  0.038051	 -0.029916	 -0.026823	  0.055771	 -0.012131	 -0.004030	  0.026825	 -0.027401	 -0.032007	 -0.002111	 -0.015384
  0.113971	  0.067292	 -0.063609	  0.067519	 -0.045334	 -0.008431	  0.061321	 -0.007867	 -0.015861	  0.040829	 -0.017983	 -0.001491	  0.017040	 -0.032636	 -0.014570	  0.031896	 -0.010718
  0.103026	  0.057711	 -0.061045	  0.048361	 -0.027792	  0.030692	  0.069666	 -0.010596	 -0.003261	  0.033141	  0.016973	  0.044298	  0.047873	 -0.030642	 -0.014514	  0.018179	 -0.031079
  0.106507	  0.074833	 -0.070337	  0.044807	  0.009175	  0.071702	  0.050826	 -0.014224	  0.001752	  0.043830	  0.037237	  0.016701	  0.077467	 -0.038576	 -0.010353	 -0.010430	 -0.040573
  0.088615	  0.079734	 -0.092473	  0.024639	  0.011193	  0.079015	  0.056597	  0.005748	  0.021575	  0.036590	  0.042235	  0.007077	  0.075787	 -0.049285	 -0.011848	 -0.004296	 -0.050139
  0.086528	  0.041438	 -0.081392	  0.007873	  0.024233	  0.068823	  0.039857	  0.008531	  0.031379	  0.027072	  0.044590	  0.023073	  0.084513	 -0.043923	 -0.017366	 -0.008348	 -0.079908
  0.098883	  0.051425	 -0.091329	  0.032858	  0.032420	  0.061275	  0.021914	  0.006961	  0.043610	  0.040384	  0.013950	 -0.030664	  0.064668	 -0.047419	 -0.013299	  0.006083	 -0.087862
  0.089043	  0.067265	 -0.088552	  0.022506	  0.036783	  0.062534	  0.008295	  0.025545	  0.056279	  0.037152	  0.007596	 -0.083660	  0.043429	 -0.014788	 -0.015456	  0.014794	 -0.084810
  0.071042	  0.038040	 -0.095879	  0.012628	  0.050518	  0.044010	  0.020107	  0.020261	  0.039980	  0.020722	  0.039372	 -0.086637	  0.041073	 -0.008491	 -0.022342	  0.044004	 -0.085620
  0.092747	  0.008603	 -0.084189	  0.034571	  0.060091	  0.041704	  0.009647	  0.011788	  0.036276	  0.026119	  0.042880	 -0.074832	  0.018600	 -0.011559	 -0.040566	  0.049472	 -0.074838
  0.095221	  0.035740	 -0.057412	  0.026942	  0.056895	  0.020033	 -0.007543	  0.045827	  0.045878	  0.044636	  0.065333	 -0.069079	  0.014719	  0.000274	 -0.040109	  0.058138	 -0.066010
  0.073620	  0.055630	 -0.030733	  0.027935	  0.059279	  0.011717	  0.016645	  0.066945	  0.054652	  0.047679	  0.077036	 -0.059937	  0.024126	  0.009243	 -0.029488	  0.051529	 -0.037583
  0.042264	  0.063920	 -0.026329	  0.019517	  0.062753	  0.005252	 -0.006991	  0.080495	  0.052273	  0.041725	  0.051274	 -0.044346	  0.045084	  0.024809	 -0.006188	  0.044084	 -0.039107
  0.041988	  0.073575	 -0.003966	  0.019760	  0.066675	 -0.022946	 -0.024662	  0.063218	  0.045299	  0.044055	  0.021470	 -0.066361	  0.067522	  0.055995	  0.014580	  0.061717	 -0.064946
  0.048802	  0.044409	  0.006411	  0.048119	  0.065468	 -0.047603	 -0.018052	  0.053103	  0.027873	  0.055118	  0.020244	 -0.111314	  0.103283	  0.056378	  0.017396	  0.046622	 -0.086952
  0.075877	  0.042439	 -0.008084	  0.027130	  0.034817	 -0.050890	 -0.008444	  0.059742	  0.029876	  0.028108	  0.010402	 -0.103939	  0.128245	  0.052029	  0.002524	  0.001642	 -0.096859
  0.081956	  0.052512	 -0.039278	  0.018383	  0.010866	 -0.007156	  0.013026	  0.063814	  0.016404	 -0.004063	  0.029084	 -0.100707	  0.124209	  0.041273	  0.006423	 -0.027878	 -0.113103
  0.050107	  0.063900	 -0.041701	  0.008959	  0.008125	  0.026758	  0.027227	  0.091405	  0.022619	 -0.027772	  0.034740	 -0.111049	  0.125831	  0.044017	  0.015695	 -0.059188	 -0.102482
  0.031364	  0.044784	 -0.044979	  0.014661	 -0.001711	  0.045819	  0.052364	  0.096746	  0.043497	 -0.051678	  0.021129	 -0.099599	  0.126334	  0.034868	  0.007859	 -0.052861	 -0.118158
  0.033454	  0.040648	 -0.053321	  0.029861	  0.008726	  0.043278	  0.079637	  0.071126	  0.054936	 -0.042235	  0.010189	 -0.098651	  0.094482	  0.021418	  0.017680	 -0.032697	 -0.116084
  0.031091	  0.079982	 -0.043526	  0.049229	 -0.005842	  0.036434	  0.076355	  0.066844	  0.068867	 -0.014950	  0.013097	 -0.071099	  0.092449	  0.012676	  0.011150	 -0.031806	 -0.087233
