:RUN-1	LEVEL SWEEP	TEMP:NaN	2/20/2024	4:56 PM	HR:NaN:SW EAR: L	SW FREQ: 4.00	# AVERAGES: 512	REP RATE (/sec): 39	DRIVER: 	SAMPLE (µsec): 40	MASKER dB: 0:Threshold: 42.2:NOTES-:CHAMBER-Bach:Avgs: 512;512;512;512;512;512;512;512;512;512;512;512;512;512;512
:Tries: 664;636;656;627;629;620;613;625;608;605;606;609;597;598;608
:Log: :Vary signal level: TRUE :Control: NaN:CFTS Version: V2.37.2 (R3379):LEVELS:30;35;40;45;50;55;60;65;70;75;80;85;90;95;100;:DATA -0.007603	 -0.014277	  0.019734	  0.017312	  0.019918	  0.011810	  0.046962	  0.039655	 -0.025039	 -0.036726	  0.032273	 -0.011768	  0.015860	  0.002454	 -0.004961
 -0.035765	  0.007753	  0.027506	  0.050440	  0.020594	  0.032928	  0.030138	  0.020162	 -0.025761	 -0.025455	  0.041781	  0.015538	  0.009688	  0.043333	 -0.032433
 -0.017136	 -0.004338	  0.005131	  0.068935	  0.009523	  0.030334	  0.004990	  0.005610	 -0.013876	 -0.011649	  0.036526	  0.022593	 -0.011179	  0.038049	 -0.030750
  0.006785	 -0.024268	 -0.002375	  0.063963	 -0.009114	  0.023029	 -0.004868	  0.014424	  0.010695	 -0.029265	  0.030106	  0.016832	 -0.003423	  0.010711	 -0.032092
 -0.002620	 -0.024867	  0.000231	  0.047583	 -0.003668	  0.004916	  0.007712	  0.028696	  0.020737	 -0.022219	  0.049734	  0.005087	 -0.001336	  0.006215	 -0.011281
  0.010468	  0.002253	  0.000979	  0.004843	 -0.000883	  0.009453	  0.018582	  0.014406	 -0.008105	 -0.032513	  0.015340	 -0.022721	  0.012011	  0.042216	  0.004263
  0.017623	  0.035247	  0.005602	 -0.006300	  0.004202	  0.024776	  0.024133	  0.008000	 -0.026881	 -0.027368	 -0.030405	 -0.022976	  0.018977	  0.019282	 -0.022104
  0.000887	  0.026286	  0.006053	 -0.022384	 -0.011094	 -0.003919	  0.021423	 -0.030084	  0.000537	 -0.007773	 -0.060294	 -0.023824	  0.021992	 -0.021159	 -0.019081
 -0.013967	  0.023997	 -0.013108	 -0.011443	 -0.026201	 -0.020575	  0.000936	 -0.020259	  0.026839	 -0.018455	 -0.049006	 -0.011414	  0.036048	 -0.016791	 -0.005996
 -0.013422	  0.010920	  0.001546	 -0.013149	 -0.002989	  0.019193	 -0.009495	 -0.004851	  0.054534	 -0.001631	 -0.048781	 -0.012814	  0.054834	 -0.009924	 -0.003486
  0.006170	  0.006977	  0.016826	 -0.005011	  0.011939	  0.005937	 -0.012823	 -0.000449	  0.043601	  0.037286	 -0.046909	 -0.022111	  0.031895	 -0.023339	  0.033626
  0.007397	  0.012640	  0.016279	 -0.020501	  0.011793	  0.010376	 -0.004529	  0.000868	  0.020123	  0.051922	 -0.021643	 -0.005830	 -0.008429	 -0.029817	  0.056007
  0.005937	  0.004900	  0.013970	 -0.013066	  0.011477	  0.012548	 -0.003340	  0.000702	  0.017873	  0.050747	 -0.006061	  0.012823	 -0.019479	 -0.018795	  0.060093
  0.005497	 -0.006383	 -0.006574	  0.005166	 -0.010302	 -0.006622	 -0.000389	 -0.007338	  0.015244	  0.027389	  0.016290	  0.020651	 -0.041110	  0.002254	  0.046889
 -0.019536	 -0.014787	 -0.017731	 -0.001237	  0.016011	 -0.004998	 -0.002459	 -0.005206	  0.015208	  0.011806	  0.026408	  0.032983	 -0.027155	  0.016505	  0.051868
 -0.017790	 -0.019330	 -0.006677	 -0.013588	  0.017469	 -0.002203	 -0.018748	 -0.023181	  0.001546	  0.012932	  0.022813	  0.033289	  0.001063	 -0.010289	  0.028857
  0.017657	 -0.015318	 -0.000636	 -0.018755	 -0.007035	 -0.014357	 -0.030025	 -0.022799	 -0.022334	 -0.019491	 -0.006225	  0.010801	  0.000489	 -0.026309	  0.018183
  0.023027	 -0.018164	 -0.021142	 -0.041281	 -0.025489	 -0.040968	 -0.017423	 -0.007811	 -0.015524	  0.004952	 -0.013955	 -0.008007	 -0.021542	  0.002471	 -0.022223
  0.008440	 -0.002730	 -0.010239	 -0.052041	 -0.017417	 -0.044337	 -0.033701	 -0.011549	 -0.033503	  0.017588	  0.002703	 -0.007487	 -0.037076	  0.006763	 -0.061902
  0.017952	  0.013490	 -0.035373	 -0.039486	 -0.008733	 -0.047323	 -0.017076	  0.001003	 -0.055915	  0.017922	  0.009305	 -0.021646	 -0.032129	 -0.033828	 -0.053477
  0.017845	 -0.010922	 -0.044587	 -0.044467	 -0.013394	 -0.025694	 -0.007780	 -0.012510	 -0.027656	  0.033064	  0.009471	 -0.035259	 -0.036281	 -0.062776	 -0.055945
  0.026350	 -0.003489	 -0.045163	 -0.050515	 -0.020612	 -0.033702	 -0.032035	 -0.021895	 -0.015716	  0.017494	  0.000957	 -0.039416	 -0.059286	 -0.081091	 -0.060547
  0.008379	 -0.022685	 -0.065811	 -0.043727	 -0.010525	 -0.027245	 -0.042843	 -0.042649	 -0.018169	  0.033637	 -0.033338	 -0.036113	 -0.065428	 -0.049863	 -0.058901
 -0.021028	 -0.012578	 -0.064088	 -0.043011	  0.001146	 -0.006439	 -0.040068	 -0.055200	 -0.053336	  0.049963	 -0.030838	 -0.050642	 -0.055263	 -0.038468	 -0.043109
 -0.015615	 -0.003382	 -0.035426	 -0.046785	 -0.025084	 -0.011444	 -0.023177	 -0.067139	 -0.055574	  0.028948	 -0.052705	 -0.021338	 -0.052817	 -0.027060	 -0.047329
 -0.022539	 -0.003934	  0.003430	 -0.054442	 -0.019685	 -0.026851	 -0.016976	 -0.081513	 -0.030689	  0.010501	 -0.039529	 -0.032662	 -0.038554	 -0.024904	 -0.075794
 -0.038753	  0.007835	  0.010051	 -0.053828	 -0.000407	 -0.012133	  0.027562	 -0.071507	 -0.030605	 -0.000570	 -0.023164	 -0.061933	 -0.016073	 -0.016218	 -0.062788
 -0.034212	 -0.002664	 -0.004671	 -0.052902	 -0.020456	 -0.019943	  0.018400	 -0.045120	 -0.005666	 -0.011422	 -0.025063	 -0.074058	 -0.017750	 -0.008532	 -0.075773
 -0.034037	 -0.029218	 -0.009799	 -0.069974	 -0.008725	 -0.014114	 -0.010999	 -0.040047	 -0.014508	 -0.006520	 -0.012580	 -0.067413	 -0.019833	 -0.062498	 -0.125017
 -0.052194	 -0.026365	 -0.045442	 -0.068443	 -0.005161	 -0.030317	 -0.023421	 -0.052200	 -0.031735	 -0.002825	  0.003941	 -0.060363	 -0.023707	 -0.092711	 -0.169799
 -0.051962	 -0.031874	 -0.050273	 -0.053345	 -0.003799	 -0.040671	 -0.048036	 -0.060193	 -0.031227	 -0.010224	 -0.014936	 -0.082350	 -0.043075	 -0.115716	 -0.224865
 -0.042683	 -0.062812	 -0.056907	 -0.062290	 -0.012800	 -0.034286	 -0.036583	 -0.046868	 -0.038527	 -0.011155	 -0.022322	 -0.118678	 -0.090036	 -0.149512	 -0.271540
 -0.037047	 -0.067507	 -0.069288	 -0.041422	 -0.013744	 -0.031845	 -0.037741	 -0.050300	 -0.065514	 -0.017773	 -0.036709	 -0.162552	 -0.134639	 -0.159429	 -0.283510
 -0.030290	 -0.047971	 -0.069453	 -0.004389	  0.003066	 -0.029172	 -0.031287	 -0.054382	 -0.076069	 -0.011531	 -0.071335	 -0.177443	 -0.144066	 -0.182648	 -0.297759
 -0.054356	 -0.036085	 -0.088252	 -0.020078	  0.022283	 -0.021076	 -0.026815	 -0.048682	 -0.114860	 -0.053205	 -0.084084	 -0.185437	 -0.159799	 -0.178689	 -0.263766
 -0.063584	 -0.029871	 -0.104697	 -0.016251	  0.029152	 -0.024197	 -0.037983	 -0.030935	 -0.148773	 -0.054982	 -0.076560	 -0.193766	 -0.148936	 -0.185284	 -0.232518
 -0.069280	 -0.035701	 -0.111527	 -0.014306	  0.007865	 -0.022818	 -0.056838	 -0.056586	 -0.142944	 -0.065545	 -0.087409	 -0.181799	 -0.125389	 -0.172506	 -0.189373
 -0.058985	 -0.073677	 -0.106996	 -0.013550	  0.012051	 -0.015626	 -0.069002	 -0.097362	 -0.165340	 -0.063655	 -0.072905	 -0.154869	 -0.104988	 -0.139723	 -0.150660
 -0.054344	 -0.118582	 -0.093055	 -0.036555	  0.010228	 -0.031686	 -0.082632	 -0.074620	 -0.181799	 -0.073479	 -0.095426	 -0.139949	 -0.097888	 -0.109098	 -0.099548
 -0.045454	 -0.100962	 -0.064148	 -0.040489	  0.003385	 -0.045056	 -0.079167	 -0.069298	 -0.173146	 -0.093515	 -0.098642	 -0.101486	 -0.068134	 -0.042399	 -0.030177
 -0.015973	 -0.088012	 -0.048525	 -0.014862	 -0.000235	 -0.060428	 -0.079655	 -0.090523	 -0.184161	 -0.076656	 -0.086608	 -0.069577	 -0.027153	 -0.012262	  0.012253
 -0.023470	 -0.074625	 -0.029442	  0.017508	 -0.002678	 -0.057100	 -0.071549	 -0.087281	 -0.188951	 -0.055953	 -0.104802	 -0.017414	  0.011155	  0.051358	  0.066523
 -0.028428	 -0.068858	 -0.026105	  0.037443	 -0.002395	 -0.046693	 -0.085822	 -0.083166	 -0.172429	 -0.011946	 -0.076328	  0.003018	  0.026199	  0.088298	  0.100193
 -0.010268	 -0.088021	 -0.013312	  0.018714	 -0.015870	 -0.054025	 -0.103248	 -0.097785	 -0.142428	 -0.010511	 -0.033563	 -0.019872	  0.037557	  0.118253	  0.104984
  0.009751	 -0.068824	 -0.038929	 -0.018198	 -0.002938	 -0.057820	 -0.098401	 -0.087599	 -0.090803	  0.001564	 -0.013095	 -0.003460	  0.069455	  0.130764	  0.093044
 -0.006363	 -0.069584	 -0.049439	  0.011068	  0.015843	 -0.062920	 -0.087404	 -0.061965	 -0.066799	  0.031684	 -0.011064	  0.027520	  0.063993	  0.129322	  0.047631
 -0.032537	 -0.060469	 -0.048282	  0.020792	 -0.000925	 -0.059227	 -0.061339	 -0.068151	 -0.038861	  0.045504	  0.016065	  0.014792	  0.068360	  0.111072	 -0.046654
 -0.045256	 -0.053846	 -0.034238	 -0.013933	 -0.020379	 -0.072867	 -0.063098	 -0.061174	 -0.020709	  0.048295	  0.039796	  0.016017	  0.059537	  0.059123	 -0.178462
 -0.050105	 -0.028357	 -0.002909	 -0.029911	 -0.030582	 -0.086085	 -0.061227	 -0.049701	 -0.021085	  0.066196	  0.037850	  0.024275	  0.009499	 -0.055505	 -0.313117
 -0.064118	 -0.022266	  0.027884	 -0.039312	 -0.021631	 -0.060401	 -0.042062	 -0.028906	 -0.005036	  0.083227	  0.042273	 -0.038631	 -0.077952	 -0.181890	 -0.442809
 -0.046897	 -0.045432	  0.001238	 -0.055777	  0.003552	 -0.049860	 -0.005085	 -0.022620	  0.003964	  0.078715	  0.019942	 -0.105268	 -0.167639	 -0.343579	 -0.573606
 -0.023000	 -0.035207	 -0.031917	 -0.050009	  0.026068	 -0.055360	 -0.004606	  0.007983	 -0.019968	  0.059700	  0.010841	 -0.158154	 -0.268754	 -0.526191	 -0.680668
 -0.012846	 -0.035151	 -0.060788	 -0.037914	  0.010763	 -0.044402	 -0.009678	  0.002809	 -0.037046	  0.030499	 -0.043408	 -0.265527	 -0.422669	 -0.674298	 -0.758834
 -0.016879	 -0.020524	 -0.088623	 -0.014682	  0.000050	 -0.032387	 -0.023904	 -0.020377	 -0.055671	 -0.024470	 -0.132761	 -0.382218	 -0.561808	 -0.754841	 -0.770738
 -0.008685	 -0.008633	 -0.076072	 -0.016871	 -0.002998	 -0.014983	 -0.010448	 -0.037473	 -0.095639	 -0.084159	 -0.228741	 -0.465372	 -0.622937	 -0.760180	 -0.713988
 -0.023017	 -0.053479	 -0.059973	 -0.033435	  0.009837	  0.007169	  0.009312	 -0.087123	 -0.138474	 -0.151459	 -0.327108	 -0.492519	 -0.601088	 -0.694410	 -0.571258
 -0.034249	 -0.050798	 -0.039854	 -0.046583	  0.019516	 -0.014241	 -0.010643	 -0.117219	 -0.198665	 -0.251010	 -0.384266	 -0.511408	 -0.585321	 -0.596651	 -0.428040
 -0.019717	 -0.047790	 -0.047914	 -0.003754	  0.018709	 -0.047749	 -0.028122	 -0.146703	 -0.250665	 -0.300579	 -0.418489	 -0.492453	 -0.529354	 -0.435194	 -0.279726
 -0.027055	 -0.038188	 -0.081906	 -0.017486	  0.026274	 -0.046699	 -0.041593	 -0.209438	 -0.287698	 -0.300275	 -0.396956	 -0.395327	 -0.392094	 -0.238944	 -0.126955
 -0.017589	 -0.044319	 -0.090804	 -0.024911	  0.045609	 -0.068248	 -0.083448	 -0.268540	 -0.327141	 -0.302694	 -0.324634	 -0.304209	 -0.240912	 -0.053489	  0.032000
 -0.021432	 -0.063180	 -0.085509	 -0.028888	  0.049390	 -0.099852	 -0.134174	 -0.309829	 -0.330675	 -0.262298	 -0.225176	 -0.182636	 -0.104214	  0.154515	  0.146488
 -0.025933	 -0.056897	 -0.091919	 -0.015535	  0.016340	 -0.144554	 -0.171027	 -0.327633	 -0.293046	 -0.213240	 -0.122730	 -0.055149	  0.019022	  0.307264	  0.238483
 -0.054181	 -0.052897	 -0.093440	  0.002490	 -0.037580	 -0.198636	 -0.204354	 -0.314293	 -0.258452	 -0.166911	 -0.055849	  0.060739	  0.102984	  0.362578	  0.274295
 -0.075274	 -0.052959	 -0.080852	 -0.005549	 -0.052531	 -0.191851	 -0.195786	 -0.250992	 -0.201888	 -0.092606	  0.044656	  0.144596	  0.191984	  0.370605	  0.278972
 -0.086803	 -0.069143	 -0.068504	 -0.034284	 -0.081270	 -0.208317	 -0.187888	 -0.193412	 -0.121023	  0.006311	  0.118484	  0.179038	  0.228269	  0.330530	  0.257999
 -0.066316	 -0.069590	 -0.077283	 -0.034319	 -0.099893	 -0.208467	 -0.155080	 -0.123803	 -0.082048	  0.094306	  0.163868	  0.200374	  0.217585	  0.267074	  0.168159
 -0.065997	 -0.072330	 -0.096158	 -0.019103	 -0.104536	 -0.197588	 -0.111611	 -0.065989	 -0.044888	  0.124205	  0.176040	  0.168939	  0.193848	  0.188839	  0.057922
 -0.068198	 -0.070850	 -0.099735	 -0.039255	 -0.080494	 -0.170386	 -0.065067	 -0.018704	 -0.004496	  0.125943	  0.151058	  0.102645	  0.135235	  0.105165	 -0.073565
 -0.070263	 -0.078012	 -0.119722	 -0.044561	 -0.053941	 -0.130381	 -0.021170	  0.029064	  0.004833	  0.127610	  0.131868	  0.048976	  0.069470	  0.018174	 -0.180037
 -0.090045	 -0.094821	 -0.135669	 -0.036953	 -0.083210	 -0.092327	  0.037878	  0.046138	  0.025037	  0.110514	  0.091278	  0.013234	  0.008400	 -0.077670	 -0.273830
 -0.079765	 -0.105090	 -0.132484	 -0.043435	 -0.102122	 -0.052795	  0.042913	  0.056524	  0.024678	  0.095194	  0.035832	 -0.077439	 -0.043989	 -0.150538	 -0.304734
 -0.066622	 -0.101854	 -0.105959	 -0.048377	 -0.081011	 -0.006699	  0.064292	  0.069518	  0.017557	  0.052488	 -0.009533	 -0.163792	 -0.107287	 -0.169495	 -0.320479
 -0.064463	 -0.078162	 -0.093935	 -0.042087	 -0.060522	  0.000138	  0.067363	  0.059574	  0.016532	  0.025590	 -0.041959	 -0.177999	 -0.062776	 -0.146006	 -0.289498
 -0.114312	 -0.045354	 -0.090013	 -0.061156	 -0.051686	 -0.011007	  0.027991	  0.044395	 -0.059183	 -0.046219	 -0.080009	 -0.171123	 -0.008235	 -0.101379	 -0.210108
 -0.105328	 -0.061054	 -0.111223	 -0.068380	 -0.038840	  0.022872	  0.019048	  0.002623	 -0.107418	 -0.074559	 -0.064415	 -0.135042	  0.021275	 -0.057357	 -0.135374
 -0.097142	 -0.084569	 -0.123217	 -0.048436	 -0.036641	  0.045605	  0.001145	 -0.055463	 -0.102234	 -0.080808	 -0.035931	 -0.095041	  0.073644	  0.001312	 -0.092097
 -0.094694	 -0.099047	 -0.116161	 -0.058496	 -0.031595	  0.006924	 -0.045812	 -0.102584	 -0.104578	 -0.046699	  0.018855	 -0.020630	  0.123410	  0.061128	 -0.023091
 -0.116805	 -0.077726	 -0.133612	 -0.072153	 -0.021772	 -0.029470	 -0.061311	 -0.146839	 -0.109664	  0.022080	  0.074765	  0.072720	  0.165800	  0.100572	  0.045913
 -0.154146	 -0.050650	 -0.146072	 -0.018965	 -0.010436	 -0.032769	 -0.062911	 -0.149491	 -0.102271	  0.071992	  0.132925	  0.137324	  0.200938	  0.120581	  0.078510
 -0.130259	 -0.014242	 -0.125081	  0.001304	 -0.005245	 -0.057270	 -0.054856	 -0.102013	 -0.067529	  0.114814	  0.183989	  0.168603	  0.239626	  0.140159	  0.105227
 -0.105682	 -0.009919	 -0.113446	  0.017177	 -0.026142	 -0.069681	 -0.052710	 -0.077094	 -0.024407	  0.158921	  0.210144	  0.180968	  0.250533	  0.155824	  0.147837
 -0.123042	 -0.043451	 -0.102813	 -0.021271	 -0.021832	 -0.094281	 -0.027852	 -0.053013	  0.023537	  0.182370	  0.247691	  0.182766	  0.233154	  0.149614	  0.196602
 -0.164397	 -0.063438	 -0.119034	 -0.031188	 -0.003898	 -0.068129	  0.010077	 -0.030423	  0.070766	  0.184646	  0.266387	  0.149680	  0.228838	  0.160428	  0.232650
 -0.183021	 -0.070607	 -0.133676	 -0.008450	 -0.010451	 -0.085913	  0.045522	 -0.000066	  0.100589	  0.212294	  0.264434	  0.159004	  0.193033	  0.172115	  0.248414
 -0.172572	 -0.065652	 -0.118093	 -0.014789	 -0.025201	 -0.078454	  0.060656	  0.018817	  0.115256	  0.239668	  0.263846	  0.141186	  0.136416	  0.200545	  0.262093
 -0.152715	 -0.047641	 -0.105506	 -0.018096	 -0.035528	 -0.062100	  0.090137	  0.038627	  0.103680	  0.240590	  0.222271	  0.110853	  0.124752	  0.210721	  0.285227
 -0.136927	 -0.045600	 -0.101027	 -0.005687	 -0.043767	 -0.036549	  0.124455	  0.056520	  0.088034	  0.248808	  0.182879	  0.106574	  0.113787	  0.228944	  0.285358
 -0.113051	 -0.058539	 -0.109202	  0.013164	 -0.057513	  0.004445	  0.135841	  0.072492	  0.064396	  0.242170	  0.127425	  0.108957	  0.065418	  0.216244	  0.299985
 -0.121750	 -0.083876	 -0.121782	  0.021061	 -0.070435	  0.023168	  0.136346	  0.078087	  0.023364	  0.200470	  0.110495	  0.067775	  0.072718	  0.209142	  0.303580
 -0.118878	 -0.091895	 -0.110800	  0.008697	 -0.027222	  0.040785	  0.117708	  0.069982	  0.008538	  0.163724	  0.064325	  0.040380	  0.102523	  0.206984	  0.297375
 -0.113852	 -0.065804	 -0.120312	  0.019819	  0.002948	  0.045604	  0.103202	  0.082691	  0.003444	  0.136440	  0.073139	  0.022283	  0.096200	  0.227081	  0.329543
 -0.123165	 -0.047748	 -0.128745	  0.034024	  0.011681	  0.034749	  0.109183	  0.071266	 -0.000996	  0.126424	  0.074532	  0.025952	  0.096235	  0.231082	  0.323071
 -0.121106	 -0.069740	 -0.108039	  0.017987	  0.027291	  0.048285	  0.109958	  0.033898	  0.011775	  0.112978	  0.031172	  0.039452	  0.070664	  0.225358	  0.288418
 -0.112040	 -0.069208	 -0.111953	  0.005415	  0.030574	  0.032969	  0.122153	  0.028008	  0.028476	  0.075687	  0.030387	  0.030825	  0.069947	  0.222033	  0.225888
 -0.100927	 -0.053845	 -0.140639	  0.030456	  0.052484	 -0.006227	  0.109422	  0.022690	  0.007554	  0.045116	  0.053257	  0.042240	  0.087667	  0.190293	  0.178137
 -0.118879	 -0.010344	 -0.159528	  0.030687	  0.061046	 -0.002312	  0.086421	  0.001374	 -0.014921	  0.036989	  0.056777	  0.038631	  0.086719	  0.158452	  0.124605
 -0.124181	 -0.016475	 -0.150007	  0.044806	  0.044596	 -0.023060	  0.075961	 -0.002270	 -0.006822	  0.018191	  0.041971	  0.009699	  0.077908	  0.115147	  0.058609
 -0.139867	 -0.010904	 -0.141806	  0.070665	  0.037617	 -0.016780	  0.092295	  0.002110	 -0.019702	  0.030169	  0.031215	 -0.003479	  0.038674	  0.086580	  0.032354
 -0.154131	  0.014079	 -0.124624	  0.052509	  0.018365	  0.003657	  0.086573	  0.005803	 -0.041685	  0.054480	  0.011949	 -0.015873	  0.036654	  0.084245	  0.027353
 -0.166175	  0.020767	 -0.074404	  0.053677	 -0.003684	  0.015140	  0.083646	  0.022871	 -0.062884	  0.047663	  0.006063	 -0.039505	  0.043191	  0.092455	  0.058952
 -0.120100	  0.001348	 -0.059859	  0.055880	 -0.008771	  0.013576	  0.122169	 -0.008930	 -0.101427	  0.053003	 -0.002836	 -0.042642	  0.035161	  0.120765	  0.093084
 -0.095916	 -0.008065	 -0.066348	  0.038411	  0.005262	  0.005780	  0.091295	 -0.042095	 -0.109708	  0.055591	 -0.006804	 -0.031614	  0.032514	  0.146811	  0.149056
 -0.084319	 -0.027866	 -0.070594	  0.054369	  0.019220	 -0.005902	  0.077979	 -0.080083	 -0.111979	  0.006942	 -0.001266	 -0.001605	  0.058892	  0.173472	  0.213653
 -0.117401	 -0.016497	 -0.047533	  0.060930	  0.020770	 -0.035508	  0.057778	 -0.087147	 -0.112276	 -0.014882	  0.010642	  0.037563	  0.102472	  0.208492	  0.269802
 -0.124102	 -0.021807	 -0.019928	  0.056701	  0.023694	 -0.022223	  0.029187	 -0.096597	 -0.097081	 -0.006572	  0.021649	  0.038116	  0.132707	  0.247495	  0.316748
 -0.101654	 -0.016650	 -0.020932	  0.038960	  0.015106	 -0.018195	  0.001942	 -0.119706	 -0.075729	 -0.005627	  0.039428	  0.050809	  0.143244	  0.296882	  0.395862
 -0.099635	 -0.020187	 -0.006319	  0.032084	  0.014881	 -0.034903	 -0.005126	 -0.099025	 -0.053994	  0.015613	  0.040675	  0.031424	  0.133352	  0.345947	  0.450136
 -0.115018	 -0.017651	 -0.019617	  0.048284	 -0.015868	 -0.042538	 -0.016984	 -0.096413	 -0.030382	  0.011948	  0.051075	  0.046841	  0.172613	  0.371965	  0.477133
 -0.104221	 -0.003465	 -0.009238	  0.023096	 -0.017192	 -0.007600	 -0.038966	 -0.099843	 -0.041119	  0.030635	  0.082470	  0.092723	  0.201356	  0.401371	  0.463691
 -0.097725	  0.001203	  0.007563	  0.015966	 -0.030881	 -0.003359	 -0.036069	 -0.074518	 -0.064189	  0.047049	  0.107753	  0.111776	  0.194628	  0.412262	  0.438966
 -0.100950	 -0.004108	  0.003866	  0.029233	 -0.056654	 -0.016790	 -0.018913	 -0.063187	 -0.027427	  0.042355	  0.168663	  0.133382	  0.201324	  0.421914	  0.405586
 -0.112533	 -0.016791	 -0.021581	  0.017723	 -0.048449	 -0.023337	 -0.004596	 -0.031646	  0.011150	  0.037600	  0.181033	  0.142965	  0.221863	  0.399349	  0.337640
 -0.105329	 -0.021561	 -0.067044	  0.015805	 -0.057829	 -0.035090	  0.006657	 -0.013663	  0.027514	  0.073522	  0.136379	  0.137848	  0.232223	  0.360694	  0.286410
 -0.078080	 -0.022777	 -0.071460	  0.053162	 -0.047600	 -0.047408	  0.050559	 -0.035899	  0.010393	  0.092134	  0.126627	  0.152233	  0.233222	  0.352260	  0.232169
 -0.074647	 -0.000503	 -0.056919	  0.054976	 -0.048348	 -0.055024	  0.058013	 -0.005291	  0.022283	  0.105826	  0.108206	  0.136073	  0.257092	  0.330624	  0.175663
 -0.094262	 -0.016605	 -0.053643	  0.002513	 -0.015263	 -0.041667	  0.061691	 -0.000521	  0.018211	  0.136923	  0.131187	  0.124508	  0.255451	  0.300308	  0.096116
 -0.087999	 -0.036964	 -0.051757	 -0.015098	  0.005909	 -0.007801	  0.067820	  0.018212	  0.015501	  0.158657	  0.140365	  0.100648	  0.242823	  0.282811	  0.056463
 -0.063083	 -0.036460	 -0.009063	  0.007801	  0.034162	  0.019031	  0.049793	  0.026065	  0.002609	  0.135731	  0.114978	  0.084449	  0.223281	  0.254235	  0.032677
 -0.071594	 -0.027964	  0.010814	  0.015869	  0.053541	  0.030581	  0.085404	  0.050330	  0.003874	  0.119200	  0.095909	  0.040736	  0.216832	  0.223438	 -0.012945
 -0.068582	 -0.008656	 -0.007423	  0.003067	  0.042307	  0.024766	  0.117574	  0.039980	  0.008251	  0.102565	  0.101582	  0.035161	  0.205817	  0.186402	 -0.024316
 -0.052634	 -0.006930	 -0.042947	  0.004629	  0.040456	  0.010125	  0.096369	  0.044920	  0.005771	  0.100357	  0.106279	  0.071934	  0.170118	  0.174933	 -0.016775
 -0.026378	 -0.001419	 -0.037038	  0.041714	  0.047652	  0.024942	  0.094129	  0.066310	 -0.002820	  0.091461	  0.107539	  0.073037	  0.122756	  0.168986	 -0.039257
 -0.005928	  0.013655	 -0.038682	  0.056442	  0.064240	  0.064368	  0.085694	  0.055819	 -0.011662	  0.066080	  0.091304	  0.047490	  0.102035	  0.103744	 -0.047030
 -0.026418	  0.027303	 -0.051713	  0.060724	  0.092187	  0.058731	  0.091150	  0.017623	  0.003910	  0.062363	  0.075846	  0.018523	  0.074868	  0.051017	 -0.068195
 -0.039199	  0.033217	 -0.041688	  0.068651	  0.096977	  0.046395	  0.109577	  0.048361	 -0.006685	  0.077782	  0.071235	 -0.001846	  0.044991	  0.009738	 -0.078034
 -0.017598	  0.017151	 -0.034555	  0.048882	  0.101955	  0.070769	  0.107128	  0.076296	 -0.029583	  0.096228	  0.072465	  0.008184	  0.027358	  0.011227	 -0.094063
 -0.002516	  0.032182	 -0.032306	  0.055724	  0.120944	  0.080257	  0.129927	  0.041649	 -0.039779	  0.084271	  0.046629	  0.020323	  0.009262	  0.026340	 -0.078277
  0.008435	  0.049107	 -0.034977	  0.086347	  0.122337	  0.074554	  0.139978	  0.044372	 -0.055434	  0.081641	  0.025194	  0.046323	  0.002267	  0.040038	 -0.103225
  0.012069	  0.022420	 -0.044573	  0.104812	  0.132907	  0.069107	  0.118638	  0.022379	 -0.033586	  0.084419	 -0.001159	  0.057264	  0.007278	  0.035085	 -0.105822
  0.002016	  0.008779	 -0.051012	  0.086149	  0.116638	  0.028337	  0.109132	  0.008407	 -0.043371	  0.075533	 -0.005483	  0.055950	 -0.004692	  0.047161	 -0.085141
 -0.020076	 -0.000472	 -0.022317	  0.083937	  0.090746	  0.010444	  0.085428	  0.014086	 -0.070242	  0.041766	 -0.011678	  0.056021	 -0.012147	  0.036200	 -0.066529
 -0.029326	 -0.006345	 -0.006443	  0.081316	  0.081545	  0.015029	  0.062979	 -0.030334	 -0.063284	  0.015238	 -0.008606	  0.049890	  0.017316	  0.039495	 -0.016179
 -0.022407	  0.000219	 -0.010898	  0.125081	  0.055501	  0.001736	  0.085370	 -0.076706	 -0.037673	  0.003877	 -0.028357	  0.038589	  0.052674	  0.034499	  0.028885
 -0.021180	 -0.016208	 -0.006078	  0.141071	  0.041521	  0.004019	  0.108285	 -0.077728	 -0.031814	 -0.001261	 -0.003565	  0.028387	  0.057645	  0.016393	  0.071696
 -0.010673	 -0.003813	 -0.009739	  0.112312	  0.042127	 -0.024049	  0.115040	 -0.052519	 -0.039506	 -0.019937	  0.004146	  0.036460	  0.020883	  0.009084	  0.073808
  0.003489	 -0.000562	 -0.003360	  0.096583	  0.056053	 -0.014211	  0.109873	 -0.045968	 -0.041071	 -0.010363	  0.020969	  0.053906	  0.011436	  0.019724	  0.056392
  0.013248	  0.004958	 -0.045688	  0.115804	  0.062596	  0.005104	  0.110024	 -0.032556	 -0.040263	  0.023059	 -0.009486	  0.066762	  0.006092	  0.056471	  0.061056
  0.010925	 -0.002625	 -0.065618	  0.103403	  0.080975	  0.003175	  0.083639	 -0.045670	 -0.048530	  0.063167	 -0.025274	  0.061098	  0.007984	  0.073208	  0.058781
  0.004266	  0.001509	 -0.072879	  0.106468	  0.077327	  0.021149	  0.070518	 -0.007375	 -0.067575	  0.074772	 -0.009158	  0.075504	  0.015124	  0.061188	  0.031814
 -0.000348	  0.017622	 -0.065077	  0.103605	  0.074821	  0.022641	  0.042617	  0.009285	 -0.071321	  0.053791	 -0.037817	  0.070579	 -0.000386	  0.081387	  0.033182
 -0.017862	  0.021483	 -0.033085	  0.091118	  0.060715	  0.041844	  0.047831	  0.001773	 -0.068071	  0.036078	 -0.017502	  0.035666	  0.015581	  0.095211	  0.065335
  0.009684	  0.020782	 -0.037772	  0.084054	  0.035192	  0.039059	  0.057912	  0.002460	 -0.046928	  0.029844	  0.007208	  0.037004	  0.034569	  0.101270	  0.075026
  0.028940	  0.019402	 -0.047227	  0.061833	  0.027423	  0.033028	  0.062019	 -0.027530	 -0.035046	  0.029276	  0.022436	  0.043289	  0.038707	  0.116326	  0.058519
  0.004110	  0.022932	 -0.034733	  0.077620	  0.014409	  0.010008	  0.054953	 -0.038037	 -0.033572	  0.021498	  0.027105	  0.029159	  0.018797	  0.138689	  0.053358
  0.026947	  0.019534	  0.008853	  0.063510	  0.025391	  0.027468	  0.061482	 -0.038581	 -0.033372	  0.033683	  0.019138	  0.010535	  0.012288	  0.113636	  0.068264
  0.035449	  0.034649	  0.041490	  0.064840	  0.071276	  0.030090	  0.073515	 -0.050449	 -0.044222	  0.050734	  0.003715	  0.043167	  0.057188	  0.110264	  0.061670
  0.030155	  0.064310	  0.052865	  0.108355	  0.094128	  0.016895	  0.096797	 -0.056563	 -0.053831	  0.071861	  0.012585	  0.029638	  0.070386	  0.155631	  0.049832
  0.048304	  0.071892	  0.049446	  0.121429	  0.096083	  0.026241	  0.100673	 -0.040001	 -0.044639	  0.085087	  0.048804	  0.021407	  0.049708	  0.191144	  0.063746
  0.074015	  0.057796	  0.039654	  0.111227	  0.067580	  0.009673	  0.086640	  0.012895	 -0.009273	  0.084052	  0.087795	  0.036389	  0.047934	  0.180095	  0.047996
  0.080898	  0.056770	  0.038172	  0.095837	  0.090221	  0.031864	  0.093975	  0.039287	  0.019868	  0.112074	  0.107274	  0.038495	  0.067253	  0.166676	  0.039033
  0.087342	  0.038123	  0.053083	  0.085992	  0.093347	  0.017622	  0.097438	  0.039013	  0.021068	  0.137033	  0.141005	  0.032160	  0.079700	  0.167715	  0.045500
  0.077460	  0.013988	  0.088043	  0.098932	  0.079818	  0.026282	  0.113858	  0.033183	  0.040419	  0.154974	  0.145567	  0.029785	  0.076236	  0.148500	  0.023840
  0.062935	  0.022868	  0.126167	  0.088822	  0.082843	  0.027296	  0.112962	  0.024901	  0.056173	  0.165360	  0.132759	  0.071698	  0.056228	  0.129183	  0.005453
  0.025275	  0.042228	  0.137824	  0.098655	  0.084235	  0.045729	  0.128459	  0.031603	  0.072158	  0.161336	  0.125477	  0.074586	  0.065469	  0.111433	 -0.032984
  0.013223	  0.054967	  0.113179	  0.098346	  0.087916	  0.080151	  0.146381	  0.038099	  0.106656	  0.189169	  0.149112	  0.076771	  0.070015	  0.081543	 -0.054613
  0.038946	  0.080260	  0.084192	  0.099268	  0.080671	  0.092978	  0.148586	  0.019626	  0.117168	  0.203386	  0.174575	  0.059563	  0.046901	  0.049821	 -0.049993
  0.048752	  0.041049	  0.059041	  0.119678	  0.111397	  0.070782	  0.143050	 -0.006219	  0.142009	  0.210608	  0.164285	  0.060155	  0.018960	  0.028656	 -0.062991
  0.058229	  0.002113	  0.058767	  0.129398	  0.129571	  0.069482	  0.165342	  0.007767	  0.154501	  0.212087	  0.135926	  0.050431	 -0.017308	  0.002595	 -0.067574
  0.060778	  0.003580	  0.041484	  0.133944	  0.157146	  0.060785	  0.186008	  0.051743	  0.148503	  0.226275	  0.105574	  0.037395	 -0.046660	  0.020626	 -0.064485
  0.079142	  0.018198	  0.027852	  0.113555	  0.168394	  0.066160	  0.209070	  0.067528	  0.115239	  0.203160	  0.110279	  0.069626	 -0.061740	 -0.009327	 -0.057777
  0.046678	  0.042756	  0.023902	  0.116708	  0.211764	  0.081645	  0.210085	  0.045184	  0.076628	  0.170529	  0.109007	  0.077894	 -0.049053	  0.011948	 -0.044220
  0.034282	  0.073545	  0.009439	  0.136302	  0.215785	  0.079767	  0.167874	  0.068679	  0.038654	  0.159195	  0.086335	  0.063378	 -0.038686	  0.032360	 -0.038921
  0.028878	  0.101857	  0.012476	  0.151502	  0.182681	  0.070542	  0.154455	  0.080662	 -0.025879	  0.139966	  0.086475	  0.039444	 -0.032115	  0.010779	 -0.019934
  0.070178	  0.115524	  0.028629	  0.156944	  0.153295	  0.087454	  0.174702	  0.074939	 -0.031939	  0.133642	  0.080592	  0.014919	 -0.023887	 -0.007877	  0.005851
  0.111917	  0.109710	  0.002523	  0.142315	  0.150736	  0.092077	  0.179403	  0.047693	 -0.045614	  0.122016	  0.093350	  0.017179	 -0.019970	 -0.011351	  0.038299
  0.148198	  0.104229	  0.009888	  0.127202	  0.148990	  0.067218	  0.168235	  0.021578	 -0.046700	  0.111144	  0.093272	  0.012174	 -0.032704	  0.021471	  0.064953
  0.146065	  0.108064	  0.025231	  0.138773	  0.165369	  0.079611	  0.116665	  0.004563	 -0.044363	  0.111877	  0.076064	  0.031568	 -0.021334	  0.049712	  0.100833
  0.131539	  0.103661	  0.015377	  0.143022	  0.179771	  0.083246	  0.101108	 -0.000570	 -0.030725	  0.110570	  0.136355	  0.061575	  0.033889	  0.083416	  0.141830
  0.122940	  0.111221	  0.017080	  0.158096	  0.153664	  0.090471	  0.110648	  0.006666	 -0.001806	  0.113377	  0.165589	  0.045459	  0.082267	  0.125617	  0.172733
  0.129736	  0.112088	  0.014472	  0.170117	  0.155013	  0.078929	  0.088159	  0.054645	  0.036500	  0.120201	  0.150724	  0.056128	  0.098255	  0.182114	  0.187585
  0.138251	  0.122646	  0.038705	  0.127772	  0.157063	  0.092905	  0.106869	  0.076428	  0.102570	  0.144451	  0.140986	  0.086355	  0.131990	  0.230474	  0.198113
  0.159426	  0.128066	  0.081187	  0.125632	  0.172893	  0.091098	  0.120834	  0.103636	  0.114777	  0.188538	  0.176966	  0.124804	  0.162747	  0.249847	  0.243238
  0.182718	  0.135112	  0.086925	  0.120018	  0.194532	  0.091442	  0.156361	  0.128395	  0.123269	  0.231398	  0.184295	  0.146018	  0.197153	  0.286070	  0.230413
  0.197126	  0.113360	  0.090894	  0.117578	  0.194194	  0.093114	  0.202342	  0.127486	  0.151607	  0.223440	  0.212117	  0.148337	  0.236790	  0.305842	  0.218492
  0.188571	  0.103738	  0.089273	  0.120886	  0.201380	  0.122215	  0.211656	  0.116074	  0.180908	  0.228854	  0.241681	  0.157174	  0.254820	  0.305593	  0.166705
  0.188695	  0.100444	  0.074364	  0.136465	  0.203433	  0.144519	  0.232443	  0.106953	  0.203406	  0.263312	  0.246936	  0.175003	  0.199248	  0.272935	  0.119327
  0.174570	  0.137034	  0.071993	  0.155039	  0.216290	  0.150691	  0.242518	  0.131949	  0.211343	  0.294573	  0.252650	  0.181586	  0.172498	  0.223258	  0.090263
  0.182708	  0.132364	  0.074589	  0.144358	  0.217388	  0.185908	  0.257066	  0.146927	  0.194687	  0.291569	  0.242570	  0.190770	  0.170402	  0.204812	  0.070066
  0.166783	  0.131179	  0.089202	  0.123472	  0.210838	  0.182029	  0.260407	  0.127346	  0.173969	  0.280053	  0.214836	  0.155714	  0.151345	  0.171656	  0.085353
  0.138273	  0.113044	  0.107815	  0.150796	  0.224510	  0.171554	  0.241689	  0.114896	  0.145431	  0.259721	  0.211138	  0.139369	  0.132927	  0.155695	  0.115544
  0.158891	  0.127398	  0.107558	  0.152091	  0.229749	  0.147012	  0.246144	  0.127766	  0.116997	  0.268844	  0.215425	  0.122140	  0.111859	  0.161885	  0.113313
  0.175859	  0.128584	  0.090820	  0.166076	  0.231671	  0.132353	  0.265513	  0.123568	  0.099915	  0.275625	  0.200809	  0.123964	  0.093286	  0.181344	  0.140530
  0.162889	  0.114481	  0.086811	  0.156976	  0.232513	  0.124204	  0.297331	  0.114006	  0.118643	  0.253908	  0.198376	  0.116287	  0.096982	  0.217923	  0.172990
  0.184013	  0.112017	  0.102074	  0.178017	  0.257213	  0.143861	  0.304386	  0.086131	  0.134664	  0.247389	  0.198157	  0.090905	  0.125512	  0.202798	  0.186105
  0.189183	  0.119533	  0.101885	  0.204358	  0.280405	  0.171713	  0.289804	  0.063441	  0.127980	  0.253194	  0.191944	  0.105509	  0.147047	  0.223337	  0.209302
  0.195439	  0.130525	  0.083144	  0.215907	  0.285709	  0.141086	  0.269806	  0.073277	  0.151382	  0.270134	  0.208663	  0.116149	  0.174168	  0.271085	  0.236982
  0.172963	  0.160197	  0.077332	  0.218376	  0.304595	  0.140086	  0.263699	  0.097862	  0.155146	  0.257537	  0.242149	  0.151076	  0.225276	  0.299014	  0.285584
  0.145217	  0.163199	  0.083126	  0.208372	  0.295847	  0.155782	  0.289423	  0.125838	  0.154266	  0.276779	  0.248530	  0.165074	  0.285936	  0.334368	  0.317707
  0.141212	  0.155387	  0.067621	  0.209376	  0.269989	  0.172047	  0.327360	  0.145025	  0.214862	  0.282498	  0.276237	  0.219465	  0.305633	  0.374241	  0.312252
  0.138389	  0.162760	  0.059370	  0.172323	  0.243792	  0.194699	  0.337809	  0.196043	  0.269399	  0.293460	  0.266526	  0.252338	  0.285624	  0.375935	  0.326754
  0.136314	  0.130465	  0.091982	  0.172208	  0.221157	  0.185593	  0.360648	  0.232004	  0.266154	  0.303267	  0.286622	  0.261161	  0.303523	  0.381413	  0.319419
  0.133256	  0.108615	  0.083234	  0.176527	  0.233448	  0.163659	  0.349287	  0.235037	  0.277824	  0.302909	  0.298932	  0.276410	  0.298068	  0.380566	  0.307688
  0.157044	  0.091737	  0.063803	  0.175247	  0.276440	  0.158753	  0.327908	  0.244157	  0.294903	  0.289441	  0.306983	  0.284230	  0.300967	  0.348506	  0.283670
  0.175988	  0.092734	  0.099781	  0.179731	  0.286237	  0.187751	  0.347454	  0.266699	  0.290713	  0.301980	  0.289697	  0.290497	  0.298898	  0.331424	  0.270479
  0.152873	  0.099584	  0.099861	  0.186533	  0.302608	  0.187304	  0.384570	  0.264213	  0.264824	  0.312864	  0.275965	  0.290958	  0.260821	  0.311267	  0.265391
  0.108003	  0.099568	  0.104684	  0.193964	  0.276817	  0.172680	  0.395639	  0.269853	  0.253894	  0.279066	  0.270967	  0.277515	  0.268000	  0.280104	  0.250167
  0.104582	  0.120213	  0.127861	  0.185491	  0.257288	  0.186768	  0.399143	  0.266344	  0.240827	  0.273014	  0.261761	  0.243139	  0.282644	  0.251248	  0.217645
  0.129677	  0.142013	  0.144935	  0.192045	  0.238200	  0.229643	  0.360901	  0.237122	  0.199578	  0.270227	  0.249489	  0.217072	  0.265268	  0.242810	  0.202043
  0.126524	  0.148501	  0.157941	  0.204840	  0.218935	  0.237870	  0.348957	  0.238103	  0.199034	  0.257879	  0.221592	  0.222621	  0.245016	  0.238100	  0.204423
  0.126198	  0.112962	  0.149149	  0.199496	  0.214743	  0.225692	  0.349962	  0.257374	  0.217011	  0.231053	  0.207893	  0.172460	  0.230651	  0.220253	  0.176089
  0.126528	  0.116729	  0.137099	  0.228054	  0.232085	  0.233989	  0.332881	  0.259981	  0.217055	  0.227004	  0.225544	  0.122053	  0.216497	  0.230032	  0.161629
  0.130394	  0.145950	  0.130957	  0.233737	  0.228006	  0.237795	  0.311353	  0.248118	  0.218001	  0.215730	  0.214985	  0.114825	  0.228653	  0.244827	  0.160069
  0.137051	  0.188032	  0.150113	  0.207731	  0.258074	  0.222308	  0.304402	  0.249859	  0.222174	  0.207258	  0.207373	  0.127283	  0.225313	  0.215040	  0.155424
  0.127711	  0.196085	  0.163396	  0.187658	  0.266000	  0.229288	  0.347799	  0.224337	  0.202530	  0.236193	  0.206403	  0.143951	  0.217882	  0.175273	  0.138326
  0.151601	  0.193243	  0.158589	  0.201011	  0.249133	  0.200795	  0.342566	  0.168270	  0.192773	  0.262921	  0.188384	  0.164873	  0.185729	  0.188422	  0.133341
  0.154911	  0.215517	  0.150435	  0.217796	  0.245155	  0.182991	  0.322993	  0.133710	  0.198466	  0.272049	  0.168049	  0.180924	  0.159702	  0.214064	  0.114519
  0.133457	  0.175628	  0.151756	  0.221266	  0.261340	  0.172377	  0.290613	  0.141254	  0.194916	  0.256198	  0.181037	  0.169415	  0.163083	  0.209451	  0.101509
  0.139568	  0.169228	  0.148558	  0.202905	  0.248155	  0.152493	  0.281592	  0.116873	  0.213349	  0.258060	  0.198613	  0.188196	  0.158725	  0.216600	  0.079826
  0.139039	  0.169518	  0.144645	  0.210722	  0.234817	  0.121727	  0.271203	  0.111040	  0.189079	  0.257442	  0.203242	  0.192870	  0.136631	  0.216667	  0.088882
  0.157815	  0.165729	  0.154645	  0.203365	  0.241082	  0.119070	  0.270875	  0.112667	  0.160020	  0.240295	  0.180534	  0.206288	  0.159221	  0.231996	  0.095149
  0.158003	  0.165121	  0.165610	  0.185072	  0.269696	  0.133474	  0.271049	  0.135559	  0.160088	  0.214081	  0.162883	  0.223609	  0.194723	  0.241140	  0.111770
  0.168204	  0.175985	  0.149624	  0.207574	  0.270967	  0.155854	  0.282057	  0.143311	  0.153439	  0.193303	  0.160971	  0.247978	  0.202358	  0.217594	  0.100899
  0.152981	  0.202519	  0.151623	  0.204253	  0.273720	  0.159549	  0.289602	  0.160792	  0.163173	  0.205317	  0.170406	  0.221953	  0.206038	  0.229278	  0.123470
  0.017647	 -0.013607	 -0.010967	 -0.048491	  0.008667	  0.011284	 -0.002302	  0.009374	  0.019020	  0.062370	  0.085305	 -0.023739	 -0.019922	  0.030472	  0.005726
  0.009513	 -0.024802	  0.015060	 -0.033699	 -0.000930	  0.006948	  0.018974	 -0.000205	  0.017253	  0.059822	  0.062003	 -0.021538	  0.009050	  0.013996	  0.013087
 -0.004921	 -0.042200	  0.027032	  0.006151	 -0.021357	  0.027349	  0.011253	  0.019064	  0.031615	  0.051397	  0.066084	 -0.001428	 -0.016620	 -0.011445	  0.030182
 -0.005119	 -0.031710	  0.022113	  0.023268	 -0.038124	 -0.004726	  0.037103	  0.032661	  0.012361	  0.032483	  0.047300	  0.003119	 -0.033723	 -0.042501	  0.032948
  0.012057	 -0.018311	  0.029786	  0.025170	  0.000497	 -0.039896	  0.045639	  0.022612	 -0.008145	 -0.012555	  0.014606	 -0.000229	 -0.016725	 -0.037311	  0.031591
  0.004000	 -0.004504	  0.037911	  0.013408	  0.002716	 -0.030459	 -0.013498	  0.006974	 -0.021930	 -0.027243	  0.003850	 -0.008695	 -0.015421	 -0.037731	  0.032222
  0.007072	 -0.001913	  0.015839	  0.012752	  0.015599	 -0.028512	 -0.017035	 -0.008237	 -0.019504	 -0.022487	 -0.006419	  0.002754	 -0.020381	 -0.004775	  0.036270
  0.024717	  0.002082	 -0.007736	  0.026574	  0.022204	 -0.018226	  0.005056	 -0.012178	  0.000649	 -0.010556	 -0.003221	  0.018288	  0.001626	  0.017627	  0.063964
  0.025436	 -0.004378	 -0.051918	  0.004258	  0.006572	  0.011464	  0.013527	  0.013181	  0.032873	 -0.013932	 -0.020238	  0.005512	  0.026541	  0.023421	  0.090312
 -0.020042	 -0.020833	 -0.034288	  0.000366	  0.019859	  0.012333	  0.017035	  0.017782	  0.021426	 -0.033603	 -0.026744	 -0.000552	  0.031281	  0.014580	  0.058588
 -0.028322	 -0.008165	  0.007489	  0.016999	  0.030861	  0.016561	 -0.003082	  0.034243	  0.020215	 -0.041464	 -0.032035	  0.001647	  0.018967	 -0.015671	 -0.027892
 -0.025356	 -0.005670	  0.013553	  0.007784	  0.007896	 -0.001097	 -0.007768	  0.044541	  0.039949	 -0.040435	 -0.041560	 -0.000492	 -0.023045	 -0.053807	 -0.118477
 -0.025945	  0.005141	  0.030676	 -0.015199	 -0.008738	  0.010889	 -0.002428	  0.037381	  0.042810	 -0.029192	 -0.055631	  0.007103	 -0.022984	 -0.049071	 -0.111714
 -0.037902	  0.014561	  0.014151	 -0.028777	 -0.009067	  0.009894	  0.009197	  0.002281	  0.015619	 -0.009528	 -0.035083	  0.031468	  0.023292	  0.001622	  0.026288
 -0.018438	  0.025525	  0.001784	 -0.001017	 -0.002396	 -0.012217	 -0.013907	 -0.014334	 -0.007842	  0.014140	 -0.012596	  0.039369	  0.063395	  0.099697	  0.182182
  0.004193	  0.040904	 -0.020175	  0.009693	  0.004214	  0.014591	 -0.036784	 -0.019834	 -0.029921	  0.027026	 -0.015765	  0.017583	  0.054671	  0.134059	  0.157133
  0.009379	  0.038847	 -0.020200	 -0.013718	 -0.001059	  0.008313	 -0.043162	 -0.026727	 -0.048112	 -0.002571	 -0.002821	 -0.015458	  0.012677	  0.038739	 -0.083744
  0.004619	  0.012243	 -0.026643	 -0.008193	  0.000719	 -0.020374	 -0.022409	 -0.042957	 -0.060625	  0.001921	 -0.030573	 -0.050615	 -0.059182	 -0.113453	 -0.323986
  0.015438	  0.013513	 -0.027136	 -0.004205	 -0.007757	  0.004310	  0.000905	 -0.060076	 -0.047219	 -0.004144	 -0.018382	 -0.028747	 -0.058948	 -0.119756	 -0.242843
  0.031975	  0.023275	 -0.016330	  0.006877	 -0.030377	  0.021569	  0.003687	 -0.055545	 -0.010492	 -0.001448	  0.021919	  0.024649	  0.045448	  0.111307	  0.148164
  0.031478	  0.028594	 -0.017571	  0.002266	 -0.040881	 -0.009690	  0.017678	 -0.061765	  0.005925	  0.008594	  0.048013	  0.080617	  0.148572	  0.302972	  0.383223
  0.013999	  0.035918	 -0.012783	 -0.007970	 -0.036838	 -0.021469	  0.021396	 -0.074405	  0.005005	 -0.010863	  0.012569	  0.078220	  0.111284	  0.226663	  0.231309
  0.004000	  0.015706	  0.008329	  0.022394	 -0.037449	 -0.019648	  0.002944	 -0.074316	  0.005823	 -0.029675	 -0.048376	 -0.010127	 -0.040801	 -0.026620	 -0.156903
  0.004312	  0.007909	 -0.004205	  0.035461	  0.014204	 -0.020210	  0.014729	 -0.039936	 -0.019019	 -0.072176	 -0.064537	 -0.118908	 -0.180799	 -0.248711	 -0.462267
  0.007302	  0.023510	 -0.018762	  0.032273	  0.029152	 -0.014099	  0.047646	 -0.030243	 -0.033064	 -0.077766	 -0.065513	 -0.107753	 -0.160456	 -0.213992	 -0.376425
 -0.000038	  0.015091	  0.015532	  0.009375	  0.018511	 -0.020886	  0.061321	 -0.023929	 -0.038663	 -0.039986	 -0.002204	 -0.005165	  0.014483	  0.053477	  0.065487
 -0.024691	  0.012060	  0.030247	 -0.021104	  0.024994	  0.004925	  0.058846	 -0.026638	 -0.018363	  0.009077	  0.079960	  0.119932	  0.172783	  0.290576	  0.406168
 -0.029550	  0.024721	  0.027407	 -0.041242	  0.016986	  0.028873	  0.065919	 -0.032910	 -0.018648	  0.035820	  0.092161	  0.139504	  0.144584	  0.276863	  0.330073
 -0.029548	  0.033858	 -0.000116	 -0.059588	 -0.003684	  0.057588	  0.038797	 -0.032632	 -0.053632	  0.011800	  0.023833	  0.038548	 -0.024772	  0.015752	 -0.077711
 -0.017620	  0.033949	 -0.014333	 -0.028805	 -0.034143	  0.058695	  0.027149	 -0.039843	 -0.088016	 -0.039113	 -0.063225	 -0.074526	 -0.207916	 -0.252305	 -0.474804
 -0.004813	 -0.004667	 -0.011264	 -0.024931	 -0.050521	  0.069910	  0.031474	 -0.039462	 -0.083488	 -0.046238	 -0.081775	 -0.126990	 -0.230018	 -0.248735	 -0.464717
  0.002797	  0.005733	 -0.037864	 -0.018523	 -0.034872	  0.077045	  0.041936	 -0.029958	 -0.044140	 -0.019861	 -0.026390	 -0.065362	 -0.057210	 -0.004847	 -0.053669
 -0.004505	  0.015888	 -0.041778	 -0.035344	 -0.009688	  0.028499	  0.070572	 -0.046128	 -0.022989	  0.005939	  0.042303	  0.061105	  0.160131	  0.241118	  0.362858
 -0.031385	  0.028291	 -0.029558	 -0.056526	  0.010988	  0.052139	  0.069114	 -0.065944	  0.003205	  0.015989	  0.061626	  0.143408	  0.215324	  0.292806	  0.429498
 -0.038309	  0.000088	 -0.004118	 -0.063570	  0.015487	  0.071670	  0.034400	 -0.040259	  0.006908	 -0.015670	 -0.006389	  0.062719	  0.056450	  0.060760	  0.066897
 -0.012463	 -0.016958	 -0.018315	 -0.051512	  0.005088	  0.031034	  0.024534	 -0.046048	 -0.001186	 -0.046487	 -0.076269	 -0.081679	 -0.126562	 -0.246327	 -0.366842
 -0.003947	 -0.014661	 -0.015143	 -0.056933	 -0.007297	  0.032821	  0.023241	 -0.056825	 -0.011234	 -0.066567	 -0.125785	 -0.152361	 -0.206588	 -0.317380	 -0.458038
 -0.016822	 -0.024600	 -0.031329	 -0.062974	  0.015562	  0.041089	  0.037422	 -0.033330	  0.009281	 -0.036214	 -0.120514	 -0.077731	 -0.092616	 -0.097758	 -0.129480
 -0.018706	 -0.031325	 -0.040433	 -0.052091	  0.003908	  0.030032	  0.041772	  0.000273	  0.041639	  0.016529	 -0.061774	  0.034850	  0.112214	  0.229666	  0.317878
 -0.022838	 -0.026512	 -0.038256	 -0.030971	 -0.015419	  0.013397	  0.015459	  0.028012	  0.065063	  0.042734	 -0.015862	  0.097212	  0.232360	  0.344533	  0.510425
 -0.015632	 -0.000076	 -0.033272	 -0.039190	 -0.045393	  0.010571	 -0.012235	  0.004256	  0.054368	  0.041198	 -0.028495	  0.043118	  0.108065	  0.156163	  0.221422
 -0.008369	  0.003607	 -0.004314	 -0.060372	 -0.045612	 -0.004115	 -0.012022	 -0.027216	  0.015780	  0.018980	 -0.079247	 -0.093200	 -0.103518	 -0.184756	 -0.258420
 -0.004415	 -0.015702	 -0.008123	 -0.051976	 -0.021012	  0.002262	 -0.024230	 -0.037114	  0.004842	 -0.017973	 -0.116022	 -0.196655	 -0.235388	 -0.361099	 -0.479513
  0.012598	 -0.009285	 -0.046341	 -0.026336	 -0.019263	  0.027674	 -0.038647	 -0.036560	  0.029698	 -0.015389	 -0.100782	 -0.152646	 -0.162735	 -0.212871	 -0.247041
  0.029862	 -0.009565	 -0.037321	 -0.021274	 -0.025657	  0.041818	 -0.032460	 -0.002732	  0.042220	  0.022259	 -0.029111	 -0.014748	  0.036687	  0.114286	  0.243081
  0.018881	 -0.032033	 -0.031376	 -0.044805	 -0.021240	  0.054242	 -0.021720	  0.005982	  0.067672	  0.036183	  0.064495	  0.118680	  0.184608	  0.333072	  0.514712
  0.004128	 -0.022181	 -0.022932	 -0.061027	 -0.021413	  0.048915	 -0.021827	 -0.003934	  0.063933	  0.025891	  0.061570	  0.129256	  0.148434	  0.224883	  0.336560
  0.005105	 -0.030292	 -0.010368	 -0.053909	 -0.021513	  0.026251	 -0.009953	 -0.019007	  0.046486	  0.002367	 -0.020412	  0.002790	 -0.046491	 -0.090849	 -0.116768
 -0.003797	 -0.039166	 -0.011838	 -0.023003	 -0.022505	  0.032033	 -0.006181	 -0.059793	 -0.000955	 -0.034732	 -0.089899	 -0.140953	 -0.225174	 -0.316706	 -0.447081
 -0.021392	 -0.047698	 -0.027525	 -0.004919	 -0.019933	  0.018009	 -0.008646	 -0.057954	 -0.005295	 -0.053730	 -0.098114	 -0.132490	 -0.213521	 -0.250044	 -0.334044
 -0.042635	 -0.037611	 -0.030198	 -0.019841	  0.001606	 -0.002077	  0.024824	 -0.025081	  0.047506	 -0.022110	 -0.021724	 -0.011545	 -0.036561	  0.062106	  0.119596
 -0.055037	 -0.021066	 -0.054759	 -0.055186	  0.001361	  0.003590	  0.038533	 -0.020403	  0.073898	  0.015209	  0.082836	  0.099403	  0.126315	  0.342705	  0.518451
 -0.038538	 -0.012739	 -0.069812	 -0.035125	  0.012978	  0.035632	  0.053760	 -0.007106	  0.054416	  0.062236	  0.114444	  0.157683	  0.166331	  0.282664	  0.446320
 -0.028114	 -0.005443	 -0.072689	 -0.001929	  0.019486	  0.037804	  0.021962	 -0.001684	  0.031464	  0.028406	  0.065056	  0.059036	  0.017718	  0.009011	 -0.025140
 -0.057350	 -0.029864	 -0.022315	 -0.006715	  0.029232	 -0.003715	 -0.002708	 -0.010679	  0.007341	 -0.050611	 -0.033074	 -0.104555	 -0.166309	 -0.259672	 -0.467358
 -0.053431	 -0.033107	 -0.023623	 -0.031732	  0.028059	  0.014925	 -0.019160	  0.004468	  0.001470	 -0.064080	 -0.079998	 -0.159850	 -0.212755	 -0.280866	 -0.485640
 -0.044937	  0.011177	 -0.039190	 -0.027587	  0.034924	  0.035546	 -0.037282	  0.007937	  0.007942	 -0.041549	 -0.002113	 -0.074547	 -0.044553	 -0.021274	 -0.082793
 -0.034939	  0.015253	 -0.025727	 -0.017587	  0.007446	  0.045073	 -0.026576	  0.017059	  0.016531	  0.003210	  0.089991	  0.058397	  0.165352	  0.266342	  0.378539
 -0.038188	  0.005224	 -0.002481	 -0.025981	 -0.015901	  0.024643	 -0.017136	  0.022650	  0.022971	  0.022800	  0.120749	  0.108655	  0.196656	  0.289333	  0.434225
 -0.047850	  0.013874	  0.009934	 -0.039240	 -0.002666	  0.008268	 -0.012723	  0.004967	  0.010977	 -0.010613	  0.065261	  0.029740	  0.035757	  0.051908	  0.061928
 -0.048722	  0.041667	  0.003205	 -0.049304	 -0.000089	  0.008785	 -0.017944	 -0.020549	 -0.011911	 -0.072980	 -0.014653	 -0.097176	 -0.197092	 -0.266179	 -0.372022
 -0.049494	  0.040701	  0.020343	 -0.043176	  0.027687	  0.016038	 -0.037936	 -0.027892	 -0.016633	 -0.086169	 -0.075610	 -0.157601	 -0.279905	 -0.357097	 -0.480189
 -0.053212	  0.020465	  0.022705	 -0.035842	  0.045995	  0.036221	 -0.027556	 -0.010434	  0.007955	 -0.046854	 -0.065622	 -0.081191	 -0.125005	 -0.138300	 -0.146131
 -0.062537	  0.045141	  0.018482	 -0.048375	  0.040053	  0.042680	 -0.004325	 -0.021001	  0.025420	  0.006313	  0.021953	  0.057716	  0.101364	  0.176451	  0.306049
 -0.071008	  0.079668	  0.023146	 -0.075449	  0.037989	  0.030981	  0.014662	 -0.022581	  0.053863	  0.030868	  0.096652	  0.121388	  0.225347	  0.326481	  0.467795
 -0.075175	  0.068685	  0.021066	 -0.059603	  0.024787	  0.015905	  0.047742	 -0.029046	  0.047343	  0.036342	  0.072954	  0.058408	  0.133100	  0.143006	  0.182459
 -0.066803	  0.034777	  0.012559	 -0.049773	  0.055929	  0.008957	  0.063224	 -0.046092	  0.006848	  0.026708	 -0.000561	 -0.079944	 -0.112095	 -0.180607	 -0.303716
 -0.060208	  0.005024	  0.031635	 -0.073636	  0.073401	 -0.010213	  0.028579	 -0.037226	 -0.005007	 -0.020731	 -0.077078	 -0.164493	 -0.276421	 -0.342687	 -0.545226
 -0.060841	  0.022908	  0.030212	 -0.081036	  0.062863	  0.011567	  0.047949	 -0.035272	  0.002695	 -0.033068	 -0.054859	 -0.124287	 -0.188449	 -0.178556	 -0.313921
 -0.043009	  0.009101	  0.022578	 -0.043711	  0.037121	  0.035730	  0.066000	 -0.013526	  0.033110	 -0.021813	  0.029820	  0.014306	  0.023291	  0.136371	  0.174608
 -0.024544	 -0.009704	  0.026586	 -0.047466	  0.025297	  0.043588	  0.073950	 -0.024483	  0.071147	  0.024287	  0.115107	  0.104473	  0.198135	  0.343560	  0.475663
 -0.016647	 -0.017700	  0.025726	 -0.065885	  0.034201	  0.025525	  0.064260	 -0.029046	  0.086382	  0.022015	  0.128970	  0.090898	  0.146637	  0.217196	  0.283429
 -0.036574	  0.000100	  0.014790	 -0.092740	  0.013167	  0.024262	  0.035273	 -0.055235	  0.029437	 -0.016287	  0.050713	 -0.028955	 -0.091202	 -0.110943	 -0.183437
 -0.052229	 -0.031130	 -0.007947	 -0.093108	  0.013106	  0.012486	  0.014398	 -0.082474	 -0.001351	 -0.076673	 -0.028257	 -0.142618	 -0.280662	 -0.349263	 -0.494169
 -0.034351	 -0.040978	 -0.046858	 -0.085426	  0.028875	  0.043925	  0.031708	 -0.085962	 -0.001421	 -0.063499	 -0.060883	 -0.131909	 -0.262516	 -0.255582	 -0.351379
 -0.019224	 -0.025330	 -0.052063	 -0.061983	  0.031024	  0.079739	  0.037549	 -0.063783	  0.032924	 -0.001691	  0.018494	 -0.021980	 -0.051571	  0.079042	  0.111660
 -0.007549	 -0.023297	 -0.037355	 -0.010468	  0.012139	  0.054788	  0.027108	 -0.029200	  0.046828	  0.047101	  0.096001	  0.111038	  0.128629	  0.338688	  0.479785
 -0.003355	 -0.012438	 -0.020374	 -0.036533	  0.012639	  0.046944	  0.031993	 -0.014219	  0.067565	  0.076370	  0.115484	  0.126446	  0.108078	  0.300137	  0.418750
  0.015903	 -0.039710	 -0.041003	 -0.046928	  0.031144	  0.052045	  0.032740	 -0.044038	  0.035407	  0.052977	  0.068700	  0.015963	 -0.046301	 -0.001706	 -0.063587
  0.045036	 -0.034805	 -0.004127	 -0.033572	  0.060391	  0.048075	  0.040162	 -0.054620	 -0.023938	 -0.021945	 -0.017962	 -0.102535	 -0.209091	 -0.256267	 -0.473299
  0.049550	 -0.020658	 -0.020476	 -0.039455	  0.045444	  0.052791	  0.044894	 -0.031835	 -0.013295	 -0.034527	 -0.025595	 -0.152378	 -0.243578	 -0.262408	 -0.446935
  0.034616	 -0.006728	 -0.022621	 -0.048562	  0.018967	  0.065725	  0.055989	 -0.036329	  0.011308	  0.011217	  0.036687	 -0.053054	 -0.083858	 -0.005552	 -0.022410
  0.001720	  0.022438	 -0.016071	 -0.027249	  0.003794	  0.072043	  0.057696	 -0.050799	  0.079459	  0.060474	  0.114964	  0.089097	  0.126719	  0.289768	  0.404330
 -0.035714	  0.002340	 -0.009421	 -0.020798	 -0.014464	  0.076415	  0.054548	  0.003654	  0.082468	  0.087139	  0.153283	  0.148255	  0.185696	  0.334129	  0.457482
 -0.058164	  0.005321	 -0.009032	 -0.045144	  0.001194	  0.049080	  0.065170	  0.011166	  0.083687	  0.070394	  0.101035	  0.086953	  0.028899	  0.072657	  0.067222
 -0.054274	 -0.012504	 -0.018651	 -0.031966	  0.017778	  0.057993	  0.054784	 -0.012352	  0.049237	  0.013252	  0.019386	 -0.071111	 -0.188774	 -0.282018	 -0.437900
 -0.046740	 -0.049871	 -0.035899	 -0.037523	  0.038943	  0.059576	  0.029834	 -0.031136	  0.013970	 -0.038233	  0.005203	 -0.135030	 -0.272420	 -0.367322	 -0.559211
 -0.031377	 -0.083584	 -0.044798	 -0.066957	  0.034310	  0.050691	  0.032426	 -0.021454	  0.031375	 -0.044251	  0.015287	 -0.054076	 -0.133268	 -0.097946	 -0.184085
 -0.047955	 -0.098374	 -0.056142	 -0.067586	  0.051651	  0.069435	  0.055781	  0.002348	  0.061041	  0.020236	  0.078204	  0.068275	  0.097562	  0.259335	  0.300369
 -0.035355	 -0.070135	 -0.062772	 -0.035839	  0.046013	  0.066275	  0.039743	 -0.006718	  0.079149	  0.044056	  0.123015	  0.126836	  0.195458	  0.395185	  0.479594
 -0.036562	 -0.065645	 -0.065201	 -0.033220	  0.046746	  0.031667	  0.030610	  0.007422	  0.070456	  0.049948	  0.065172	  0.082836	  0.075608	  0.168519	  0.181264
 -0.044434	 -0.068236	 -0.077738	 -0.030339	  0.064766	  0.042459	  0.037159	  0.004228	  0.021026	  0.019430	 -0.029417	 -0.033131	 -0.157605	 -0.168763	 -0.321062
 -0.051895	 -0.057389	 -0.089602	 -0.018399	  0.056602	  0.009769	  0.033594	 -0.021112	 -0.020079	 -0.006127	 -0.100005	 -0.113227	 -0.293304	 -0.340019	 -0.530185
 -0.069076	 -0.015731	 -0.075750	 -0.037989	  0.041791	  0.014741	  0.033579	 -0.017366	 -0.032943	 -0.008751	 -0.097689	 -0.105912	 -0.226255	 -0.199066	 -0.264996
 -0.061151	  0.024789	 -0.075376	 -0.035127	  0.039186	  0.001864	  0.027594	  0.002208	 -0.031942	  0.022292	 -0.005174	  0.020545	 -0.012482	  0.141644	  0.189132
 -0.057386	  0.006906	 -0.114730	 -0.042486	  0.028272	 -0.002280	  0.019503	  0.031054	 -0.019938	  0.060967	  0.087679	  0.126201	  0.138692	  0.351682	  0.458093
 -0.046294	 -0.023528	 -0.110130	 -0.053258	  0.020844	  0.008231	 -0.007399	  0.034475	 -0.012174	  0.049184	  0.103352	  0.096912	  0.073404	  0.239846	  0.296340
 -0.049228	 -0.021716	 -0.099315	 -0.039311	 -0.005348	 -0.006099	 -0.020132	 -0.013418	 -0.024392	 -0.000698	  0.034887	 -0.017193	 -0.142858	 -0.123839	 -0.175423
 -0.030642	 -0.032527	 -0.094629	 -0.035810	 -0.020034	  0.010580	 -0.026904	 -0.021149	 -0.061297	 -0.050273	 -0.075849	 -0.142857	 -0.315170	 -0.361022	 -0.522311
 -0.024063	 -0.021457	 -0.093495	 -0.072216	 -0.027637	  0.008223	 -0.039226	 -0.028469	 -0.046020	 -0.060148	 -0.083935	 -0.171932	 -0.302568	 -0.254564	 -0.385953
 -0.007084	 -0.015813	 -0.054177	 -0.064159	 -0.006565	 -0.004086	 -0.027217	 -0.021137	 -0.017003	 -0.041588	 -0.007778	 -0.057411	 -0.095677	  0.090764	  0.071818
 -0.005009	 -0.028806	 -0.055657	 -0.043517	  0.008334	  0.019366	 -0.016750	 -0.004110	  0.017565	  0.006800	  0.085452	  0.079408	  0.084788	  0.346335	  0.450127
  0.000427	 -0.000775	 -0.076373	 -0.054583	 -0.004934	  0.024568	 -0.004101	  0.001110	  0.019917	  0.048378	  0.111612	  0.110470	  0.105059	  0.303179	  0.367716
 -0.011662	 -0.003212	 -0.081628	 -0.062508	  0.001266	  0.026334	  0.007273	 -0.040863	 -0.037826	  0.022197	  0.035336	  0.000062	 -0.056513	 -0.026017	 -0.086901
 -0.011563	 -0.029420	 -0.079018	 -0.046798	  0.015415	  0.023361	 -0.019245	 -0.017939	 -0.054841	 -0.030765	 -0.053962	 -0.137098	 -0.233290	 -0.335200	 -0.485868
 -0.008562	 -0.052364	 -0.068938	 -0.033444	  0.018903	  0.020488	 -0.012153	  0.021153	 -0.031490	 -0.028053	 -0.072350	 -0.174196	 -0.258999	 -0.328557	 -0.466438
 -0.008685	 -0.062425	 -0.031510	 -0.037739	  0.045741	 -0.000373	  0.013828	  0.005922	 -0.026410	  0.009761	 -0.017822	 -0.068014	 -0.102475	 -0.048754	 -0.061264
  0.008425	 -0.038638	 -0.039103	 -0.043907	  0.066220	  0.004017	  0.010559	  0.011077	 -0.012273	  0.069637	  0.078441	  0.107810	  0.114900	  0.250718	  0.385777
  0.008745	 -0.020932	 -0.035984	 -0.048124	  0.055905	  0.023591	  0.009305	 -0.001617	  0.025654	  0.106757	  0.107297	  0.167474	  0.130153	  0.302124	  0.471121
 -0.022452	 -0.046035	 -0.014281	 -0.023733	  0.049201	  0.008221	 -0.000424	 -0.026953	  0.018752	  0.069472	  0.072418	  0.090188	 -0.058951	  0.027712	  0.077351
 -0.022785	 -0.057582	  0.000183	 -0.023207	  0.020893	  0.011912	  0.000577	 -0.046312	 -0.002154	 -0.021586	 -0.011822	 -0.082659	 -0.279394	 -0.283438	 -0.370386
 -0.013444	 -0.031763	 -0.012228	 -0.010703	  0.030763	 -0.003467	 -0.003620	 -0.082306	  0.005481	 -0.055239	 -0.099902	 -0.169749	 -0.345690	 -0.359442	 -0.487626
 -0.025841	 -0.017111	  0.004124	 -0.042736	  0.055139	 -0.025688	 -0.028370	 -0.092332	 -0.000762	 -0.036889	 -0.098125	 -0.088949	 -0.165551	 -0.155129	 -0.145887
 -0.021996	 -0.031139	 -0.000407	 -0.059313	  0.030077	 -0.003879	 -0.035235	 -0.060702	 -0.000615	  0.011347	 -0.000046	  0.037187	  0.042252	  0.172011	  0.354233
 -0.043782	 -0.020977	 -0.013071	 -0.030001	  0.008376	  0.011483	  0.004063	 -0.051880	  0.017616	  0.057730	  0.074891	  0.134036	  0.121493	  0.323987	  0.521335
 -0.053233	 -0.035669	  0.006247	 -0.040553	 -0.014710	  0.018005	  0.008306	 -0.067353	  0.018151	  0.026892	  0.021327	  0.098367	 -0.019481	  0.168361	  0.198078
 -0.050878	 -0.055485	  0.009092	 -0.051262	 -0.016572	  0.008256	  0.002638	 -0.064934	  0.001988	 -0.012083	 -0.073672	 -0.035563	 -0.241238	 -0.168617	 -0.279951
 -0.047507	 -0.063788	 -0.057817	 -0.061226	 -0.019455	 -0.002786	 -0.002540	 -0.039582	  0.003455	 -0.038834	 -0.139623	 -0.134814	 -0.326632	 -0.292977	 -0.471179
 -0.022852	 -0.030649	 -0.103794	 -0.066860	 -0.009556	 -0.000723	 -0.017350	 -0.046841	  0.036540	 -0.039714	 -0.114578	 -0.091228	 -0.207253	 -0.114413	 -0.216373
 -0.007376	 -0.035541	 -0.092001	 -0.040170	 -0.005945	  0.042013	 -0.029381	 -0.026470	  0.050669	 -0.007398	 -0.016082	  0.046397	 -0.000251	  0.157879	  0.209005
 -0.005010	 -0.072377	 -0.080035	 -0.036042	  0.026030	  0.039837	 -0.043924	 -0.019856	  0.033884	  0.023118	  0.065835	  0.132062	  0.106442	  0.300894	  0.434312
 -0.032094	 -0.065719	 -0.053628	 -0.031231	  0.035793	  0.033441	 -0.045099	 -0.038825	  0.009453	  0.039661	  0.079495	  0.116868	  0.028963	  0.191948	  0.252727
 -0.031253	 -0.058279	 -0.053357	 -0.030013	  0.034705	  0.029897	 -0.049260	 -0.058165	  0.015230	  0.011753	  0.010670	 -0.003262	 -0.198114	 -0.071698	 -0.100451
 -0.055623	 -0.038190	 -0.060305	 -0.045410	  0.056925	  0.025547	 -0.069609	 -0.092580	  0.019790	 -0.015506	 -0.057761	 -0.092551	 -0.307428	 -0.226985	 -0.291103
 -0.052673	 -0.035928	 -0.049132	 -0.048753	  0.069631	  0.006734	 -0.064080	 -0.107189	 -0.016362	 -0.008323	 -0.099379	 -0.081123	 -0.205031	 -0.111537	 -0.148233
 -0.029082	 -0.017480	 -0.019368	 -0.037231	  0.066298	 -0.013473	 -0.036960	 -0.107664	 -0.040391	  0.006364	 -0.077374	 -0.007942	 -0.038107	  0.089099	  0.134834
 -0.016680	 -0.020018	 -0.003102	 -0.059811	  0.059341	  0.011420	 -0.036763	 -0.118640	 -0.028147	  0.062442	 -0.024518	  0.066942	  0.027866	  0.186985	  0.272679
 -0.027375	 -0.034335	 -0.026537	 -0.089950	  0.063224	  0.022009	 -0.057995	 -0.118234	 -0.035129	  0.058683	 -0.015244	  0.049621	  0.003170	  0.094204	  0.119061
 -0.058496	 -0.031522	 -0.041335	 -0.092130	  0.067008	  0.034167	 -0.048387	 -0.106823	 -0.040396	  0.017125	 -0.046600	 -0.001275	 -0.071046	 -0.083338	 -0.168775
 -0.051203	 -0.031058	 -0.030933	 -0.083417	  0.035108	  0.016211	 -0.015953	 -0.088912	 -0.054244	  0.007149	 -0.077937	 -0.083416	 -0.173530	 -0.204072	 -0.364840
 -0.036587	 -0.038745	  0.006964	 -0.072145	  0.013571	  0.014221	  0.001547	 -0.067140	 -0.055646	 -0.004214	 -0.069820	 -0.131819	 -0.219756	 -0.214929	 -0.321328
 -0.012585	 -0.045763	  0.004525	 -0.100051	 -0.008886	  0.010819	 -0.003075	 -0.050532	 -0.050238	 -0.026562	 -0.054317	 -0.050527	 -0.158829	 -0.098703	 -0.130636
  0.001101	 -0.055479	 -0.000147	 -0.111854	 -0.021538	  0.006203	 -0.016771	 -0.022094	 -0.051104	 -0.017184	  0.000354	 -0.003925	 -0.070408	  0.070755	  0.074738
 -0.000469	 -0.037050	 -0.023562	 -0.084256	 -0.014192	  0.008182	 -0.011293	 -0.051408	 -0.051911	 -0.014138	  0.015759	  0.027428	 -0.034619	  0.108395	  0.175712
 -0.001973	 -0.031446	 -0.015731	 -0.092640	  0.000912	  0.011833	  0.017458	 -0.038952	 -0.084001	 -0.009242	 -0.010025	 -0.013650	 -0.054252	  0.047456	  0.090762
 -0.033436	 -0.055367	 -0.011853	 -0.102039	 -0.004880	  0.014158	  0.028373	 -0.023680	 -0.083388	  0.002601	 -0.001603	 -0.071494	 -0.081578	 -0.041996	 -0.054941
 -0.024279	 -0.061029	 -0.027620	 -0.098356	 -0.011473	  0.005511	  0.015422	 -0.061091	 -0.066505	  0.004166	 -0.016944	 -0.095576	 -0.132603	 -0.097010	 -0.141653
 -0.013363	 -0.076182	 -0.023801	 -0.093838	 -0.004357	  0.012127	  0.006059	 -0.055484	 -0.043033	 -0.000963	 -0.046312	 -0.122584	 -0.114465	 -0.076856	 -0.130948
 -0.036996	 -0.047778	 -0.050371	 -0.081742	 -0.017573	  0.021791	  0.044595	 -0.031421	 -0.051401	  0.032245	 -0.036082	 -0.078414	 -0.036673	 -0.027579	 -0.037909
 -0.041394	 -0.026722	 -0.041974	 -0.095408	 -0.021228	  0.038412	  0.037623	 -0.027913	 -0.046761	  0.055785	 -0.017945	 -0.033311	  0.009041	  0.017240	  0.054805
 -0.027979	 -0.048380	 -0.041748	 -0.107359	 -0.029688	  0.029077	  0.025981	 -0.057455	 -0.044514	  0.071451	 -0.000988	 -0.025513	  0.001728	  0.029418	  0.042089
 -0.023070	 -0.062724	 -0.031086	 -0.103025	 -0.035059	  0.026468	 -0.001478	 -0.077201	 -0.030256	  0.074575	  0.007903	 -0.017820	 -0.029107	  0.004217	 -0.013817
 -0.027603	 -0.062165	 -0.004709	 -0.095645	 -0.030606	  0.049085	  0.009038	 -0.094596	 -0.026790	  0.053550	 -0.013263	 -0.021419	 -0.078522	 -0.059764	 -0.069946
 -0.017192	 -0.061380	 -0.004309	 -0.116169	 -0.046935	  0.062371	 -0.009737	 -0.073648	 -0.016658	  0.058460	 -0.021089	 -0.042389	 -0.129285	 -0.068527	 -0.079148
 -0.011273	 -0.058164	 -0.031820	 -0.109439	 -0.057413	  0.041766	 -0.035064	 -0.050820	 -0.022617	  0.049094	 -0.021884	 -0.038760	 -0.141195	 -0.054069	 -0.046521
  0.014918	 -0.059250	 -0.051179	 -0.075412	 -0.035305	  0.006688	 -0.012633	 -0.057528	 -0.050691	  0.053927	 -0.016779	 -0.024605	 -0.108938	 -0.027225	 -0.009750
  0.016878	 -0.061051	 -0.057747	 -0.083938	 -0.028366	  0.024266	  0.019028	 -0.078738	 -0.049471	  0.069136	 -0.030934	 -0.039764	 -0.085894	 -0.025234	 -0.006816
  0.010599	 -0.053220	 -0.036381	 -0.083062	 -0.021137	  0.031320	  0.018253	 -0.052222	 -0.035615	  0.078844	 -0.063352	 -0.057786	 -0.079489	 -0.046875	 -0.021077
  0.012221	 -0.048712	 -0.040053	 -0.088175	 -0.033611	  0.033509	  0.015400	 -0.035780	 -0.052147	  0.079603	 -0.097045	 -0.057199	 -0.051155	 -0.045577	 -0.048331
 -0.001667	 -0.052453	 -0.023799	 -0.090464	 -0.040051	  0.023165	  0.003629	 -0.032902	 -0.046938	  0.079413	 -0.125082	 -0.067865	 -0.020267	 -0.070445	 -0.073122
  0.001500	 -0.036172	 -0.003289	 -0.071403	 -0.036010	  0.040677	  0.019488	 -0.041335	 -0.046913	  0.071050	 -0.133517	 -0.083649	 -0.026114	 -0.065224	 -0.084837
  0.006046	 -0.014441	  0.006999	 -0.047429	 -0.047038	  0.077955	  0.017193	 -0.032336	 -0.042308	  0.061252	 -0.113174	 -0.076382	 -0.044480	 -0.050014	 -0.070249
 -0.003110	  0.001440	  0.000197	 -0.056210	 -0.046626	  0.086794	  0.027777	 -0.057801	 -0.053332	  0.048206	 -0.103946	 -0.042722	 -0.051014	 -0.043166	 -0.057264
  0.003624	 -0.014512	  0.022304	 -0.096369	 -0.045123	  0.072128	  0.021803	 -0.059849	 -0.037674	  0.069984	 -0.084882	 -0.026796	 -0.053592	 -0.013234	 -0.072580
  0.031521	 -0.013113	  0.033716	 -0.078503	 -0.037207	  0.045730	  0.000398	 -0.081199	 -0.037160	  0.080800	 -0.048937	 -0.016749	 -0.056151	 -0.014438	 -0.068527
  0.024404	 -0.032004	 -0.006525	 -0.047984	 -0.042475	  0.017126	 -0.006970	 -0.068345	 -0.054260	  0.080195	 -0.043645	  0.021779	 -0.051778	 -0.047266	 -0.086532
  0.006169	 -0.050131	  0.003061	 -0.080215	 -0.018760	 -0.001018	 -0.008732	 -0.042798	 -0.041019	  0.084990	 -0.038115	  0.019916	 -0.041995	 -0.032382	 -0.090021
  0.018826	 -0.058589	 -0.009742	 -0.074204	  0.000012	 -0.038237	 -0.005213	 -0.040444	 -0.048703	  0.059856	 -0.032154	 -0.013548	 -0.034055	 -0.031737	 -0.083651
  0.019784	 -0.068741	 -0.030508	 -0.074794	 -0.015366	 -0.014797	  0.010500	 -0.058047	 -0.034504	  0.012927	 -0.057357	 -0.010798	 -0.043234	 -0.048996	 -0.090416
  0.019996	 -0.065161	 -0.009388	 -0.092115	 -0.016428	 -0.014917	  0.022020	 -0.095500	 -0.023788	 -0.004405	 -0.073736	 -0.022777	 -0.034797	 -0.065512	 -0.082237
  0.014431	 -0.077758	  0.005443	 -0.066305	 -0.014444	 -0.060175	  0.010130	 -0.087415	  0.001612	  0.001638	 -0.038504	 -0.033270	 -0.060623	 -0.059492	 -0.088895
  0.002868	 -0.083474	  0.037473	 -0.081217	 -0.033940	 -0.084146	  0.000888	 -0.075448	 -0.036984	  0.005915	 -0.003062	  0.010974	 -0.073664	 -0.065445	 -0.039192
  0.000436	 -0.055372	  0.056039	 -0.097651	 -0.035437	 -0.094718	  0.029494	 -0.057313	 -0.069401	  0.033559	 -0.003219	  0.045690	 -0.074136	 -0.038267	  0.012436
 -0.013584	 -0.051499	  0.046740	 -0.075261	 -0.056838	 -0.068048	  0.040706	 -0.053935	 -0.084976	  0.066904	  0.009117	  0.042364	 -0.095131	 -0.028550	 -0.008120
  0.002002	 -0.076125	  0.016825	 -0.066062	 -0.084748	 -0.050817	  0.026785	 -0.033252	 -0.075858	  0.103586	  0.019955	  0.016127	 -0.099821	 -0.019929	 -0.035472
  0.020279	 -0.119398	 -0.026068	 -0.057354	 -0.101591	 -0.032902	  0.022497	 -0.032384	 -0.062894	  0.104430	  0.014978	 -0.001225	 -0.089025	 -0.027700	 -0.032488
 -0.002076	 -0.119424	 -0.029781	 -0.036215	 -0.092071	 -0.028702	  0.026214	 -0.053134	 -0.063718	  0.090698	  0.005961	 -0.002601	 -0.091023	 -0.065878	 -0.025363
 -0.006387	 -0.117889	 -0.047586	 -0.041275	 -0.075810	 -0.031053	  0.041592	 -0.044303	 -0.096817	  0.088362	 -0.029104	 -0.023768	 -0.106682	 -0.057447	 -0.023834
 -0.024086	 -0.097959	 -0.076928	 -0.051487	 -0.046482	 -0.051475	  0.026781	 -0.024385	 -0.085716	  0.092359	 -0.039496	 -0.040220	 -0.117784	 -0.095930	 -0.045939
 -0.014264	 -0.038093	 -0.063663	 -0.051942	 -0.027574	 -0.048346	 -0.010388	 -0.019804	 -0.071332	  0.066749	 -0.059746	 -0.016834	 -0.111911	 -0.102453	 -0.039420
  0.001581	 -0.026220	 -0.048582	 -0.072092	 -0.023331	 -0.033110	 -0.001338	 -0.005368	 -0.083846	  0.080028	 -0.068678	  0.004467	 -0.125721	 -0.093720	 -0.037132
  0.004849	 -0.061535	 -0.059933	 -0.066344	  0.013102	 -0.056197	  0.031250	 -0.004897	 -0.083413	  0.047944	 -0.062301	  0.015991	 -0.127057	 -0.089815	 -0.055333
  0.012701	 -0.071405	 -0.056739	 -0.056892	  0.033069	 -0.054852	  0.058083	  0.008732	 -0.096667	 -0.000705	 -0.076613	  0.012766	 -0.125288	 -0.098402	 -0.072140
  0.029136	 -0.048885	 -0.066800	 -0.032342	  0.040798	 -0.038325	  0.079844	  0.019098	 -0.099458	  0.007088	 -0.050351	  0.018052	 -0.128002	 -0.110621	 -0.067577
  0.024625	 -0.052309	 -0.061747	 -0.060847	  0.006972	 -0.037233	  0.069143	 -0.001754	 -0.078045	  0.013002	 -0.051162	  0.026237	 -0.126506	 -0.088284	 -0.034431
  0.010977	 -0.036949	 -0.028319	 -0.108651	 -0.004272	 -0.036338	  0.060488	 -0.001392	 -0.073536	  0.035548	 -0.061434	  0.036783	 -0.140408	 -0.050715	 -0.013398
  0.002086	 -0.062013	 -0.000398	 -0.096554	  0.013986	 -0.020475	  0.025424	  0.005590	 -0.100784	  0.043378	 -0.072368	  0.036377	 -0.128124	 -0.067362	 -0.045978
 -0.029527	 -0.089470	  0.021541	 -0.080191	  0.027710	 -0.009794	  0.013218	 -0.010966	 -0.092677	  0.037612	 -0.067136	  0.051612	 -0.103980	 -0.073256	 -0.033917
 -0.035140	 -0.087158	  0.018468	 -0.061954	  0.030636	 -0.009758	  0.031181	 -0.028779	 -0.068015	  0.047104	 -0.072433	  0.041708	 -0.114105	 -0.063096	 -0.003649
 -0.037540	 -0.059583	  0.010648	 -0.055319	  0.019254	 -0.025859	  0.046440	 -0.004926	 -0.044065	  0.031274	 -0.074966	  0.045187	 -0.100025	 -0.056840	  0.003121
  0.007662	 -0.053494	  0.024453	 -0.078057	 -0.002950	 -0.006275	  0.042149	 -0.007964	 -0.020842	  0.011892	 -0.046786	  0.019888	 -0.088105	 -0.031254	 -0.004575
  0.042924	 -0.048189	  0.028555	 -0.095054	 -0.017260	  0.006255	  0.017155	 -0.009331	 -0.007205	  0.008881	 -0.027178	  0.014414	 -0.095214	 -0.041968	 -0.003352
  0.024118	 -0.048221	  0.037434	 -0.104008	  0.010293	  0.007675	  0.014891	  0.002146	  0.000563	  0.015086	 -0.027699	  0.032603	 -0.082254	 -0.043464	 -0.019878
  0.020135	 -0.050909	  0.003731	 -0.126056	  0.025422	 -0.011161	  0.019891	  0.009687	 -0.019963	  0.008941	 -0.061675	  0.023595	 -0.100567	 -0.075191	 -0.034853
  0.013819	 -0.047639	 -0.017693	 -0.127649	  0.027475	 -0.000840	  0.007460	 -0.018542	 -0.011868	  0.009800	 -0.080671	  0.004902	 -0.088262	 -0.086318	 -0.066814
 -0.026487	 -0.024901	 -0.012212	 -0.150564	  0.024944	  0.015512	 -0.002549	 -0.060754	 -0.011835	  0.012227	 -0.085420	 -0.001113	 -0.099464	 -0.091513	 -0.079387
 -0.063946	 -0.024743	 -0.036458	 -0.122566	  0.010540	 -0.002291	  0.005976	 -0.060716	 -0.058468	  0.009228	 -0.086813	  0.025362	 -0.079840	 -0.107645	 -0.087153
 -0.034197	 -0.034895	 -0.034044	 -0.100909	 -0.023336	 -0.000955	  0.033679	 -0.047947	 -0.087744	  0.013266	 -0.046830	  0.036520	 -0.052865	 -0.108335	 -0.102431
 -0.012321	 -0.057519	 -0.071400	 -0.094277	 -0.021018	 -0.027077	  0.035985	 -0.057636	 -0.103792	  0.037624	 -0.063804	  0.006911	 -0.067918	 -0.113517	 -0.076721
 -0.026832	 -0.058588	 -0.093926	 -0.097018	 -0.003402	 -0.029369	  0.015003	 -0.046353	 -0.108942	  0.021483	 -0.089266	 -0.004807	 -0.054895	 -0.141920	 -0.036387
 -0.021504	 -0.029531	 -0.099858	 -0.098458	  0.021482	 -0.020189	  0.026221	 -0.032395	 -0.095384	  0.024328	 -0.062550	  0.016211	 -0.060541	 -0.135255	 -0.053786
 -0.026588	 -0.020070	 -0.092831	 -0.082315	 -0.001463	 -0.022131	  0.061972	 -0.047231	 -0.103322	  0.020324	 -0.053620	  0.003529	 -0.061528	 -0.118939	 -0.061855
 -0.011703	 -0.019561	 -0.074919	 -0.081104	 -0.022009	 -0.014826	  0.074559	 -0.048821	 -0.077964	  0.015353	 -0.058842	 -0.004909	 -0.049474	 -0.105958	 -0.058265
 -0.010191	 -0.019402	 -0.074759	 -0.093374	 -0.009305	  0.004804	  0.065608	 -0.075112	 -0.084192	 -0.012409	 -0.061424	 -0.001823	 -0.034554	 -0.085002	 -0.042731
 -0.030920	 -0.022481	 -0.048705	 -0.077504	 -0.014641	  0.017954	  0.042085	 -0.074806	 -0.089671	 -0.026219	 -0.060810	  0.003505	 -0.060728	 -0.071465	 -0.028407
 -0.064831	 -0.038213	 -0.020321	 -0.056602	 -0.007011	  0.010020	  0.013915	 -0.068910	 -0.090425	 -0.008384	 -0.057542	  0.015544	 -0.078035	 -0.074270	 -0.038363
 -0.052002	 -0.056030	 -0.030031	 -0.044583	 -0.029442	 -0.002254	  0.019267	 -0.100313	 -0.119400	  0.028441	 -0.031513	  0.023957	 -0.094296	 -0.074304	 -0.020518
 -0.047951	 -0.073333	 -0.029876	 -0.039555	 -0.027268	 -0.011265	  0.027763	 -0.101595	 -0.092732	  0.039836	 -0.021725	  0.019458	 -0.090551	 -0.080210	 -0.015667
 -0.060975	 -0.062453	 -0.022935	 -0.037761	 -0.019999	 -0.024167	  0.036968	 -0.090051	 -0.071541	  0.025780	 -0.046437	  0.000413	 -0.104984	 -0.065228	 -0.014507
 -0.072855	 -0.032525	 -0.026749	 -0.047946	 -0.060940	 -0.011662	  0.034864	 -0.055044	 -0.072490	  0.008918	 -0.041413	  0.003908	 -0.122602	 -0.044499	 -0.017253
 -0.064216	 -0.005130	 -0.029371	 -0.060842	 -0.052897	 -0.034180	  0.024462	 -0.053051	 -0.110042	  0.023714	 -0.039498	  0.013702	 -0.147277	 -0.029319	 -0.009226
 -0.042630	 -0.005661	 -0.033113	 -0.060652	 -0.037403	 -0.045378	  0.023505	 -0.064268	 -0.158279	  0.008948	 -0.030130	  0.035477	 -0.156843	 -0.015031	 -0.013027
 -0.011624	 -0.009809	 -0.030873	 -0.068720	 -0.055936	 -0.057999	  0.034779	 -0.091602	 -0.159702	  0.008449	 -0.027016	  0.023250	 -0.160257	 -0.030513	  0.011082
  0.011793	  0.006515	 -0.002422	 -0.076377	 -0.082562	 -0.071776	  0.055658	 -0.101192	 -0.172608	  0.017787	 -0.007797	  0.018030	 -0.121239	 -0.057167	  0.028789
  0.020117	  0.025269	 -0.014448	 -0.096018	 -0.055229	 -0.063326	  0.058320	 -0.117747	 -0.155049	  0.017112	  0.007547	  0.022208	 -0.083827	 -0.076336	  0.026453
  0.028572	 -0.000196	 -0.018702	 -0.090708	 -0.014879	 -0.036486	  0.052654	 -0.126574	 -0.146734	  0.012720	 -0.007872	  0.037514	 -0.074228	 -0.096933	  0.018738
  0.017664	 -0.013540	 -0.031162	 -0.071780	 -0.010367	  0.006904	  0.031584	 -0.097220	 -0.145015	  0.025057	  0.011514	  0.047550	 -0.083647	 -0.111407	  0.017263
  0.023907	 -0.015211	 -0.015709	 -0.066168	 -0.010434	  0.027840	  0.022631	 -0.094516	 -0.145204	  0.054052	  0.027990	  0.038906	 -0.075660	 -0.124658	  0.004037
  0.004125	 -0.036317	  0.005834	 -0.059429	 -0.009335	  0.026692	  0.047742	 -0.093304	 -0.143784	  0.072843	  0.026769	  0.030016	 -0.057785	 -0.096492	  0.023449
 -0.025374	 -0.038625	  0.011603	 -0.053253	 -0.007654	  0.043169	  0.022771	 -0.090338	 -0.152264	  0.068925	  0.017377	  0.008009	 -0.073465	 -0.093244	  0.022371
  0.005410	 -0.055012	  0.008176	 -0.083668	 -0.003881	  0.041016	  0.017879	 -0.051309	 -0.147281	  0.062127	  0.011608	 -0.011822	 -0.064715	 -0.081728	  0.023641
  0.034527	 -0.064893	 -0.023170	 -0.104469	  0.001336	  0.025573	  0.029958	 -0.039120	 -0.151079	  0.087949	  0.028949	 -0.024380	 -0.060261	 -0.072941	  0.012692
  0.045532	 -0.023360	 -0.021876	 -0.120246	 -0.023932	  0.004307	  0.045320	 -0.066787	 -0.153286	  0.084708	  0.022948	 -0.057073	 -0.056025	 -0.072260	 -0.004504
