:RUN-6	LEVEL SWEEP	TEMP:NaN	2/20/2024	5:37 PM	HR:NaN:SW EAR: L	SW FREQ: 45.30	# AVERAGES: 512	REP RATE (/sec): 39	DRIVER: 	SAMPLE (µsec): 40	MASKER dB: 0:Threshold: 61.0:NOTES-:CHAMBER-Bach:Avgs: 512;512;512;512;512;512;512;512;512;512;512;512;512
:Tries: 897;627;613;589;591;584;591;587;584;593;575;587;571
:Log: :Vary signal level: TRUE :Control: NaN:CFTS Version: V2.37.2 (R3379):LEVELS:40;45;50;55;60;65;70;75;80;85;90;95;100;:DATA  0.114599	 -0.023670	 -0.059424	  0.062652	 -0.036065	  0.054802	  0.066433	 -0.018547	 -0.001382	 -0.000094	 -0.008661	  0.013415	  0.030638
  0.088660	 -0.018116	 -0.058752	  0.065389	 -0.012984	  0.059347	  0.046534	 -0.000716	  0.011780	 -0.016046	 -0.012223	 -0.014057	  0.025013
  0.060276	 -0.032866	 -0.057824	  0.058445	 -0.008578	  0.045249	  0.017841	 -0.016297	  0.028514	 -0.006155	 -0.014514	 -0.025342	  0.028929
  0.029244	 -0.064624	 -0.075840	  0.074819	 -0.000941	  0.046221	  0.026027	 -0.024827	  0.039133	 -0.017143	 -0.017583	 -0.022928	  0.023747
  0.008394	 -0.101705	 -0.059465	  0.064544	 -0.001066	  0.040667	  0.027042	 -0.006675	  0.015125	 -0.034571	  0.019055	 -0.014232	  0.051200
 -0.006421	 -0.089414	 -0.041504	  0.036611	  0.031262	  0.040639	  0.008978	 -0.024515	  0.005087	 -0.017741	  0.032543	 -0.027434	  0.035776
 -0.045498	 -0.073587	 -0.042994	  0.042428	  0.000956	  0.032473	  0.020929	 -0.036589	  0.042719	 -0.033171	  0.051198	  0.003067	  0.002764
 -0.048495	 -0.066381	 -0.053022	  0.022749	  0.011554	  0.022926	  0.016206	 -0.033460	  0.016610	 -0.025045	  0.043542	  0.009044	 -0.003975
 -0.048577	 -0.065723	 -0.035254	  0.000462	 -0.025004	 -0.007191	 -0.022372	 -0.043143	 -0.011618	  0.007399	  0.031397	 -0.015383	 -0.007871
 -0.039448	 -0.047993	 -0.039991	  0.017571	 -0.010505	 -0.012798	 -0.038708	 -0.025675	 -0.010449	 -0.003750	  0.013914	 -0.021035	 -0.028858
 -0.051705	 -0.001330	 -0.023697	  0.008010	 -0.002285	 -0.001602	 -0.037555	  0.029967	 -0.011095	 -0.008420	  0.012637	 -0.034905	 -0.014303
 -0.058679	  0.022440	 -0.010216	  0.007953	 -0.020730	 -0.000999	 -0.041753	  0.054560	 -0.019523	  0.037701	  0.025537	 -0.013454	 -0.001279
 -0.053355	  0.028830	  0.019027	  0.008859	 -0.012446	 -0.014153	 -0.052447	  0.052949	 -0.015988	  0.050293	  0.002753	  0.003236	  0.006728
 -0.038076	  0.030767	  0.048091	  0.004412	  0.002268	 -0.007618	 -0.033411	  0.037611	 -0.016179	  0.049832	  0.013319	 -0.001642	  0.013367
 -0.005635	  0.054469	  0.081941	 -0.031347	 -0.006422	 -0.038039	 -0.025675	  0.023565	 -0.003987	  0.055556	  0.021487	  0.009051	 -0.009660
 -0.015386	  0.085735	  0.083647	 -0.057124	 -0.010094	 -0.062113	 -0.009395	  0.030625	 -0.026738	  0.021742	  0.013712	  0.020887	 -0.010923
  0.005676	  0.086903	  0.083364	 -0.087687	  0.017599	 -0.064099	 -0.013498	  0.032811	  0.000525	 -0.015340	 -0.022841	  0.027505	 -0.041013
  0.041357	  0.088792	  0.074448	 -0.100993	  0.033765	 -0.032622	 -0.005012	  0.019478	 -0.002422	 -0.019505	 -0.040805	  0.052428	 -0.042695
  0.037050	  0.094101	  0.076641	 -0.112065	  0.025700	 -0.033044	  0.017836	 -0.003055	 -0.021493	 -0.018251	 -0.070606	  0.033081	 -0.022917
  0.026022	  0.093370	  0.090824	 -0.085688	  0.024017	 -0.068046	  0.032001	 -0.048065	 -0.018618	 -0.007291	 -0.093860	  0.018699	 -0.034667
  0.009588	  0.065691	  0.072251	 -0.088587	  0.036617	 -0.053113	  0.024550	 -0.044560	 -0.031226	 -0.000958	 -0.113378	  0.020991	 -0.071640
  0.002436	  0.026754	  0.062673	 -0.069366	  0.053908	 -0.045976	  0.030109	 -0.017268	 -0.076415	  0.000921	 -0.098234	 -0.002012	 -0.112260
  0.019977	  0.008602	  0.067959	 -0.057841	  0.088290	 -0.057926	  0.039483	  0.015186	 -0.106700	 -0.031162	 -0.093576	 -0.005398	 -0.110326
  0.009327	  0.018204	  0.077932	 -0.079157	  0.081331	 -0.043980	  0.014703	  0.013025	 -0.077457	 -0.066391	 -0.116191	 -0.046672	 -0.124319
  0.013647	  0.040575	  0.063640	 -0.065685	  0.059513	 -0.023100	 -0.012589	  0.011267	 -0.088651	 -0.100889	 -0.144790	 -0.081419	 -0.158369
  0.022910	  0.011320	  0.053835	 -0.047947	  0.055878	 -0.029923	 -0.033257	  0.009738	 -0.097751	 -0.154690	 -0.164709	 -0.091121	 -0.157618
  0.037679	  0.015374	  0.062034	 -0.016968	  0.066919	 -0.045486	 -0.032570	 -0.010619	 -0.108540	 -0.169538	 -0.183864	 -0.076551	 -0.162457
  0.060733	  0.036840	  0.047318	 -0.009006	  0.034551	 -0.076946	 -0.058932	 -0.029267	 -0.125309	 -0.182624	 -0.178458	 -0.075599	 -0.153770
  0.064657	  0.047075	  0.011804	 -0.011351	  0.017511	 -0.080164	 -0.081978	 -0.042469	 -0.092043	 -0.148442	 -0.164763	 -0.079558	 -0.121078
  0.061002	  0.088169	 -0.018886	 -0.021785	  0.002021	 -0.086330	 -0.066157	 -0.042684	 -0.060329	 -0.102006	 -0.149902	 -0.075057	 -0.078149
  0.033631	  0.075551	 -0.031140	 -0.028963	 -0.009546	 -0.078696	 -0.064601	 -0.048443	 -0.036077	 -0.083651	 -0.137559	 -0.063485	 -0.022402
 -0.003690	  0.076706	 -0.052440	 -0.061786	  0.008574	 -0.061244	 -0.048201	 -0.052030	 -0.022645	 -0.062064	 -0.091975	 -0.042237	  0.028472
 -0.034173	  0.069124	 -0.045984	 -0.098238	  0.038696	 -0.067161	 -0.024357	 -0.020617	 -0.025054	 -0.074633	 -0.054668	 -0.019307	  0.046292
 -0.025665	  0.080694	 -0.061150	 -0.093076	  0.053482	 -0.071719	 -0.023261	  0.015253	  0.005050	 -0.077347	 -0.040947	  0.019789	  0.068626
 -0.015565	  0.078442	 -0.093441	 -0.056703	  0.061540	 -0.042173	 -0.003698	  0.031594	  0.008669	 -0.077889	 -0.024966	  0.036244	  0.084241
 -0.051209	  0.099159	 -0.074728	 -0.039802	  0.089289	 -0.015295	  0.022392	  0.008786	  0.043208	 -0.046433	 -0.019600	  0.059494	  0.086864
 -0.048751	  0.097657	 -0.056016	 -0.052152	  0.077870	 -0.007568	  0.035924	  0.006605	  0.044010	 -0.014069	 -0.039700	  0.057883	  0.089497
 -0.069887	  0.098755	 -0.046223	 -0.060451	  0.072125	  0.029105	  0.024779	  0.034624	  0.058780	 -0.017024	 -0.060944	  0.016575	  0.045008
 -0.090164	  0.109060	 -0.029415	 -0.077430	  0.089403	  0.046095	 -0.002770	  0.068240	  0.061383	 -0.020396	 -0.108914	 -0.018437	  0.009248
 -0.083327	  0.099441	 -0.011011	 -0.055296	  0.067376	  0.045171	 -0.030816	  0.065541	  0.041185	 -0.042127	 -0.166212	 -0.058582	 -0.056190
 -0.059263	  0.099981	 -0.004470	 -0.031930	  0.056897	  0.044301	 -0.046506	  0.037823	  0.000034	 -0.053534	 -0.216418	 -0.123311	 -0.114282
 -0.077711	  0.100729	 -0.018360	 -0.018718	  0.071466	  0.064916	 -0.018147	 -0.008138	 -0.035991	 -0.038877	 -0.237407	 -0.162444	 -0.176826
 -0.097848	  0.116889	 -0.023485	  0.008725	  0.033787	  0.054208	 -0.036396	 -0.003295	 -0.051854	 -0.065817	 -0.247426	 -0.194978	 -0.198011
 -0.077283	  0.088307	 -0.010236	  0.015542	  0.003625	  0.016210	 -0.060818	 -0.036584	 -0.076261	 -0.115146	 -0.258679	 -0.240762	 -0.230018
 -0.060685	  0.082031	  0.022386	 -0.028745	  0.011523	 -0.057916	 -0.058564	 -0.067593	 -0.081371	 -0.134006	 -0.253905	 -0.241273	 -0.198874
 -0.054288	  0.067348	  0.032181	 -0.049189	  0.011302	 -0.064102	 -0.081767	 -0.079503	 -0.115989	 -0.125635	 -0.202027	 -0.202189	 -0.162432
 -0.076381	  0.059082	  0.035611	 -0.045862	 -0.027963	 -0.054242	 -0.076201	 -0.099473	 -0.084238	 -0.143979	 -0.146726	 -0.155060	 -0.131704
 -0.080082	  0.059045	  0.031411	 -0.011979	 -0.049773	 -0.101712	 -0.050548	 -0.109632	 -0.083091	 -0.131068	 -0.114917	 -0.108544	 -0.084463
 -0.100819	  0.057991	  0.023721	 -0.008877	 -0.062175	 -0.129775	 -0.030102	 -0.143348	 -0.077087	 -0.113306	 -0.085040	 -0.059449	 -0.045388
 -0.112955	  0.065397	  0.022211	 -0.051434	 -0.093521	 -0.126484	 -0.010232	 -0.159565	 -0.029604	 -0.095900	 -0.060012	 -0.028286	 -0.025066
 -0.110769	  0.068683	 -0.001275	 -0.044331	 -0.087734	 -0.130157	  0.015655	 -0.109413	  0.007570	 -0.079144	 -0.047987	  0.008234	 -0.010694
 -0.104400	  0.075538	 -0.000600	 -0.056700	 -0.085753	 -0.134612	  0.049689	 -0.052999	  0.048987	 -0.088204	 -0.024352	  0.032964	  0.028307
 -0.072496	  0.087223	  0.005533	 -0.059299	 -0.071118	 -0.110928	  0.090952	 -0.018153	  0.058882	 -0.085146	 -0.017963	  0.054401	  0.021860
 -0.040623	  0.069927	 -0.005254	 -0.060214	 -0.059891	 -0.084289	  0.113134	 -0.008901	  0.019482	 -0.073603	 -0.043657	  0.038524	 -0.011900
 -0.010194	  0.075574	 -0.004462	 -0.039266	 -0.028784	 -0.086221	  0.114417	 -0.019506	  0.007655	 -0.049854	 -0.051255	  0.042917	 -0.050983
 -0.004221	  0.073978	 -0.004712	 -0.035962	 -0.000949	 -0.052377	  0.115620	 -0.030271	 -0.003405	 -0.044956	 -0.036199	  0.038623	 -0.080029
  0.002346	  0.057363	 -0.024922	 -0.032123	 -0.002102	 -0.039146	  0.110907	 -0.046911	 -0.038761	 -0.015655	 -0.064985	 -0.005597	 -0.098941
  0.029405	  0.035750	 -0.003599	 -0.018635	  0.007078	 -0.033416	  0.106255	 -0.042530	 -0.075421	 -0.005423	 -0.107774	 -0.038758	 -0.080114
  0.033449	  0.016849	 -0.003771	 -0.004852	  0.023430	 -0.036333	  0.097354	 -0.049779	 -0.095873	 -0.030576	 -0.125860	 -0.041181	 -0.037872
  0.051836	 -0.015176	 -0.006793	  0.003851	  0.054515	 -0.030448	  0.068764	 -0.045119	 -0.068786	 -0.012871	 -0.137604	 -0.038102	  0.016045
  0.068155	  0.003154	  0.014403	 -0.008929	  0.042191	 -0.024019	  0.021138	 -0.037670	 -0.049272	 -0.026507	 -0.106933	 -0.037872	  0.057621
  0.073153	 -0.020988	  0.038239	 -0.016495	  0.015994	 -0.040178	  0.011786	 -0.039707	 -0.034557	 -0.040181	 -0.090558	 -0.009677	  0.107616
  0.077278	 -0.020288	  0.057848	 -0.016885	 -0.000542	 -0.079204	  0.020013	 -0.020359	  0.006069	 -0.034210	 -0.069035	  0.025847	  0.151301
  0.105173	 -0.047137	  0.030004	 -0.012936	 -0.047630	 -0.087272	  0.048777	  0.020629	  0.005080	 -0.002360	 -0.013588	  0.068014	  0.141578
  0.131643	 -0.051801	  0.033931	 -0.047451	 -0.068315	 -0.080652	  0.079973	  0.034386	  0.037640	  0.025378	  0.044549	  0.064725	  0.113427
  0.124802	 -0.049979	  0.048082	 -0.046178	 -0.065797	 -0.064931	  0.106942	  0.044813	  0.077422	  0.053265	  0.080577	  0.082037	  0.100197
  0.119494	 -0.037062	  0.043311	 -0.025108	 -0.073308	 -0.054711	  0.123233	  0.103705	  0.116106	  0.057152	  0.082127	  0.071035	  0.060960
  0.132274	 -0.009162	  0.046047	 -0.047883	 -0.086704	 -0.026116	  0.116169	  0.134647	  0.094379	  0.048898	  0.071872	  0.033206	  0.025878
  0.118360	  0.014430	  0.035144	 -0.056742	 -0.058752	  0.015152	  0.108364	  0.144907	  0.077051	  0.040145	  0.064292	  0.000138	 -0.006739
  0.102897	  0.018389	  0.045528	 -0.048990	 -0.003641	  0.044942	  0.076109	  0.126744	  0.090242	 -0.001336	  0.009911	 -0.012129	 -0.030471
  0.128667	 -0.001516	  0.024265	 -0.077414	  0.006986	  0.079412	  0.078795	  0.117589	  0.092516	 -0.029698	 -0.024688	 -0.007313	 -0.007190
  0.144024	  0.007670	  0.018549	 -0.061382	  0.015649	  0.080855	  0.077172	  0.101415	  0.091179	 -0.027995	 -0.023929	  0.019714	  0.008092
  0.146451	  0.001545	  0.024890	 -0.088758	  0.069695	  0.086598	  0.053278	  0.078962	  0.087566	 -0.014883	 -0.014970	  0.022521	  0.024795
  0.107576	  0.032823	 -0.008754	 -0.100095	  0.088801	  0.088452	  0.053509	  0.059234	  0.084636	  0.020524	 -0.063072	  0.021456	  0.049566
  0.072334	  0.059615	 -0.014873	 -0.063806	  0.106747	  0.081069	  0.064136	  0.029486	  0.073176	  0.036205	 -0.086993	  0.055529	  0.083574
  0.064811	  0.034592	  0.008979	 -0.042721	  0.114725	  0.054214	  0.071530	  0.051385	  0.107432	  0.055292	 -0.058842	  0.093593	  0.126797
  0.062757	  0.027566	  0.012611	 -0.027593	  0.091978	  0.045326	  0.079528	  0.069383	  0.135642	  0.075314	 -0.028960	  0.115788	  0.147945
  0.076496	  0.054593	  0.004226	 -0.024223	  0.073047	  0.029812	  0.098379	  0.063325	  0.205319	  0.077035	  0.015773	  0.139875	  0.180117
  0.058585	  0.047017	 -0.011876	 -0.010960	  0.086671	  0.019831	  0.120772	  0.071282	  0.202221	  0.104947	  0.014721	  0.172965	  0.186193
  0.008311	  0.044064	 -0.014250	  0.025673	  0.124268	  0.046249	  0.133486	  0.098267	  0.214580	  0.140765	  0.037051	  0.210343	  0.170310
 -0.023172	  0.042605	 -0.018536	  0.027732	  0.162617	  0.082737	  0.146842	  0.104582	  0.223445	  0.131901	  0.075303	  0.209324	  0.153749
 -0.022813	  0.050667	 -0.023684	  0.009129	  0.198105	  0.095228	  0.195618	  0.119442	  0.218992	  0.159477	  0.108658	  0.204819	  0.135039
  0.021353	  0.056745	 -0.025133	  0.040235	  0.216544	  0.117689	  0.205005	  0.123029	  0.217049	  0.154892	  0.137720	  0.153381	  0.109719
  0.031942	  0.056834	 -0.016240	  0.046203	  0.228024	  0.108224	  0.178110	  0.115120	  0.211122	  0.137219	  0.167829	  0.110070	  0.089413
  0.027150	  0.047712	  0.000485	  0.073029	  0.231389	  0.080243	  0.187359	  0.113734	  0.185304	  0.100077	  0.154625	  0.087043	  0.082720
  0.024198	  0.033346	  0.027937	  0.102401	  0.238825	  0.071357	  0.198867	  0.127161	  0.163498	  0.041455	  0.152517	  0.080196	  0.080931
  0.047446	  0.035143	  0.077379	  0.123466	  0.255232	  0.080632	  0.186165	  0.154061	  0.138233	  0.048791	  0.166635	  0.069663	  0.088212
  0.043985	  0.056811	  0.100992	  0.125201	  0.227896	  0.090487	  0.184674	  0.160923	  0.125041	  0.066304	  0.138420	  0.058623	  0.073361
  0.023569	  0.085705	  0.105465	  0.123051	  0.239617	  0.080929	  0.151509	  0.114140	  0.117814	  0.060861	  0.119541	  0.060041	  0.096669
  0.021845	  0.116319	  0.095096	  0.121982	  0.231557	  0.060131	  0.128696	  0.067514	  0.096531	  0.068418	  0.116965	  0.066530	  0.118150
  0.032212	  0.127370	  0.060800	  0.105994	  0.206390	  0.054701	  0.128159	  0.039647	  0.093937	  0.049529	  0.120771	  0.098627	  0.111341
  0.060181	  0.154546	  0.040020	  0.076138	  0.209107	  0.025352	  0.079568	  0.055470	  0.088155	  0.041280	  0.134194	  0.101045	  0.095848
  0.085087	  0.153109	  0.044092	  0.061600	  0.192195	 -0.017938	  0.094919	  0.054591	  0.104623	  0.037365	  0.139188	  0.116996	  0.095864
  0.091619	  0.163116	  0.029131	  0.069027	  0.152013	 -0.033255	  0.107227	  0.049994	  0.129729	  0.039461	  0.137358	  0.133473	  0.113785
  0.068742	  0.149244	  0.016352	  0.068591	  0.133226	 -0.004691	  0.128497	  0.072347	  0.150768	  0.050810	  0.124535	  0.132719	  0.124338
  0.044969	  0.165844	  0.057749	  0.067476	  0.110755	 -0.007520	  0.150745	  0.128104	  0.158857	  0.055640	  0.127598	  0.127781	  0.156399
  0.028172	  0.157378	  0.068679	  0.032902	  0.080643	  0.011916	  0.158124	  0.174728	  0.175221	  0.084976	  0.141088	  0.146757	  0.163640
  0.023209	  0.124537	  0.054551	  0.019738	  0.083892	  0.034194	  0.160918	  0.180061	  0.188310	  0.115278	  0.136780	  0.142568	  0.155676
 -0.001990	  0.131025	  0.060994	  0.042987	  0.083268	  0.046140	  0.168012	  0.171731	  0.183971	  0.124109	  0.146367	  0.138189	  0.152403
 -0.001795	  0.121216	  0.097825	  0.022582	  0.101955	  0.068728	  0.221010	  0.161743	  0.185944	  0.139112	  0.140192	  0.144527	  0.154039
  0.025359	  0.090939	  0.105787	 -0.008341	  0.128826	  0.079233	  0.242001	  0.155203	  0.192657	  0.131213	  0.090079	  0.133722	  0.152478
  0.054810	  0.075395	  0.096037	  0.000170	  0.152089	  0.063664	  0.216584	  0.126852	  0.190258	  0.106333	  0.047303	  0.118537	  0.108657
  0.095765	  0.049641	  0.102739	  0.040469	  0.152905	  0.068077	  0.201428	  0.117017	  0.186664	  0.115467	  0.041352	  0.105097	  0.072646
  0.093321	  0.039274	  0.152413	  0.060121	  0.165871	  0.049279	  0.188421	  0.115262	  0.205163	  0.108016	  0.047157	  0.065339	  0.030947
  0.100414	  0.050679	  0.181089	  0.077598	  0.161815	  0.021058	  0.183760	  0.110779	  0.194764	  0.110219	  0.022010	  0.037348	  0.017537
  0.124060	  0.058854	  0.164994	  0.096124	  0.177198	  0.057851	  0.195184	  0.094924	  0.150809	  0.124265	 -0.012263	  0.002940	  0.015373
  0.124156	  0.073294	  0.187270	  0.111438	  0.213885	  0.072275	  0.164821	  0.112278	  0.105961	  0.081881	 -0.017600	 -0.006469	  0.018989
  0.146343	  0.068858	  0.189308	  0.116514	  0.209555	  0.061866	  0.140463	  0.119032	  0.073130	  0.086437	 -0.032445	 -0.007791	  0.031732
  0.172753	  0.069336	  0.186820	  0.096839	  0.218431	  0.060944	  0.137385	  0.140743	  0.058765	  0.085976	 -0.038771	 -0.026437	  0.012767
  0.162993	  0.072678	  0.187564	  0.063298	  0.231685	  0.076609	  0.146897	  0.136376	  0.042876	  0.072514	 -0.057314	 -0.055300	 -0.015172
  0.153058	  0.050359	  0.180413	  0.018618	  0.225579	  0.068694	  0.127404	  0.134940	  0.019796	  0.083181	 -0.083719	 -0.083716	 -0.033015
  0.159872	  0.055528	  0.145654	  0.031438	  0.250269	  0.056089	  0.093952	  0.139423	 -0.003853	  0.065168	 -0.103341	 -0.086735	 -0.059036
  0.175927	  0.097444	  0.139405	  0.045794	  0.222983	  0.066770	  0.098249	  0.133327	 -0.025962	  0.023033	 -0.114097	 -0.092451	 -0.074690
  0.158003	  0.090743	  0.122159	  0.062049	  0.185788	  0.058757	  0.079725	  0.087208	 -0.058056	 -0.015631	 -0.096604	 -0.073816	 -0.077160
  0.151327	  0.069490	  0.126103	  0.045510	  0.190881	  0.034847	  0.082583	  0.094078	 -0.079655	 -0.065531	 -0.069240	 -0.056022	 -0.068611
  0.133534	  0.048143	  0.118891	  0.017234	  0.164090	  0.014285	  0.089134	  0.098914	 -0.081492	 -0.067089	 -0.064894	 -0.062399	 -0.031403
  0.107810	  0.047170	  0.113780	  0.013283	  0.116518	 -0.015242	  0.054817	  0.065729	 -0.085714	 -0.059052	 -0.092384	 -0.032157	 -0.011156
  0.071695	  0.042188	  0.100241	  0.008663	  0.115957	 -0.035541	  0.020340	  0.039550	 -0.065092	 -0.056644	 -0.092497	 -0.000030	  0.014233
  0.057948	  0.034414	  0.090361	 -0.014845	  0.095010	 -0.060949	 -0.004421	  0.029980	 -0.073575	 -0.049763	 -0.116511	 -0.022662	  0.022517
  0.057296	  0.053061	  0.079909	 -0.011359	  0.063164	 -0.076282	 -0.017160	  0.006676	 -0.095187	 -0.038164	 -0.123701	 -0.023120	  0.032166
  0.046452	  0.056741	  0.076818	 -0.010466	  0.062347	 -0.107422	 -0.023918	 -0.015140	 -0.102190	 -0.051703	 -0.103204	  0.020516	  0.069215
  0.037374	  0.048938	  0.095874	 -0.006153	  0.047845	 -0.122269	 -0.013399	 -0.022844	 -0.050732	 -0.034594	 -0.107482	  0.025465	  0.064625
  0.044291	  0.019492	  0.096427	  0.002420	  0.039654	 -0.112960	 -0.005881	 -0.018417	 -0.005267	 -0.000836	 -0.075197	  0.018091	  0.083567
  0.062098	 -0.026010	  0.073795	  0.022804	  0.019844	 -0.078812	  0.027980	 -0.000324	 -0.000879	  0.014067	 -0.049860	  0.034754	  0.101589
  0.043571	 -0.028153	  0.081335	  0.030971	 -0.004251	 -0.025457	  0.058234	  0.025502	  0.032320	  0.036116	 -0.012090	  0.040671	  0.130213
  0.049348	 -0.028732	  0.091439	  0.007125	 -0.018640	  0.025588	  0.081338	  0.029602	  0.053829	  0.046658	  0.002881	  0.060287	  0.165474
  0.063901	 -0.041635	  0.065356	 -0.006525	 -0.061475	  0.045140	  0.099267	  0.029791	  0.063141	  0.063228	  0.029269	  0.083385	  0.195408
  0.083749	 -0.047369	  0.042638	  0.033032	 -0.069152	  0.049480	  0.120445	  0.027150	  0.070267	  0.091799	  0.067481	  0.134245	  0.214876
  0.090829	 -0.021763	  0.052848	  0.053133	 -0.057403	  0.031338	  0.128407	  0.047880	  0.068458	  0.106857	  0.119282	  0.173988	  0.201247
  0.085718	 -0.022330	  0.069582	  0.051931	 -0.013520	  0.022017	  0.135963	  0.044229	  0.104835	  0.125086	  0.146850	  0.167421	  0.202778
  0.063316	 -0.029180	  0.055413	  0.094828	  0.003749	  0.040881	  0.177261	  0.048350	  0.130218	  0.129103	  0.116185	  0.186887	  0.229844
  0.039783	  0.006137	  0.063208	  0.067802	  0.036585	  0.066286	  0.205540	  0.081371	  0.134900	  0.125920	  0.087461	  0.191084	  0.220960
  0.030078	  0.009398	  0.053563	  0.086862	  0.047260	  0.102365	  0.231062	  0.111307	  0.129650	  0.122381	  0.078494	  0.173533	  0.190970
  0.056519	  0.017588	  0.017872	  0.092266	  0.063907	  0.076802	  0.217653	  0.096830	  0.136243	  0.128334	  0.095070	  0.129241	  0.156857
  0.075457	  0.040548	  0.010405	  0.110437	  0.096412	  0.086026	  0.199149	  0.081679	  0.151928	  0.122524	  0.089640	  0.121987	  0.112141
  0.089636	  0.056692	  0.038002	  0.130624	  0.102820	  0.053800	  0.213556	  0.073636	  0.145131	  0.073738	  0.072905	  0.116542	  0.062650
  0.122871	  0.060321	  0.055735	  0.102237	  0.124151	  0.037532	  0.181690	  0.056488	  0.142576	  0.037956	  0.051614	  0.099294	  0.022008
  0.128115	  0.067880	  0.069213	  0.120862	  0.119585	  0.062911	  0.152243	  0.052428	  0.161565	  0.054224	  0.024593	  0.055637	 -0.017785
  0.131993	  0.105487	  0.060956	  0.105346	  0.099081	  0.031803	  0.146306	  0.033725	  0.164405	  0.044521	  0.000964	  0.035482	 -0.027955
  0.123735	  0.109104	  0.032123	  0.111665	  0.108250	  0.023976	  0.148711	  0.036007	  0.128831	  0.058083	 -0.024013	  0.032471	  0.013705
  0.142757	  0.101291	  0.007920	  0.124036	  0.107219	  0.071301	  0.171023	  0.009185	  0.117834	  0.074895	 -0.038035	  0.021103	  0.034615
  0.149067	  0.105638	  0.012808	  0.119380	  0.112528	  0.085982	  0.184465	 -0.010067	  0.118966	  0.043684	 -0.078565	  0.013605	  0.042483
  0.129904	  0.141406	  0.044889	  0.110338	  0.091624	  0.081046	  0.207491	  0.000380	  0.078605	  0.063289	 -0.083709	 -0.000181	  0.073347
  0.103746	  0.152424	  0.058427	  0.120779	  0.085603	  0.092974	  0.199357	  0.044844	  0.052236	  0.059814	 -0.050923	 -0.005989	  0.063445
  0.116441	  0.137462	  0.078964	  0.143302	  0.099410	  0.101038	  0.165677	  0.047466	  0.023764	  0.059704	 -0.061485	  0.003504	  0.067719
  0.109650	  0.150153	  0.107970	  0.144718	  0.118201	  0.103143	  0.148483	  0.033048	  0.014927	  0.058249	 -0.058204	  0.003619	  0.075070
  0.089260	  0.118359	  0.144382	  0.128498	  0.112970	  0.085803	  0.125219	  0.036793	  0.017700	  0.030932	 -0.053569	 -0.001227	  0.083389
  0.076210	  0.120989	  0.176065	  0.134975	  0.089114	  0.082838	  0.110331	  0.039167	  0.002435	  0.016935	 -0.033274	  0.003323	  0.100380
  0.071461	  0.111650	  0.197422	  0.128239	  0.087378	  0.092921	  0.091063	  0.041313	 -0.002117	  0.012195	 -0.017440	  0.010652	  0.102853
  0.054170	  0.086781	  0.171621	  0.126945	  0.084293	  0.062690	  0.074990	  0.039076	  0.027140	  0.049211	  0.011735	 -0.028646	  0.110591
  0.055823	  0.073957	  0.180294	  0.138392	  0.073413	  0.051409	  0.070828	  0.033937	  0.031005	  0.052546	  0.042116	 -0.051464	  0.077365
  0.051173	  0.052976	  0.212631	  0.129199	  0.073579	  0.026178	  0.085810	  0.048367	  0.035393	  0.032251	  0.053933	 -0.001468	  0.057060
  0.012069	  0.024572	  0.183211	  0.119358	  0.084254	 -0.006021	  0.068557	  0.047020	  0.055142	  0.021261	  0.033184	  0.017055	  0.067699
  0.014338	  0.032743	  0.171751	  0.111053	  0.099992	  0.006857	  0.087186	  0.041160	  0.054389	  0.032867	  0.021147	  0.004942	  0.098346
  0.020056	  0.028136	  0.139968	  0.101236	  0.107832	  0.008581	  0.100929	  0.032358	  0.042655	  0.036833	  0.017468	  0.034998	  0.130342
  0.040678	  0.001718	  0.124719	  0.109186	  0.145721	  0.039999	  0.086123	  0.008647	  0.049788	  0.032128	  0.016240	  0.068934	  0.149982
  0.083704	 -0.014116	  0.140214	  0.129080	  0.145742	  0.069735	  0.099498	 -0.006423	  0.047935	  0.049484	  0.047765	  0.088649	  0.160443
  0.104090	 -0.008273	  0.135762	  0.117994	  0.160199	  0.071580	  0.154618	  0.014085	  0.072442	  0.067351	  0.080645	  0.096203	  0.164666
  0.137646	  0.003696	  0.126230	  0.100544	  0.177615	  0.059453	  0.157673	  0.040120	  0.102202	  0.073557	  0.085661	  0.102659	  0.203853
  0.194352	  0.020714	  0.137223	  0.074308	  0.153510	  0.047480	  0.160365	  0.076456	  0.096849	  0.087826	  0.091346	  0.130153	  0.209151
  0.218121	  0.041077	  0.164906	  0.025034	  0.139972	  0.084870	  0.181573	  0.109964	  0.076337	  0.153928	  0.098711	  0.136598	  0.222701
  0.209314	  0.047008	  0.176047	  0.003675	  0.133244	  0.108342	  0.202502	  0.112802	  0.086263	  0.185351	  0.113551	  0.151085	  0.232807
  0.215466	  0.080190	  0.172032	 -0.005024	  0.139096	  0.129376	  0.188428	  0.116817	  0.097963	  0.170989	  0.118259	  0.169054	  0.219279
  0.255542	  0.096249	  0.148270	 -0.009478	  0.155309	  0.114173	  0.176337	  0.120794	  0.090715	  0.190813	  0.112766	  0.187112	  0.219746
  0.267480	  0.067803	  0.151825	 -0.002598	  0.154102	  0.123141	  0.177407	  0.119763	  0.113181	  0.170914	  0.103714	  0.174800	  0.205648
  0.242416	  0.053072	  0.123220	 -0.012092	  0.167633	  0.139851	  0.170704	  0.112793	  0.145108	  0.128609	  0.088226	  0.174189	  0.205537
  0.233804	  0.059364	  0.149129	  0.006370	  0.164437	  0.142769	  0.161189	  0.137387	  0.153078	  0.114939	  0.069725	  0.176837	  0.192722
  0.238507	  0.029131	  0.151284	  0.038155	  0.164440	  0.158940	  0.153410	  0.144906	  0.147376	  0.114159	  0.055517	  0.171445	  0.204514
  0.235755	 -0.002930	  0.140909	  0.025226	  0.151144	  0.140980	  0.149097	  0.149891	  0.148328	  0.120223	  0.078899	  0.167169	  0.188185
  0.238972	 -0.029070	  0.138729	  0.035691	  0.160046	  0.151626	  0.160181	  0.158425	  0.129886	  0.129604	  0.086807	  0.155067	  0.174290
  0.247875	 -0.052886	  0.128905	  0.042514	  0.161398	  0.149554	  0.168420	  0.131005	  0.108918	  0.130545	  0.100029	  0.137832	  0.141355
  0.241717	 -0.050282	  0.105139	  0.037817	  0.155542	  0.154162	  0.158836	  0.100107	  0.100710	  0.125397	  0.079301	  0.117785	  0.122873
  0.208781	 -0.035801	  0.102626	  0.058868	  0.165005	  0.134367	  0.155143	  0.084041	  0.076869	  0.129682	  0.096340	  0.083541	  0.138515
  0.200554	 -0.046392	  0.114158	  0.072462	  0.164442	  0.134550	  0.120987	  0.111862	  0.090437	  0.131793	  0.130752	  0.073477	  0.125475
  0.216714	 -0.029638	  0.106424	  0.072036	  0.159239	  0.191394	  0.168183	  0.138140	  0.105483	  0.148319	  0.154434	  0.077811	  0.118930
  0.218756	 -0.009900	  0.108780	  0.079860	  0.154776	  0.202953	  0.202021	  0.152998	  0.067370	  0.125648	  0.139293	  0.092617	  0.122609
  0.208358	 -0.004639	  0.105408	  0.103813	  0.149191	  0.212486	  0.198636	  0.136444	  0.049443	  0.141113	  0.102778	  0.053238	  0.107461
  0.207138	 -0.016718	  0.137511	  0.084695	  0.163602	  0.206715	  0.187595	  0.144115	  0.050926	  0.156284	  0.087822	  0.019294	  0.105190
  0.217567	 -0.022520	  0.157396	  0.081171	  0.162756	  0.203265	  0.160289	  0.132530	  0.070728	  0.177593	  0.075214	  0.018000	  0.092253
  0.205381	  0.007296	  0.172605	  0.105069	  0.157725	  0.232032	  0.139592	  0.144291	  0.080524	  0.177471	  0.053695	  0.000374	  0.096086
  0.204212	  0.029567	  0.154719	  0.102376	  0.132929	  0.221533	  0.147858	  0.126879	  0.046437	  0.152597	  0.070791	 -0.008381	  0.115281
  0.210019	  0.064352	  0.170152	  0.097006	  0.140370	  0.205831	  0.148324	  0.111207	  0.050651	  0.128739	  0.075930	 -0.016972	  0.100607
  0.223766	  0.066523	  0.184056	  0.084608	  0.143280	  0.193050	  0.128604	  0.117811	  0.067216	  0.089284	  0.051996	  0.001631	  0.070664
  0.218905	  0.050142	  0.166599	  0.123035	  0.140555	  0.165065	  0.118688	  0.117061	  0.047615	  0.081322	  0.062698	  0.018044	  0.044867
  0.211908	  0.062757	  0.166692	  0.113609	  0.118427	  0.154154	  0.105567	  0.115929	  0.030735	  0.072013	  0.047162	  0.009398	  0.076892
  0.189998	  0.071031	  0.151104	  0.102678	  0.106825	  0.174380	  0.091019	  0.139445	  0.043482	  0.059561	  0.043097	  0.037724	  0.085891
  0.157029	  0.095172	  0.171275	  0.093042	  0.126931	  0.184904	  0.106836	  0.144556	  0.068653	  0.058047	  0.015240	  0.051267	  0.119152
  0.155822	  0.100661	  0.177587	  0.105550	  0.141246	  0.163223	  0.088474	  0.119175	  0.070944	  0.074204	  0.001845	  0.031932	  0.166325
  0.128769	  0.111620	  0.138595	  0.124547	  0.150132	  0.146264	  0.104725	  0.103499	  0.088998	  0.098676	  0.009259	  0.022539	  0.176508
  0.112020	  0.095517	  0.083958	  0.140950	  0.133880	  0.110274	  0.144230	  0.114859	  0.125486	  0.112572	  0.010560	  0.022429	  0.175147
  0.111874	  0.076329	  0.101677	  0.146366	  0.146945	  0.107443	  0.175523	  0.151673	  0.126224	  0.120094	  0.005241	  0.022372	  0.175708
  0.132365	  0.068290	  0.133822	  0.142491	  0.164336	  0.119913	  0.191453	  0.160492	  0.079692	  0.108679	  0.016856	  0.038285	  0.173855
  0.119791	  0.036355	  0.138684	  0.135797	  0.198266	  0.119346	  0.209989	  0.148217	  0.073476	  0.115210	  0.000114	  0.038657	  0.181702
  0.122733	  0.034425	  0.127465	  0.140269	  0.183514	  0.117454	  0.215993	  0.136247	  0.087193	  0.146803	  0.001007	  0.059491	  0.202726
  0.109485	  0.057201	  0.113358	  0.160016	  0.162184	  0.124113	  0.221312	  0.144777	  0.081178	  0.142986	  0.004656	  0.098580	  0.199511
  0.080392	  0.041256	  0.114851	  0.154655	  0.139882	  0.149912	  0.211960	  0.149598	  0.081789	  0.127372	  0.000791	  0.104909	  0.197384
  0.088779	  0.054153	  0.132792	  0.137544	  0.131243	  0.175129	  0.219482	  0.144563	  0.091621	  0.149556	  0.004941	  0.100653	  0.215889
  0.097882	  0.052348	  0.146402	  0.121591	  0.115449	  0.157443	  0.225149	  0.116161	  0.082146	  0.159005	  0.000714	  0.091738	  0.185438
  0.083132	  0.031330	  0.145672	  0.135969	  0.145085	  0.145689	  0.232494	  0.074646	  0.072705	  0.162198	 -0.005646	  0.094234	  0.155959
  0.072399	  0.030423	  0.144527	  0.122202	  0.155726	  0.161085	  0.213949	  0.086786	  0.110594	  0.171097	 -0.007306	  0.105969	  0.149024
  0.108940	  0.070838	  0.132631	  0.090667	  0.145960	  0.112088	  0.208464	  0.107636	  0.097114	  0.180081	  0.024375	  0.096478	  0.155414
  0.119863	  0.118329	  0.112569	  0.109173	  0.136268	  0.096320	  0.218770	  0.127472	  0.099814	  0.166865	  0.009229	  0.078973	  0.156719
  0.128251	  0.135060	  0.128392	  0.120147	  0.142434	  0.097205	  0.183624	  0.158210	  0.128654	  0.174647	 -0.005137	  0.078130	  0.159084
  0.143444	  0.158740	  0.120669	  0.130874	  0.158680	  0.099708	  0.181808	  0.183088	  0.101867	  0.203617	  0.013552	  0.078880	  0.141228
  0.171241	  0.162254	  0.117877	  0.160916	  0.150400	  0.103785	  0.212926	  0.195361	  0.108097	  0.194582	  0.061961	  0.058595	  0.138084
  0.161576	  0.178698	  0.141719	  0.148123	  0.144343	  0.103208	  0.227095	  0.185712	  0.102822	  0.148706	  0.080779	  0.066350	  0.138208
  0.159105	  0.221239	  0.143248	  0.134428	  0.136708	  0.104231	  0.203545	  0.192148	  0.079941	  0.110761	  0.065640	  0.054794	  0.173884
  0.172198	  0.214215	  0.145850	  0.128322	  0.121525	  0.105902	  0.190808	  0.177867	  0.070118	  0.084986	  0.084185	  0.067320	  0.204182
  0.170066	  0.161787	  0.138462	  0.135189	  0.097878	  0.118260	  0.186154	  0.187999	  0.107482	  0.090153	  0.066381	  0.090527	  0.196915
  0.157389	  0.158620	  0.121393	  0.131620	  0.097219	  0.118773	  0.191816	  0.187379	  0.118790	  0.095057	  0.061753	  0.114680	  0.172356
  0.172873	  0.163224	  0.123853	  0.157796	  0.097888	  0.108591	  0.189631	  0.185521	  0.091268	  0.097890	  0.063023	  0.115647	  0.164158
  0.189421	  0.161983	  0.089959	  0.160743	  0.093687	  0.115995	  0.146954	  0.160570	  0.079882	  0.087217	  0.058135	  0.141147	  0.179633
  0.176320	  0.144545	  0.083080	  0.181010	  0.096489	  0.113583	  0.127749	  0.168777	  0.063236	  0.096254	  0.059236	  0.152249	  0.156809
 -0.020594	  0.014320	  0.053813	 -0.060360	  0.065092	  0.079018	 -0.029786	 -0.019358	 -0.011881	  0.061972	 -0.028311	  0.033825	  0.038981
 -0.018150	  0.014493	  0.053292	 -0.055705	  0.048881	  0.081265	 -0.028431	 -0.006414	 -0.020158	  0.050434	 -0.054404	  0.026011	  0.016613
 -0.003552	  0.006815	  0.046179	 -0.059835	  0.032117	  0.070398	 -0.025229	 -0.001889	  0.007388	  0.025151	 -0.063442	 -0.002524	 -0.005757
  0.019195	  0.007970	  0.037914	 -0.048170	  0.006586	  0.046917	 -0.016095	 -0.008978	  0.020839	  0.021928	 -0.064978	  0.003377	 -0.016965
  0.043256	 -0.001010	  0.020297	 -0.026980	  0.033134	  0.015926	 -0.005278	 -0.003737	  0.021326	  0.003723	 -0.064888	 -0.001485	 -0.043282
  0.051719	 -0.020547	  0.028175	 -0.022468	  0.034860	  0.006176	 -0.013586	 -0.000995	  0.008143	 -0.027128	 -0.046168	  0.004420	 -0.043945
  0.036468	 -0.016428	  0.018896	 -0.015734	  0.046771	  0.000594	  0.001185	 -0.000379	  0.000422	 -0.019876	 -0.011880	 -0.018184	 -0.030350
  0.083846	  0.002478	  0.007105	 -0.005378	  0.042603	 -0.029952	  0.014771	  0.019627	  0.011008	 -0.016781	  0.015369	 -0.014914	 -0.001191
  0.093603	  0.013683	  0.004239	  0.002389	  0.006272	 -0.040895	  0.025785	  0.023280	  0.048524	 -0.000311	 -0.006854	  0.018087	  0.008255
  0.065857	  0.033395	 -0.040569	  0.033705	 -0.003725	 -0.032713	  0.005695	  0.051096	  0.073985	 -0.009800	 -0.007729	  0.019221	  0.006516
  0.038200	  0.060886	 -0.053897	  0.052962	  0.001436	 -0.014626	 -0.008371	  0.082765	  0.020075	 -0.037792	 -0.003666	 -0.002141	  0.010271
 -0.011042	  0.061755	 -0.076730	  0.060596	 -0.003858	 -0.049050	  0.011488	  0.048642	 -0.008160	 -0.039997	  0.021355	 -0.021676	 -0.004236
 -0.060973	  0.014784	 -0.055242	  0.084884	 -0.018181	 -0.051821	  0.025078	  0.021354	 -0.016860	 -0.028093	  0.032261	 -0.025756	  0.016684
 -0.078692	 -0.019053	 -0.023960	  0.066790	 -0.059820	 -0.003715	  0.028772	 -0.014535	 -0.036796	 -0.019586	  0.035341	 -0.034931	  0.018697
 -0.066171	 -0.019382	 -0.016204	  0.046307	 -0.058247	 -0.011867	  0.025378	 -0.011157	 -0.019094	 -0.019126	  0.046999	 -0.025277	 -0.002348
 -0.028886	 -0.005505	  0.029787	  0.030657	 -0.027193	 -0.028799	  0.015784	 -0.012770	 -0.004908	 -0.022206	  0.057202	 -0.011469	 -0.022714
 -0.018496	 -0.014468	  0.027314	  0.001288	 -0.022999	 -0.030734	  0.006249	 -0.029040	 -0.020723	 -0.015002	  0.065803	  0.006748	 -0.008146
 -0.030731	 -0.020178	 -0.010252	 -0.034010	 -0.040117	 -0.001255	  0.004637	 -0.044282	 -0.038335	  0.000098	  0.039269	  0.007022	  0.017675
 -0.058977	 -0.047055	 -0.018791	 -0.020825	 -0.034661	  0.009342	 -0.011276	 -0.066853	 -0.020205	  0.047912	  0.015686	  0.020771	  0.017984
 -0.035878	 -0.066953	 -0.031368	 -0.030115	 -0.048950	 -0.014209	 -0.026768	 -0.026377	 -0.014590	  0.044481	  0.023035	  0.018873	  0.027258
 -0.043597	 -0.075965	 -0.010032	 -0.037080	 -0.030550	  0.025867	 -0.042292	  0.032434	 -0.018859	  0.032536	  0.036410	 -0.017401	  0.029257
 -0.056631	 -0.095526	 -0.018253	 -0.058722	 -0.025388	  0.033537	 -0.037939	  0.067884	 -0.016805	  0.032960	  0.003485	 -0.026534	 -0.008931
 -0.057233	 -0.113311	 -0.028549	 -0.032600	 -0.018221	  0.016375	 -0.041850	  0.081489	 -0.025844	  0.047227	 -0.013545	 -0.022957	 -0.015550
 -0.057415	 -0.134256	 -0.007601	 -0.022874	 -0.015602	  0.021353	 -0.033745	  0.085470	 -0.061314	  0.035561	 -0.030147	 -0.014597	 -0.001834
 -0.059217	 -0.131591	 -0.042911	 -0.006271	 -0.011511	  0.028822	 -0.067727	  0.061385	 -0.074354	  0.027024	 -0.002135	 -0.016825	  0.018211
 -0.054753	 -0.128766	 -0.054109	  0.020302	 -0.009428	  0.028395	 -0.075082	  0.030924	 -0.061743	  0.030886	  0.000580	 -0.029797	  0.039498
 -0.049206	 -0.138909	 -0.013201	  0.012659	 -0.022135	  0.041900	 -0.059852	  0.017064	 -0.048153	  0.029527	 -0.021988	 -0.018622	  0.034577
 -0.051736	 -0.130382	 -0.018843	  0.005943	 -0.020109	  0.051897	 -0.047241	  0.007714	 -0.040576	  0.029130	 -0.030490	 -0.008334	  0.030314
 -0.074641	 -0.109083	 -0.025347	  0.010278	  0.014167	  0.038382	 -0.036449	  0.031144	 -0.013911	  0.020371	 -0.016162	 -0.033557	  0.010529
 -0.104188	 -0.085335	 -0.049139	  0.020981	  0.048880	  0.016334	 -0.024098	  0.044681	  0.018471	  0.027366	  0.017948	 -0.012610	 -0.011546
 -0.105749	 -0.024835	 -0.013892	  0.026342	  0.063497	 -0.001745	 -0.014328	  0.048630	  0.019734	  0.013383	  0.019831	 -0.015331	  0.003314
 -0.123036	  0.002359	 -0.013292	  0.026879	  0.073934	 -0.000043	  0.022637	  0.059866	 -0.001588	 -0.015408	  0.031540	 -0.033875	 -0.003008
 -0.122006	 -0.009283	 -0.023227	  0.016219	  0.041774	 -0.023637	  0.021238	  0.057965	 -0.000766	 -0.050862	  0.040250	 -0.033220	 -0.022658
 -0.148419	  0.005335	  0.016399	  0.005491	  0.012503	 -0.005319	 -0.000692	  0.055208	  0.007558	 -0.073608	  0.030736	 -0.032444	 -0.047416
 -0.169842	  0.006907	  0.043319	 -0.009899	 -0.002308	 -0.001893	  0.013964	  0.079129	  0.007057	 -0.045748	  0.005107	 -0.030461	 -0.026269
 -0.221005	  0.000379	  0.064052	 -0.022467	 -0.046191	  0.005241	  0.021207	  0.084476	  0.010446	 -0.024810	 -0.007640	 -0.030450	 -0.007693
 -0.224456	 -0.004079	  0.051215	 -0.008851	 -0.072463	 -0.003454	  0.015146	  0.060510	  0.035346	 -0.008358	 -0.008968	 -0.023038	 -0.039549
 -0.209558	  0.001333	  0.065590	  0.006214	 -0.055604	  0.020781	  0.024458	  0.054083	  0.038386	 -0.019861	  0.041686	 -0.049598	 -0.035199
 -0.224174	  0.016076	  0.052908	  0.030104	 -0.073279	  0.025129	  0.051176	  0.050916	  0.033636	 -0.041600	  0.067201	 -0.033715	 -0.028359
 -0.217777	  0.012152	  0.053846	  0.018678	 -0.068455	  0.001210	  0.074496	 -0.009297	  0.028054	 -0.031933	  0.111956	 -0.037703	 -0.038792
 -0.210824	 -0.016017	  0.051624	  0.009379	 -0.021261	 -0.009888	  0.040359	 -0.038571	  0.008470	 -0.044671	  0.116381	 -0.053105	 -0.033954
 -0.206020	 -0.020651	  0.065178	 -0.006442	 -0.018627	 -0.012942	  0.027125	 -0.037740	 -0.013149	 -0.055108	  0.094616	 -0.055009	  0.013053
 -0.215377	 -0.033829	  0.071158	 -0.006127	 -0.023647	  0.000685	  0.030863	  0.002930	 -0.028474	 -0.054020	  0.087313	 -0.078745	  0.019307
 -0.206557	 -0.043110	  0.040129	  0.009800	 -0.020536	 -0.004824	  0.050557	  0.009809	 -0.023433	 -0.026590	  0.091695	 -0.080130	  0.021921
 -0.186098	 -0.041263	  0.005531	  0.033585	 -0.009141	 -0.036619	  0.074221	  0.025281	  0.019281	 -0.006066	  0.073879	 -0.056753	  0.021620
 -0.192752	 -0.073186	 -0.012982	  0.034116	 -0.036433	 -0.051986	  0.073213	  0.030891	  0.020568	 -0.015438	  0.058452	 -0.063951	  0.015396
 -0.192171	 -0.091274	 -0.010116	  0.040484	 -0.055930	 -0.068516	  0.069697	 -0.001117	  0.028453	 -0.001640	  0.035155	 -0.054393	  0.033851
 -0.177288	 -0.076409	  0.005240	  0.037215	 -0.060204	 -0.073764	  0.054832	 -0.010937	  0.046138	  0.014497	  0.018722	 -0.036760	  0.018885
 -0.171084	 -0.078305	  0.001671	  0.036544	 -0.029359	 -0.083277	  0.055498	  0.023259	  0.046278	 -0.016832	  0.014397	 -0.054939	  0.041312
 -0.121515	 -0.100113	 -0.040281	  0.038370	 -0.019216	 -0.094333	  0.020146	  0.051747	  0.030566	 -0.038827	  0.033000	 -0.043994	  0.060155
 -0.097686	 -0.120000	 -0.065019	  0.025040	 -0.014065	 -0.097966	  0.001148	  0.042166	  0.028805	 -0.048129	  0.039200	 -0.038692	  0.097990
 -0.110747	 -0.103812	 -0.064093	  0.005919	 -0.020068	 -0.105743	 -0.020719	  0.060181	  0.043430	 -0.060527	  0.013390	 -0.020870	  0.102361
 -0.113851	 -0.101024	 -0.045081	 -0.005774	 -0.044949	 -0.089488	 -0.064272	  0.093702	  0.061846	 -0.074193	  0.009229	 -0.002951	  0.091643
 -0.094675	 -0.097341	 -0.073691	 -0.010701	 -0.047589	 -0.077504	 -0.081563	  0.102511	  0.082270	 -0.067262	 -0.003602	 -0.000820	  0.087342
 -0.105267	 -0.085355	 -0.104052	  0.003223	 -0.009985	 -0.088341	 -0.082362	  0.090248	  0.078627	 -0.059977	  0.030666	  0.026378	  0.096833
 -0.115366	 -0.092030	 -0.089999	  0.024705	  0.013219	 -0.112192	 -0.060263	  0.069099	  0.058400	 -0.041382	  0.026108	  0.007483	  0.129376
 -0.128515	 -0.076393	 -0.070923	  0.031818	  0.019964	 -0.123556	 -0.048957	  0.064956	  0.025274	 -0.047279	  0.027143	  0.005899	  0.147674
 -0.119453	 -0.069043	 -0.085229	  0.024846	  0.004520	 -0.089871	 -0.046338	  0.065702	 -0.014654	 -0.070877	  0.016075	  0.003240	  0.126626
 -0.102714	 -0.082380	 -0.080353	  0.010857	 -0.011268	 -0.052118	 -0.036170	  0.055399	  0.021357	 -0.092042	  0.029951	 -0.036210	  0.099486
 -0.102050	 -0.060486	 -0.081929	  0.003378	  0.002317	 -0.030528	 -0.030283	  0.026592	  0.028769	 -0.098324	  0.053462	 -0.044057	  0.060293
 -0.089815	 -0.029154	 -0.070758	 -0.030827	  0.006571	 -0.033252	 -0.048642	 -0.000512	  0.017216	 -0.063738	  0.060339	 -0.041359	  0.043481
 -0.088105	 -0.022798	 -0.055590	 -0.011773	  0.008896	 -0.063738	 -0.057423	  0.019249	 -0.031546	 -0.038192	  0.039331	 -0.040628	  0.049925
 -0.076070	 -0.000384	 -0.036587	 -0.005859	 -0.017277	 -0.091025	 -0.045147	 -0.000986	 -0.035980	 -0.042130	  0.014921	 -0.040712	  0.040558
 -0.082960	  0.021673	 -0.022657	 -0.025686	 -0.047976	 -0.085086	 -0.027799	 -0.006277	 -0.043388	 -0.053100	  0.014164	 -0.027987	  0.020783
 -0.069183	  0.025914	 -0.029050	  0.008424	 -0.051816	 -0.044683	 -0.016548	  0.001505	 -0.056162	 -0.056725	  0.022730	 -0.044665	  0.009035
 -0.036267	  0.042811	 -0.001523	  0.040903	 -0.055159	 -0.031543	  0.010572	 -0.014025	 -0.080965	 -0.031011	  0.002293	 -0.032260	  0.012170
 -0.046537	  0.038014	  0.039357	  0.040971	 -0.035509	 -0.072254	  0.020656	  0.017108	 -0.062764	 -0.005509	 -0.032867	 -0.017719	  0.008582
 -0.045514	  0.024967	  0.046025	  0.015421	 -0.023255	 -0.077089	  0.015311	  0.044512	 -0.056355	  0.006592	 -0.049600	 -0.011084	  0.014196
 -0.048526	  0.023789	  0.044846	  0.040122	 -0.020340	 -0.106459	  0.033091	  0.049287	 -0.045220	 -0.002408	 -0.015056	 -0.026606	 -0.000484
 -0.061542	  0.013714	  0.058199	  0.070132	 -0.013121	 -0.116565	  0.074348	  0.063803	 -0.032074	 -0.018430	 -0.005665	 -0.045589	  0.009182
 -0.089573	  0.015141	  0.077399	  0.069215	 -0.002762	 -0.088649	  0.065695	  0.064082	 -0.043143	 -0.053378	 -0.008223	 -0.032252	  0.017037
 -0.098569	  0.022351	  0.074303	  0.080433	  0.025836	 -0.101017	  0.061884	  0.018998	 -0.042388	 -0.044826	 -0.020236	 -0.007761	  0.001572
 -0.106477	  0.001267	  0.081967	  0.086020	  0.032766	 -0.108012	  0.066850	  0.022460	 -0.046325	 -0.031218	 -0.021142	 -0.003249	 -0.004108
 -0.130583	  0.036668	  0.073462	  0.086726	  0.014773	 -0.111740	  0.078576	  0.020889	 -0.017634	 -0.033885	  0.026738	 -0.017299	 -0.006401
 -0.134195	  0.044948	  0.073621	  0.085602	  0.020904	 -0.122522	  0.093977	  0.022912	 -0.039314	 -0.027304	  0.059566	 -0.051691	  0.010412
 -0.134225	  0.045165	  0.107461	  0.071468	  0.009795	 -0.113769	  0.067280	  0.030116	 -0.028642	 -0.025769	  0.065547	 -0.069357	  0.019774
 -0.109993	  0.029962	  0.103132	  0.074111	 -0.027071	 -0.100646	  0.030304	  0.055861	 -0.012768	 -0.018879	  0.056313	 -0.068914	  0.023258
 -0.064592	  0.006376	  0.094114	  0.082329	 -0.018400	 -0.082067	  0.033057	  0.048985	 -0.026694	 -0.031289	  0.079985	 -0.076053	  0.003316
 -0.020035	  0.007956	  0.059264	  0.088065	 -0.027574	 -0.058227	  0.037946	  0.027059	 -0.016738	 -0.027587	  0.075980	 -0.077658	 -0.004596
 -0.025569	  0.001192	  0.038750	  0.080800	 -0.068045	 -0.039655	  0.029265	  0.024707	  0.027150	 -0.016138	  0.043434	 -0.065408	  0.002732
 -0.058285	 -0.004076	  0.032577	  0.065063	 -0.101908	 -0.011415	  0.043166	 -0.003261	  0.046415	  0.012988	  0.027748	 -0.077715	  0.014492
 -0.049207	 -0.003158	  0.015913	  0.040322	 -0.095433	 -0.010143	  0.037248	  0.002890	  0.080867	  0.007762	  0.016352	 -0.076231	  0.029605
 -0.028969	 -0.020374	  0.015686	  0.056673	 -0.081238	  0.010205	 -0.000393	  0.007352	  0.096828	 -0.018341	  0.042532	 -0.062145	  0.031591
 -0.026406	 -0.027911	 -0.008817	  0.050468	 -0.044415	  0.029930	  0.003332	  0.012334	  0.099981	 -0.011881	  0.056534	 -0.085153	  0.041770
 -0.012145	 -0.023248	 -0.026745	  0.043284	 -0.006094	  0.051875	 -0.002814	  0.028123	  0.089773	 -0.021225	  0.060777	 -0.075501	  0.035998
 -0.012947	 -0.000289	 -0.058226	  0.042577	 -0.028684	  0.043683	  0.000287	  0.030932	  0.095208	  0.017374	  0.066713	 -0.064620	  0.039408
 -0.032513	  0.014205	 -0.065108	  0.057684	 -0.040363	  0.024832	 -0.011455	  0.038095	  0.080728	  0.029886	  0.065677	 -0.058701	  0.030461
 -0.062913	  0.007388	 -0.059847	  0.067808	 -0.053162	  0.011725	 -0.013881	  0.044408	  0.067487	 -0.019512	  0.047085	 -0.084735	  0.017549
 -0.065912	  0.010745	 -0.067695	  0.059049	 -0.036726	  0.016198	 -0.009611	  0.052586	  0.068942	 -0.033959	  0.033585	 -0.089875	  0.030229
 -0.070449	  0.032725	 -0.078064	  0.049104	 -0.002810	  0.048967	 -0.002602	  0.039134	  0.061403	 -0.038718	  0.058097	 -0.100144	  0.028557
 -0.109692	  0.060095	 -0.091254	  0.010420	  0.001000	  0.077339	 -0.004989	  0.012506	  0.053371	 -0.035798	  0.060471	 -0.076501	  0.043058
 -0.119618	  0.062099	 -0.114965	 -0.016652	  0.005354	  0.060508	  0.000807	  0.003355	  0.078002	 -0.032299	  0.041564	 -0.038327	  0.043897
 -0.109661	  0.056902	 -0.129741	 -0.034045	 -0.002305	  0.049880	  0.002539	 -0.000719	  0.080487	 -0.024044	  0.050975	 -0.041478	  0.032383
 -0.129797	  0.062350	 -0.114687	 -0.044409	 -0.009894	  0.062255	  0.014973	  0.018743	  0.086198	 -0.010607	  0.083248	 -0.043516	  0.025672
 -0.144074	  0.064254	 -0.111989	 -0.076136	 -0.034859	  0.068591	 -0.005812	  0.036899	  0.070448	 -0.032790	  0.106851	 -0.031816	  0.020326
 -0.134143	  0.072916	 -0.095968	 -0.075473	 -0.038968	  0.068651	 -0.013489	  0.060593	  0.059912	 -0.022650	  0.116133	 -0.023981	  0.014665
 -0.113940	  0.083361	 -0.106306	 -0.043860	 -0.019234	  0.060798	 -0.010833	  0.075835	  0.055116	 -0.023136	  0.119374	 -0.015763	  0.030100
 -0.106721	  0.093610	 -0.088495	 -0.026996	 -0.007844	  0.021597	 -0.017741	  0.072339	  0.043182	 -0.042395	  0.086121	 -0.009157	  0.068580
 -0.081919	  0.098947	 -0.045017	 -0.014912	  0.005935	  0.006010	 -0.025647	  0.073873	  0.033029	 -0.054116	  0.074278	 -0.010074	  0.076692
 -0.043822	  0.107826	 -0.011322	 -0.021831	 -0.012414	 -0.008241	 -0.022229	  0.072081	  0.028122	 -0.052915	  0.080686	  0.006368	  0.067501
 -0.009570	  0.079394	 -0.015425	  0.009099	 -0.005362	  0.002063	 -0.007372	  0.065739	  0.014317	 -0.072086	  0.071227	  0.015904	  0.079791
  0.004132	  0.037095	 -0.024452	  0.011520	  0.006036	  0.002437	 -0.016922	  0.054163	  0.031544	 -0.072256	  0.061833	  0.017701	  0.059820
  0.014572	  0.004842	 -0.015177	 -0.006183	  0.001416	  0.030376	  0.017124	  0.021689	  0.054414	 -0.064054	  0.075022	  0.003720	  0.039016
  0.008471	  0.016200	 -0.001264	  0.003921	 -0.011841	  0.058278	 -0.011039	  0.003410	  0.053325	 -0.040599	  0.051036	 -0.024879	  0.039215
  0.015368	  0.025645	 -0.005709	  0.025405	 -0.027455	 -0.000549	 -0.025168	 -0.012531	  0.057575	 -0.024722	  0.033697	 -0.023664	  0.020001
  0.000070	  0.028449	 -0.022827	  0.026992	 -0.023140	 -0.002462	 -0.009108	 -0.007406	  0.063236	 -0.017754	  0.040572	 -0.023216	  0.001179
 -0.014949	 -0.009401	 -0.039096	  0.033018	 -0.042086	 -0.014293	 -0.016536	  0.016752	  0.036290	 -0.007141	  0.071337	 -0.034812	 -0.002298
 -0.003933	 -0.010090	 -0.040533	  0.060286	 -0.036145	 -0.034519	 -0.031180	  0.024715	  0.020640	 -0.007982	  0.086857	 -0.048715	  0.009555
  0.003076	 -0.006102	 -0.036895	  0.083594	 -0.042959	 -0.054638	 -0.052566	  0.048623	  0.015838	  0.008497	  0.079942	 -0.043039	  0.028993
  0.020276	 -0.023615	 -0.067685	  0.047694	 -0.050869	 -0.056813	 -0.056609	  0.051922	 -0.015576	  0.019085	  0.056740	 -0.042153	 -0.010455
  0.024294	 -0.034978	 -0.085425	  0.037989	 -0.049742	 -0.036389	 -0.064686	  0.072815	 -0.010362	 -0.038406	  0.056187	 -0.073338	 -0.018242
  0.010733	 -0.022726	 -0.082652	  0.056354	 -0.048223	 -0.042253	 -0.064520	  0.103467	  0.008351	 -0.034518	  0.080551	 -0.054085	 -0.013613
  0.010856	 -0.014059	 -0.056581	  0.046645	 -0.026879	 -0.052391	 -0.068672	  0.119995	  0.024356	 -0.026126	  0.093796	 -0.030959	 -0.014154
  0.018980	 -0.018242	 -0.034755	  0.069369	 -0.055259	 -0.072259	 -0.048542	  0.130877	 -0.000137	 -0.030626	  0.085295	 -0.032912	 -0.028880
 -0.004724	 -0.012399	 -0.024127	  0.093329	 -0.067241	 -0.072884	 -0.023849	  0.107211	 -0.013491	 -0.011040	  0.061660	 -0.020664	 -0.038508
  0.006614	  0.006169	  0.013817	  0.115008	 -0.028777	 -0.089714	 -0.022797	  0.089715	 -0.002445	  0.017421	  0.041043	 -0.032029	 -0.031709
  0.018215	  0.028581	  0.016912	  0.086166	  0.004455	 -0.072487	 -0.018569	  0.084788	 -0.007257	  0.031220	  0.037115	 -0.030196	 -0.005562
 -0.003548	  0.037310	  0.044268	  0.060841	 -0.024948	 -0.047028	  0.020750	  0.094991	 -0.007043	  0.022147	  0.048331	 -0.047071	  0.008022
 -0.026672	  0.030605	  0.078312	  0.057206	 -0.037742	 -0.021858	  0.031250	  0.042970	 -0.001435	  0.023840	  0.048220	 -0.045190	  0.001902
 -0.041067	  0.044705	  0.087174	  0.043444	 -0.013340	 -0.013197	  0.036157	  0.026225	  0.021268	  0.052733	  0.046086	 -0.047848	  0.005646
 -0.021657	  0.072051	  0.075082	  0.039338	 -0.006558	  0.014750	  0.030222	  0.026706	  0.042871	  0.044941	  0.035725	 -0.045962	  0.009543
 -0.011075	  0.077101	  0.077492	  0.049798	 -0.000993	  0.025440	  0.029586	  0.003723	  0.044049	  0.013809	  0.035039	 -0.057423	  0.032927
 -0.030396	  0.097734	  0.099788	  0.040457	 -0.008283	 -0.012911	  0.016564	 -0.016166	  0.013066	  0.017679	  0.045504	 -0.055134	  0.062157
 -0.032553	  0.095602	  0.077620	  0.040451	 -0.000216	 -0.018975	  0.013532	 -0.017517	  0.008725	  0.016829	  0.023870	 -0.057674	  0.065220
 -0.009157	  0.098956	  0.079878	  0.039873	  0.009662	 -0.037228	  0.040439	 -0.019234	  0.009461	  0.015000	  0.015384	 -0.061598	  0.053394
 -0.013892	  0.084646	  0.078829	  0.025316	 -0.003066	 -0.044956	  0.041753	 -0.052846	 -0.007481	 -0.007819	  0.015259	 -0.050292	  0.050682
 -0.000551	  0.095764	  0.077904	  0.029919	  0.008977	 -0.041554	  0.030528	 -0.055816	  0.003205	 -0.003307	  0.032433	 -0.057478	  0.057078
 -0.000192	  0.131872	  0.095915	  0.044967	  0.003225	 -0.034580	 -0.013794	 -0.030007	 -0.008508	 -0.006126	  0.043791	 -0.040953	  0.056616
 -0.015533	  0.111367	  0.079388	  0.053303	  0.009366	 -0.037459	 -0.047057	 -0.029261	  0.001785	  0.000700	  0.066158	 -0.061941	  0.052203
 -0.033273	  0.099226	  0.051236	  0.057301	  0.004593	 -0.002140	 -0.023958	 -0.023646	  0.018526	  0.024212	  0.087339	 -0.054974	  0.027558
 -0.044682	  0.092249	  0.034104	  0.045979	  0.011472	  0.009111	 -0.003504	 -0.015364	  0.005627	  0.018725	  0.089494	 -0.062717	  0.023666
 -0.052597	  0.091458	  0.047843	  0.010142	  0.035554	  0.006540	 -0.010644	 -0.003712	  0.004081	 -0.004503	  0.113000	 -0.042122	  0.035294
 -0.089071	  0.062863	  0.097469	 -0.006860	  0.012463	 -0.005755	 -0.024929	  0.005649	  0.024828	 -0.008450	  0.092680	 -0.057257	  0.030825
 -0.108142	  0.051088	  0.096690	  0.014851	  0.025766	 -0.026990	 -0.025082	 -0.014453	  0.015358	  0.006171	  0.080975	 -0.079022	  0.024754
 -0.142397	  0.020816	  0.080486	  0.038360	  0.032982	 -0.009729	 -0.000057	 -0.011945	  0.014433	 -0.006526	  0.066927	 -0.053859	  0.022238
 -0.186894	  0.026092	  0.089055	  0.069383	  0.037408	  0.001017	  0.020603	 -0.017855	  0.042200	  0.017785	  0.048073	 -0.040408	  0.017730
 -0.214130	  0.030657	  0.081725	  0.041598	  0.011827	 -0.000062	  0.009390	 -0.013769	  0.045928	  0.036486	  0.054031	 -0.029454	  0.017049
 -0.186779	  0.019080	  0.077527	  0.003948	  0.001871	  0.011273	  0.009238	 -0.013679	  0.032146	  0.027143	  0.074149	 -0.011602	  0.024888
 -0.154874	  0.038909	  0.060386	  0.008314	  0.001304	 -0.006658	  0.023539	 -0.018713	  0.023918	  0.018595	  0.091326	  0.003990	 -0.000632
 -0.143289	  0.046518	  0.026558	  0.009463	  0.014117	 -0.013998	  0.045190	 -0.029273	  0.039839	  0.017821	  0.077962	 -0.008559	 -0.030578
 -0.148754	  0.039720	 -0.009243	  0.000061	 -0.006076	  0.004927	  0.033445	 -0.020530	  0.039135	  0.021374	  0.068906	 -0.008828	 -0.006958
 -0.162371	  0.029720	 -0.014962	  0.002085	  0.025482	  0.014360	  0.042460	 -0.009025	  0.036199	  0.017594	  0.054206	 -0.000606	 -0.011058
 -0.161572	  0.011961	  0.000023	  0.006185	  0.041272	  0.007790	  0.035671	  0.002119	  0.019810	  0.010611	  0.059884	  0.014376	 -0.006427
 -0.158451	 -0.035621	  0.060574	  0.021461	  0.025340	  0.023227	  0.008739	  0.006553	  0.052305	  0.005878	  0.057600	  0.015162	 -0.001803
 -0.153220	 -0.033433	  0.074732	  0.017708	  0.026032	  0.030145	 -0.002606	  0.006105	  0.059621	  0.009808	  0.074366	 -0.001324	  0.034696
 -0.125319	 -0.011849	  0.052426	  0.032187	  0.048598	 -0.000297	  0.002871	  0.005325	  0.058657	 -0.008221	  0.057151	 -0.015075	  0.035914
 -0.098357	 -0.000444	  0.042417	  0.033925	  0.043618	 -0.014011	 -0.017418	  0.022204	  0.040131	 -0.022658	  0.047503	 -0.018078	  0.015105
 -0.097658	  0.007966	  0.017492	  0.035413	  0.046007	 -0.015458	 -0.052917	  0.034853	  0.043556	 -0.017630	  0.064299	 -0.016478	  0.012482
 -0.075388	  0.009848	  0.013333	  0.036941	  0.050348	 -0.007201	 -0.055991	  0.032356	  0.036017	 -0.030130	  0.076597	 -0.012300	 -0.007168
 -0.066111	 -0.020969	  0.013362	  0.033110	  0.044710	  0.002855	 -0.064181	  0.033023	  0.019854	 -0.060545	  0.070010	 -0.047265	 -0.025691
 -0.083523	 -0.017978	 -0.013353	  0.044408	  0.032966	  0.004450	 -0.078024	  0.046710	  0.010896	 -0.052999	  0.059519	 -0.041511	 -0.021032
 -0.062183	 -0.002759	  0.003505	  0.043870	  0.033337	 -0.012902	 -0.088459	  0.022881	  0.014288	 -0.033225	  0.030454	 -0.037331	  0.001363
 -0.021707	  0.001222	  0.016089	  0.070222	  0.058962	 -0.023165	 -0.055914	  0.034685	  0.036519	 -0.005975	  0.051039	 -0.051890	  0.021461
 -0.028097	  0.026068	 -0.022070	  0.073147	  0.048781	 -0.015393	 -0.053792	  0.028788	  0.020550	 -0.040562	  0.054107	 -0.020639	  0.039083
 -0.022436	  0.025768	 -0.027938	  0.040505	  0.026318	  0.000536	 -0.048340	  0.002853	  0.023366	 -0.047273	  0.061053	  0.000802	  0.046239
  0.002278	  0.029122	 -0.015484	  0.010339	  0.037704	  0.007933	 -0.041170	  0.014729	  0.025083	 -0.030320	  0.070861	 -0.001528	  0.046561
 -0.010012	  0.011223	 -0.029368	  0.000021	  0.065462	  0.012402	 -0.034760	  0.028487	  0.028228	 -0.031482	  0.055790	  0.009632	  0.010480
 -0.012525	 -0.002135	 -0.042729	  0.007999	  0.069721	 -0.000739	  0.010123	  0.011559	  0.034416	 -0.023609	  0.085358	  0.014281	  0.029387
 -0.022947	 -0.018876	 -0.030291	  0.050645	  0.067150	 -0.002410	  0.031516	 -0.008233	  0.031734	 -0.048166	  0.111176	  0.031660	  0.027317
 -0.012543	 -0.032365	 -0.042437	  0.047537	  0.080888	  0.002491	  0.009343	 -0.015163	  0.059706	 -0.031435	  0.110311	  0.020151	 -0.002271
 -0.011743	 -0.049744	 -0.026889	  0.034717	  0.055645	 -0.030942	  0.001936	 -0.028436	  0.094515	 -0.023810	  0.134724	  0.004199	 -0.018871
 -0.041332	 -0.078507	  0.004473	  0.045193	  0.027934	 -0.026102	 -0.002659	 -0.026007	  0.123060	 -0.026647	  0.144997	  0.002067	 -0.006021
 -0.056701	 -0.078604	  0.018763	  0.053099	  0.027338	 -0.026363	 -0.009402	 -0.027885	  0.131280	 -0.032391	  0.128296	 -0.047648	  0.008635
 -0.026544	 -0.086372	  0.035617	  0.059010	 -0.009952	 -0.022344	 -0.001085	 -0.042758	  0.133046	  0.029006	  0.126165	 -0.071303	 -0.019043
 -0.007268	 -0.090474	  0.021012	  0.055886	 -0.032537	 -0.006513	 -0.025907	 -0.031555	  0.095122	  0.008964	  0.117460	 -0.061365	 -0.024685
 -0.008935	 -0.071891	  0.010030	  0.087635	  0.002050	  0.022742	 -0.047315	 -0.050715	  0.082814	 -0.016096	  0.115484	 -0.063838	 -0.016988
 -0.027347	 -0.031058	  0.022598	  0.086737	  0.014476	  0.013235	 -0.056086	 -0.046690	  0.045444	 -0.026876	  0.145525	 -0.071219	 -0.007870
 -0.026904	 -0.017373	  0.002896	  0.080785	  0.008643	  0.008423	 -0.035432	 -0.037706	  0.032786	 -0.031974	  0.134353	 -0.074120	  0.000549
 -0.031457	 -0.012743	 -0.023396	  0.080090	  0.028565	  0.024907	 -0.019183	 -0.010365	  0.020155	 -0.014310	  0.104979	 -0.052529	 -0.002687
 -0.029443	  0.011796	 -0.016597	  0.114399	  0.021459	  0.021915	 -0.006893	  0.027063	  0.010721	 -0.026919	  0.096694	 -0.038938	 -0.005824
 -0.017003	  0.027998	 -0.037644	  0.125179	 -0.007639	  0.027236	  0.022593	  0.029490	  0.006826	 -0.033042	  0.103281	 -0.052708	 -0.009225
 -0.056334	  0.031396	 -0.022349	  0.117688	 -0.028402	  0.053786	  0.042260	  0.029039	  0.026392	 -0.015716	  0.063969	 -0.025284	  0.021353
 -0.084428	  0.051520	 -0.026959	  0.130450	 -0.016646	  0.044741	  0.059194	 -0.004679	  0.019751	 -0.004409	  0.041300	 -0.026871	  0.036573
 -0.104790	  0.083379	 -0.023000	  0.138185	 -0.049229	  0.008343	  0.052890	 -0.024429	  0.004088	 -0.023262	  0.019443	 -0.019542	  0.053463
 -0.090367	  0.072075	 -0.018437	  0.114448	 -0.048593	 -0.003839	  0.067473	 -0.000445	  0.029563	 -0.053326	  0.022571	 -0.001419	  0.049389
 -0.063078	  0.063182	  0.002896	  0.077476	 -0.010746	  0.008086	  0.100146	  0.033939	  0.038795	 -0.066600	  0.053651	  0.001397	  0.046648
 -0.042199	  0.034931	  0.013723	  0.065007	 -0.008336	  0.034436	  0.095136	  0.058878	  0.055451	 -0.065512	  0.053799	  0.002715	  0.050279
 -0.033895	  0.028857	  0.002824	  0.087894	 -0.028964	  0.032215	  0.070866	  0.063938	  0.048777	 -0.049299	  0.026818	  0.021421	  0.069032
 -0.006560	  0.014228	 -0.008647	  0.095792	 -0.002934	  0.035576	  0.066135	  0.055576	  0.048589	 -0.030599	  0.032419	  0.014736	  0.076916
 -0.002477	  0.025668	 -0.019850	  0.080471	  0.009900	  0.032244	  0.060067	  0.060794	  0.044820	 -0.046331	  0.043429	  0.001652	  0.075627
 -0.032057	  0.037197	 -0.048981	  0.091920	  0.024670	  0.011287	  0.047876	  0.065585	  0.040423	 -0.065692	  0.067252	  0.017055	  0.090503
 -0.036772	  0.043036	 -0.083308	  0.091534	  0.034287	  0.034907	  0.024520	  0.052439	  0.047604	 -0.046688	  0.088519	  0.045666	  0.089745
 -0.028013	  0.081994	 -0.098074	  0.093274	  0.023036	  0.057840	  0.040110	  0.033639	  0.033944	 -0.048537	  0.068893	  0.060000	  0.078614
 -0.038128	  0.093860	 -0.083553	  0.109034	  0.022898	  0.081747	  0.060005	  0.036182	  0.038354	 -0.052827	  0.064372	  0.050220	  0.080298
 -0.032793	  0.072327	 -0.097538	  0.106993	  0.022618	  0.085172	  0.036131	  0.060808	  0.056331	 -0.049588	  0.093610	  0.021649	  0.068073
 -0.003271	  0.026252	 -0.091554	  0.090206	  0.015266	  0.053687	  0.010150	  0.054574	  0.049677	 -0.079469	  0.094152	  0.008830	  0.057610
 -0.022737	  0.008975	 -0.084029	  0.100223	 -0.002981	  0.045090	 -0.010272	  0.062188	  0.027123	 -0.094331	  0.110142	  0.011299	  0.060717
 -0.030877	  0.016942	 -0.081489	  0.078414	  0.021473	  0.032136	 -0.016397	  0.056930	  0.021170	 -0.085917	  0.119749	  0.009698	  0.062352
 -0.032456	  0.030309	 -0.077126	  0.040509	  0.031265	  0.008511	 -0.002578	  0.055788	  0.032502	 -0.070108	  0.119125	  0.003842	  0.042480
 -0.062537	  0.041715	 -0.092361	  0.029619	  0.012286	  0.022864	 -0.021392	  0.057593	  0.049067	 -0.051742	  0.094004	  0.036181	  0.042592
 -0.081346	  0.045201	 -0.055514	  0.066878	  0.004043	  0.033877	 -0.025406	  0.044617	  0.058015	 -0.058545	  0.107493	  0.020007	  0.062749
 -0.078294	  0.041603	 -0.013683	  0.071106	  0.032610	  0.017534	 -0.029679	  0.052811	  0.095329	 -0.063431	  0.133366	 -0.015902	  0.079007
 -0.058281	  0.052062	  0.028337	  0.085821	  0.059710	  0.019612	 -0.026635	  0.051910	  0.104601	 -0.041031	  0.126169	 -0.043939	  0.067972
 -0.051906	  0.051529	  0.054978	  0.102663	  0.071438	  0.030350	 -0.010895	  0.033216	  0.086576	 -0.047587	  0.127961	 -0.040085	  0.072244
 -0.035832	  0.081502	  0.055767	  0.085537	  0.073256	  0.028100	 -0.014220	 -0.009716	  0.065294	 -0.021535	  0.123809	 -0.031914	  0.063667
 -0.006421	  0.096877	  0.087704	  0.122544	  0.064084	  0.016018	 -0.008018	 -0.027513	  0.080183	 -0.025284	  0.102142	 -0.023591	  0.073741
  0.015344	  0.087780	  0.123928	  0.128403	  0.081268	 -0.007380	 -0.011790	 -0.045954	  0.076120	 -0.041249	  0.103585	  0.027957	  0.082182
  0.011222	  0.099233	  0.138517	  0.114196	  0.074132	 -0.013879	 -0.024404	 -0.028839	  0.048946	 -0.086197	  0.083187	  0.041500	  0.085691
  0.009483	  0.115018	  0.120967	  0.128998	  0.078171	 -0.018880	 -0.006431	 -0.013007	  0.057648	 -0.124271	  0.064646	  0.064930	  0.076495
 -0.023699	  0.125139	  0.134752	  0.105852	  0.065407	 -0.013936	 -0.017989	 -0.023265	  0.076022	 -0.118022	  0.050067	  0.086430	  0.078395
 -0.044897	  0.124942	  0.156764	  0.093794	  0.041553	  0.004500	 -0.045539	 -0.028829	  0.054326	 -0.092940	  0.046332	  0.068553	  0.084514
 -0.071052	  0.109602	  0.164010	  0.076531	  0.030554	 -0.011487	 -0.054135	 -0.014076	  0.014935	 -0.074970	  0.056712	  0.050976	  0.057534
 -0.106212	  0.072357	  0.154584	  0.045542	  0.015472	 -0.019114	 -0.039263	 -0.004691	  0.039480	 -0.078045	  0.040493	  0.029762	  0.057446
 -0.133625	  0.019614	  0.159881	  0.025419	  0.006226	 -0.000710	 -0.024322	 -0.031656	  0.034058	 -0.073211	  0.017045	  0.017114	  0.055095
 -0.149413	  0.019882	  0.175758	  0.010530	  0.013058	  0.019847	 -0.026439	 -0.021333	 -0.000896	 -0.050423	  0.030401	  0.000159	  0.062849
 -0.144748	 -0.000865	  0.171864	  0.028277	 -0.015926	  0.036116	 -0.032051	 -0.049268	 -0.001218	 -0.036201	  0.034201	 -0.015455	  0.058579
 -0.115044	 -0.012426	  0.145516	  0.012254	 -0.034583	  0.051634	 -0.009703	 -0.042980	  0.016285	  0.007091	  0.029279	  0.005197	  0.046374
 -0.115012	 -0.000627	  0.123187	  0.014181	 -0.023822	  0.031925	  0.033531	 -0.054205	  0.000971	  0.006009	 -0.017665	 -0.010208	  0.034247
 -0.108836	 -0.022878	  0.110895	  0.012476	 -0.002673	  0.004690	  0.020171	 -0.069650	  0.008577	 -0.009460	 -0.018642	 -0.021751	  0.023291
 -0.088758	 -0.023640	  0.081381	 -0.016275	  0.009812	 -0.016947	  0.009897	 -0.083968	  0.029552	 -0.012678	  0.005989	  0.007106	  0.044959
 -0.070072	 -0.026809	  0.043436	 -0.050465	 -0.023545	 -0.037381	 -0.008155	 -0.050770	  0.057388	 -0.045884	  0.004818	  0.005322	  0.054076
 -0.060159	 -0.016455	 -0.009837	 -0.054064	 -0.019598	 -0.038040	 -0.003229	 -0.028815	  0.051226	 -0.065655	  0.005882	  0.006771	  0.056428
 -0.066505	 -0.016206	 -0.035011	 -0.047898	 -0.020475	 -0.050598	 -0.000885	 -0.050580	  0.036043	 -0.084117	 -0.010471	  0.003040	  0.063335
