:RUN-1	LEVEL SWEEP	TEMP:NaN	2/15/2024	3:41 PM	HR:NaN:SW EAR: L	SW FREQ: 4.00	# AVERAGES: 512	REP RATE (/sec): 39	DRIVER: 	SAMPLE (µsec): 40	MASKER dB: 0:Threshold: 42.9:NOTES-:CHAMBER-Bach:Avgs: 512;512;512;512;512;512;512;512;512;512;512;512;512;512;512
:Tries: 614;619;627;613;618;619;614;616;600;601;585;589;580;580;589
:Log: :Vary signal level: TRUE :Control: NaN:CFTS Version: V2.37.2 (R3379):LEVELS:30;35;40;45;50;55;60;65;70;75;80;85;90;95;100;:DATA -0.018766	 -0.021758	  0.015595	  0.008005	 -0.012788	 -0.015466	 -0.026257	 -0.033988	 -0.037152	  0.012833	  0.036580	 -0.007924	  0.001341	  0.008721	  0.069590
 -0.025591	 -0.004266	  0.003563	 -0.005762	 -0.024051	 -0.010623	 -0.018133	 -0.034324	 -0.006881	  0.017915	  0.031969	 -0.003413	  0.030390	  0.019953	  0.031111
 -0.015570	 -0.005030	  0.011602	  0.002358	 -0.000428	  0.004847	 -0.017234	  0.014307	  0.004119	  0.028364	  0.013431	  0.004351	  0.026593	 -0.004493	  0.037104
 -0.008020	  0.001582	 -0.012080	  0.004863	  0.013982	 -0.001778	 -0.025095	  0.021650	 -0.015320	 -0.006644	  0.015250	 -0.015438	  0.022946	  0.008140	  0.048254
 -0.001748	  0.006274	 -0.009268	  0.028637	  0.019996	  0.002493	 -0.030844	  0.013296	 -0.015407	 -0.006594	 -0.004577	 -0.001634	  0.011541	  0.014915	  0.044033
  0.004313	 -0.008395	  0.013166	  0.027457	  0.001819	  0.032725	 -0.011972	 -0.010613	 -0.021271	  0.033042	 -0.004414	  0.006205	  0.000364	  0.021428	  0.039778
  0.029158	 -0.023134	  0.015290	  0.036669	  0.031811	  0.031156	 -0.015374	 -0.031945	 -0.023631	  0.044979	  0.002450	  0.025063	 -0.010656	  0.023236	  0.042253
  0.033220	 -0.014949	  0.011748	  0.023933	  0.019372	  0.015379	 -0.009369	 -0.022133	  0.009655	  0.015824	 -0.006602	  0.022210	 -0.018550	  0.015639	  0.032550
  0.016988	 -0.011156	 -0.004816	  0.028829	  0.004922	  0.004923	  0.010981	 -0.009527	  0.037466	  0.015659	 -0.021318	 -0.009402	 -0.004553	  0.022284	  0.028243
 -0.008136	  0.007000	  0.009848	  0.015386	  0.026705	  0.002009	  0.006531	 -0.018479	  0.029956	  0.012313	 -0.039884	 -0.020552	  0.000560	  0.000983	  0.032872
 -0.023810	  0.046281	  0.033062	  0.010092	  0.011339	 -0.000954	 -0.011073	 -0.040503	  0.018210	  0.007422	 -0.027789	 -0.016535	  0.005432	  0.007582	  0.003985
  0.011073	  0.026850	  0.019228	  0.014102	 -0.019460	 -0.012224	 -0.005857	 -0.010926	  0.012737	  0.007522	  0.000738	 -0.017184	  0.031712	  0.008046	 -0.013485
 -0.002091	  0.022111	 -0.018935	 -0.010760	 -0.022850	  0.010748	 -0.007990	  0.012510	  0.007455	 -0.006882	 -0.010920	 -0.015203	  0.019153	  0.003096	 -0.017528
  0.001894	  0.017179	 -0.010958	 -0.043709	  0.007218	 -0.000385	  0.002794	  0.038094	 -0.002048	 -0.024498	 -0.023316	 -0.033387	 -0.000025	 -0.008937	 -0.036037
  0.000510	 -0.003243	  0.013469	 -0.038751	  0.032048	 -0.010553	  0.002148	  0.044262	 -0.013731	 -0.029052	  0.002987	 -0.027618	  0.012139	 -0.003708	 -0.055750
 -0.005130	  0.003530	  0.003235	 -0.036722	  0.007801	 -0.012126	  0.034462	  0.042075	  0.006609	 -0.013142	  0.001753	  0.006653	  0.014159	  0.008249	 -0.071098
  0.003877	  0.004604	 -0.014092	 -0.019281	 -0.036174	 -0.030736	  0.043654	  0.027747	  0.026303	 -0.004106	 -0.000446	  0.009188	 -0.007189	 -0.000111	 -0.067740
 -0.011024	 -0.012412	 -0.012869	  0.000281	 -0.019385	 -0.025894	  0.032077	  0.010228	  0.002525	 -0.016090	  0.002411	  0.016525	 -0.026925	 -0.015569	 -0.062405
  0.006039	 -0.026731	 -0.033276	 -0.013412	 -0.024018	  0.007255	  0.026537	 -0.003284	 -0.013435	 -0.046493	  0.011299	  0.033416	 -0.044119	 -0.040882	 -0.041620
  0.012813	 -0.004336	 -0.033512	 -0.032215	 -0.017859	  0.009203	  0.020013	 -0.008447	 -0.006158	 -0.042374	  0.020399	  0.044679	 -0.064315	 -0.088569	 -0.044109
  0.003297	  0.007532	 -0.011309	 -0.049301	 -0.007807	  0.028909	  0.028649	 -0.005223	 -0.013635	 -0.024880	  0.053408	  0.003964	 -0.052149	 -0.073874	 -0.039962
 -0.013045	  0.007617	 -0.017702	 -0.037319	 -0.003284	  0.043486	  0.025592	 -0.014568	 -0.008877	 -0.021977	  0.037174	  0.008326	 -0.078270	 -0.057054	 -0.044070
 -0.024334	  0.034737	 -0.037065	 -0.027913	 -0.009763	  0.034727	  0.033294	  0.011810	 -0.005728	 -0.030432	  0.015017	 -0.010163	 -0.083942	 -0.055399	 -0.071005
 -0.051222	  0.033614	 -0.067439	 -0.039252	  0.008147	  0.031420	  0.011404	  0.032375	 -0.013197	 -0.039469	  0.019233	 -0.044248	 -0.083178	 -0.064131	 -0.086742
 -0.047189	  0.016778	 -0.082810	 -0.058771	 -0.003917	  0.016694	  0.014279	  0.006515	 -0.053289	 -0.026773	  0.022668	 -0.052757	 -0.094015	 -0.052121	 -0.061559
 -0.014797	 -0.013465	 -0.030938	 -0.053379	 -0.031945	  0.002431	  0.044230	  0.000349	 -0.047193	 -0.018811	  0.013649	 -0.050981	 -0.110792	 -0.056242	 -0.047402
 -0.001803	 -0.024778	 -0.021543	 -0.033512	 -0.028729	  0.012188	  0.030355	  0.018453	 -0.029423	  0.016596	  0.009043	 -0.050909	 -0.093787	 -0.046512	 -0.058390
 -0.025624	 -0.037087	 -0.016709	 -0.028519	 -0.044372	  0.025297	  0.026707	  0.022239	 -0.025823	  0.011118	  0.015391	 -0.063845	 -0.068953	 -0.055960	 -0.074373
 -0.017814	 -0.062348	 -0.027421	 -0.017997	 -0.068763	  0.028515	  0.013079	  0.022926	 -0.040109	 -0.015805	 -0.012686	 -0.078539	 -0.064194	 -0.081724	 -0.085499
  0.000488	 -0.060528	 -0.036266	 -0.018876	 -0.045233	  0.026387	  0.017869	  0.015575	 -0.016832	 -0.032659	  0.000130	 -0.085396	 -0.081119	 -0.081180	 -0.098886
 -0.012969	 -0.043617	 -0.023589	 -0.054500	 -0.043692	  0.050147	  0.002593	 -0.005720	 -0.018140	 -0.042433	 -0.000753	 -0.086089	 -0.116954	 -0.088380	 -0.148076
 -0.015986	 -0.023189	 -0.021935	 -0.048273	 -0.024049	  0.056095	 -0.009176	  0.005695	 -0.059221	 -0.070916	 -0.013728	 -0.069077	 -0.137341	 -0.102655	 -0.184580
 -0.010132	 -0.000940	  0.001137	 -0.074319	 -0.028651	  0.047828	 -0.009100	  0.034003	 -0.070425	 -0.120795	 -0.018300	 -0.100406	 -0.121186	 -0.129472	 -0.205501
  0.004465	  0.016459	  0.003973	 -0.065154	 -0.008779	  0.039588	 -0.004337	  0.010192	 -0.067703	 -0.116366	 -0.014042	 -0.116212	 -0.132125	 -0.172531	 -0.201517
  0.019287	  0.007624	 -0.008150	 -0.073145	 -0.016585	  0.024696	 -0.008009	 -0.009892	 -0.085872	 -0.115999	  0.011214	 -0.155646	 -0.169948	 -0.189661	 -0.199483
 -0.014975	 -0.009637	 -0.022091	 -0.102996	 -0.008676	  0.015927	 -0.023435	 -0.013625	 -0.102746	 -0.128563	  0.011579	 -0.163191	 -0.177725	 -0.199342	 -0.170427
 -0.033078	 -0.017406	 -0.042907	 -0.114464	 -0.018394	  0.014925	 -0.028816	 -0.039416	 -0.094744	 -0.126223	 -0.007332	 -0.157542	 -0.165489	 -0.193168	 -0.162044
  0.011453	 -0.046737	 -0.061673	 -0.121832	 -0.031003	 -0.010297	 -0.070400	 -0.082372	 -0.104475	 -0.097238	 -0.021649	 -0.147070	 -0.120401	 -0.162947	 -0.139867
  0.012739	 -0.048062	 -0.089766	 -0.129979	 -0.026381	 -0.002671	 -0.071818	 -0.094694	 -0.126479	 -0.116169	 -0.025982	 -0.150751	 -0.109816	 -0.138500	 -0.066472
 -0.004949	 -0.031006	 -0.107079	 -0.128364	 -0.017308	 -0.025366	 -0.096854	 -0.083687	 -0.142144	 -0.126915	 -0.023228	 -0.135800	 -0.082248	 -0.091835	 -0.021327
  0.005866	 -0.040489	 -0.131410	 -0.090749	 -0.006217	 -0.042741	 -0.094111	 -0.058366	 -0.129911	 -0.090113	  0.006460	 -0.075894	 -0.059385	 -0.039858	  0.011124
 -0.017562	 -0.028404	 -0.096243	 -0.091471	 -0.008448	 -0.038524	 -0.076969	 -0.082789	 -0.106617	 -0.077116	  0.012661	 -0.030503	 -0.038516	  0.020091	  0.044481
 -0.029258	 -0.034789	 -0.066495	 -0.077622	 -0.018193	 -0.042795	 -0.059136	 -0.064134	 -0.103070	 -0.076282	  0.053567	 -0.010191	 -0.024204	  0.035945	  0.074640
 -0.034168	 -0.023334	 -0.040165	 -0.065666	 -0.048305	 -0.042156	 -0.083787	 -0.069017	 -0.100905	 -0.055700	  0.089059	  0.011200	 -0.005591	  0.071921	  0.061408
 -0.040558	 -0.030617	 -0.015562	 -0.052978	 -0.060967	 -0.058920	 -0.091681	 -0.064060	 -0.100945	 -0.038168	  0.086072	  0.056195	  0.022587	  0.115610	  0.025609
 -0.050132	 -0.046338	 -0.031794	 -0.056705	 -0.066578	 -0.046699	 -0.085034	 -0.045366	 -0.087728	 -0.018683	  0.120859	  0.032023	  0.012006	  0.102818	 -0.023377
 -0.062358	 -0.030834	 -0.049717	 -0.037739	 -0.093522	 -0.025590	 -0.089254	 -0.028876	 -0.073048	 -0.024034	  0.149434	 -0.005014	 -0.007276	  0.056511	 -0.116995
 -0.066674	 -0.022471	 -0.037542	 -0.018569	 -0.092681	 -0.030664	 -0.064834	 -0.020581	 -0.065259	 -0.029278	  0.128092	 -0.015552	 -0.014586	 -0.004948	 -0.200129
 -0.087506	 -0.014613	 -0.023216	 -0.064312	 -0.058244	 -0.052733	 -0.047106	 -0.015049	 -0.040352	 -0.027500	  0.085890	 -0.028512	 -0.037164	 -0.091352	 -0.306490
 -0.091894	 -0.024656	  0.006973	 -0.080098	 -0.061225	 -0.049205	 -0.062251	  0.002654	 -0.032806	 -0.032902	  0.072723	 -0.059146	 -0.067247	 -0.195587	 -0.430054
 -0.046278	 -0.056939	 -0.006863	 -0.088409	 -0.065057	 -0.020170	 -0.057061	 -0.005988	 -0.021846	 -0.040300	  0.040046	 -0.078092	 -0.128098	 -0.318924	 -0.488209
 -0.032224	 -0.065061	 -0.043755	 -0.079178	 -0.086448	  0.006221	 -0.031535	  0.021594	 -0.019235	 -0.061179	 -0.011584	 -0.131200	 -0.222788	 -0.439987	 -0.538565
 -0.049175	 -0.039462	 -0.064808	 -0.084413	 -0.079041	  0.019069	 -0.027203	  0.021150	 -0.050561	 -0.066867	 -0.040130	 -0.179999	 -0.313964	 -0.548861	 -0.574170
 -0.061485	 -0.035082	 -0.069389	 -0.079904	 -0.081870	  0.028319	 -0.057076	 -0.000423	 -0.096122	 -0.097743	 -0.055385	 -0.236118	 -0.403941	 -0.610232	 -0.564218
 -0.099362	 -0.040478	 -0.040464	 -0.099708	 -0.094831	  0.031219	 -0.056244	 -0.028852	 -0.128825	 -0.115999	 -0.085784	 -0.306386	 -0.470464	 -0.633224	 -0.547923
 -0.096624	 -0.048077	 -0.054497	 -0.083828	 -0.098864	  0.007613	 -0.044657	 -0.042709	 -0.171736	 -0.206060	 -0.154632	 -0.358001	 -0.486465	 -0.641134	 -0.499485
 -0.075868	 -0.055462	 -0.065850	 -0.082321	 -0.105741	 -0.013901	 -0.043471	 -0.041741	 -0.218679	 -0.257259	 -0.223460	 -0.385824	 -0.488438	 -0.551446	 -0.432454
 -0.072427	 -0.070254	 -0.077371	 -0.088877	 -0.093452	 -0.001621	 -0.045328	 -0.061968	 -0.266240	 -0.280106	 -0.264386	 -0.396852	 -0.474916	 -0.433661	 -0.355763
 -0.081441	 -0.063580	 -0.076782	 -0.078992	 -0.067027	 -0.022401	 -0.088566	 -0.078302	 -0.271351	 -0.291318	 -0.295928	 -0.378662	 -0.423928	 -0.329734	 -0.277627
 -0.078483	 -0.036430	 -0.089511	 -0.066947	 -0.070753	 -0.031700	 -0.112951	 -0.111272	 -0.279716	 -0.299306	 -0.264102	 -0.314820	 -0.356307	 -0.211195	 -0.189760
 -0.094605	 -0.042002	 -0.105827	 -0.072918	 -0.050533	 -0.048609	 -0.169926	 -0.131284	 -0.271391	 -0.296467	 -0.208514	 -0.227709	 -0.244483	 -0.102495	 -0.087933
 -0.087443	 -0.069661	 -0.101137	 -0.090369	 -0.064666	 -0.086809	 -0.202671	 -0.177479	 -0.279636	 -0.283741	 -0.145236	 -0.160620	 -0.152991	 -0.032170	  0.010836
 -0.086123	 -0.099266	 -0.120839	 -0.084834	 -0.094628	 -0.112733	 -0.243975	 -0.228844	 -0.276767	 -0.241078	 -0.066632	 -0.112993	 -0.081158	  0.054546	  0.059027
 -0.085375	 -0.127433	 -0.135757	 -0.070979	 -0.086417	 -0.105112	 -0.277385	 -0.205078	 -0.259251	 -0.182825	  0.001612	 -0.050394	 -0.002884	  0.161411	  0.073549
 -0.076534	 -0.118556	 -0.145250	 -0.058129	 -0.093026	 -0.144961	 -0.297980	 -0.146470	 -0.208823	 -0.123525	  0.049562	  0.023870	  0.074500	  0.190675	  0.030061
 -0.099546	 -0.101354	 -0.135816	 -0.053337	 -0.101688	 -0.173326	 -0.276602	 -0.100054	 -0.186469	 -0.098122	  0.088244	  0.058310	  0.109972	  0.146529	 -0.028761
 -0.092700	 -0.099868	 -0.108785	 -0.052771	 -0.100140	 -0.164637	 -0.224837	 -0.096689	 -0.117054	 -0.054956	  0.122603	  0.058614	  0.085826	  0.066808	 -0.079446
 -0.084612	 -0.059622	 -0.108354	 -0.071437	 -0.119851	 -0.130272	 -0.187948	 -0.052114	 -0.055262	 -0.024273	  0.141431	  0.077941	  0.075451	 -0.020961	 -0.171612
 -0.096553	 -0.055579	 -0.095867	 -0.090424	 -0.123648	 -0.119081	 -0.173563	 -0.017272	 -0.051689	 -0.010017	  0.156735	  0.060182	  0.038801	 -0.088387	 -0.264308
 -0.122037	 -0.075666	 -0.115796	 -0.083598	 -0.138011	 -0.122970	 -0.139725	 -0.016902	 -0.016524	 -0.019942	  0.103659	  0.013677	 -0.018656	 -0.186371	 -0.299784
 -0.129924	 -0.105454	 -0.101520	 -0.088338	 -0.158620	 -0.123852	 -0.106209	  0.015610	 -0.012584	 -0.034663	  0.057032	 -0.029686	 -0.105269	 -0.286834	 -0.330393
 -0.134124	 -0.085405	 -0.090128	 -0.080445	 -0.161306	 -0.095718	 -0.088558	  0.036672	 -0.032474	 -0.093222	  0.012750	 -0.107742	 -0.215881	 -0.344043	 -0.321934
 -0.142353	 -0.094975	 -0.106496	 -0.091363	 -0.151511	 -0.083096	 -0.069289	  0.042612	 -0.037710	 -0.128626	 -0.027592	 -0.182770	 -0.277530	 -0.341571	 -0.284953
 -0.129568	 -0.141255	 -0.118301	 -0.095856	 -0.114426	 -0.064961	 -0.050337	  0.028079	 -0.052921	 -0.148251	 -0.081452	 -0.241516	 -0.301227	 -0.330847	 -0.274070
 -0.114563	 -0.156423	 -0.094197	 -0.063125	 -0.112830	 -0.078901	 -0.021355	  0.006945	 -0.113434	 -0.213073	 -0.125122	 -0.274247	 -0.305776	 -0.318666	 -0.245473
 -0.140257	 -0.157325	 -0.096718	 -0.061609	 -0.106774	 -0.108284	 -0.053772	 -0.027594	 -0.209245	 -0.212903	 -0.121608	 -0.272721	 -0.302494	 -0.255054	 -0.226188
 -0.139116	 -0.151243	 -0.104954	 -0.092311	 -0.062556	 -0.072797	 -0.084487	 -0.058114	 -0.256665	 -0.227301	 -0.125298	 -0.253799	 -0.231383	 -0.167551	 -0.160513
 -0.130355	 -0.149783	 -0.135193	 -0.093192	 -0.045238	 -0.079242	 -0.103063	 -0.097139	 -0.273646	 -0.222519	 -0.089354	 -0.171710	 -0.154112	 -0.096554	 -0.078467
 -0.122792	 -0.162630	 -0.152643	 -0.095567	 -0.069219	 -0.100989	 -0.140480	 -0.126450	 -0.257351	 -0.214343	 -0.068884	 -0.075584	 -0.084400	 -0.024141	 -0.006288
 -0.112131	 -0.156559	 -0.153798	 -0.114636	 -0.089082	 -0.103185	 -0.153721	 -0.151265	 -0.232688	 -0.169234	 -0.011316	 -0.019326	 -0.010493	  0.030209	  0.070741
 -0.107260	 -0.146751	 -0.145032	 -0.122744	 -0.065134	 -0.101854	 -0.129235	 -0.131638	 -0.196319	 -0.117428	  0.029934	  0.004109	  0.076341	  0.078561	  0.101586
 -0.107325	 -0.153808	 -0.152412	 -0.129893	 -0.076751	 -0.134054	 -0.157658	 -0.099200	 -0.179808	 -0.049047	  0.073754	  0.037027	  0.133081	  0.124224	  0.140012
 -0.112500	 -0.160704	 -0.138324	 -0.127874	 -0.098901	 -0.162934	 -0.188551	 -0.079456	 -0.140377	 -0.002370	  0.135276	  0.064658	  0.139580	  0.132667	  0.190507
 -0.119919	 -0.163762	 -0.125860	 -0.100401	 -0.113122	 -0.167919	 -0.220033	 -0.064195	 -0.093948	  0.002052	  0.145817	  0.073478	  0.117759	  0.132376	  0.213590
 -0.127709	 -0.149163	 -0.147589	 -0.108603	 -0.111921	 -0.181477	 -0.191053	 -0.049848	 -0.076427	  0.016870	  0.158084	  0.079506	  0.087316	  0.122585	  0.239843
 -0.125614	 -0.155519	 -0.148052	 -0.110669	 -0.108140	 -0.152127	 -0.141634	 -0.020084	 -0.023703	  0.007207	  0.184028	  0.087850	  0.057399	  0.080931	  0.237478
 -0.123264	 -0.150334	 -0.143110	 -0.126941	 -0.119718	 -0.140568	 -0.099433	  0.002077	 -0.003354	  0.025259	  0.177078	  0.086691	  0.016207	  0.075338	  0.239061
 -0.130591	 -0.130579	 -0.115452	 -0.144902	 -0.149625	 -0.150179	 -0.078793	  0.010908	  0.021871	  0.027655	  0.158102	  0.072129	 -0.004937	  0.088474	  0.252929
 -0.136297	 -0.119940	 -0.121535	 -0.127578	 -0.161693	 -0.146501	 -0.068807	  0.029173	  0.049287	  0.036811	  0.128381	  0.043571	 -0.038502	  0.134209	  0.260300
 -0.147093	 -0.131111	 -0.126725	 -0.125280	 -0.172787	 -0.111949	 -0.034396	  0.038864	  0.051827	  0.033684	  0.097370	  0.006678	 -0.053968	  0.137819	  0.257081
 -0.132234	 -0.127030	 -0.102722	 -0.120020	 -0.163847	 -0.092999	 -0.021548	  0.050884	  0.031970	 -0.007007	  0.080170	 -0.000504	 -0.051509	  0.090264	  0.219946
 -0.132266	 -0.130055	 -0.114370	 -0.125092	 -0.143891	 -0.092868	 -0.055409	  0.077220	 -0.006487	 -0.015427	  0.035538	 -0.010040	 -0.054537	  0.104338	  0.192405
 -0.158905	 -0.136031	 -0.116203	 -0.139771	 -0.133826	 -0.048226	 -0.065103	  0.062601	 -0.059042	 -0.053278	  0.046595	 -0.006896	 -0.049208	  0.132036	  0.161148
 -0.139226	 -0.137281	 -0.139524	 -0.165369	 -0.130785	 -0.026294	 -0.078245	  0.044763	 -0.098210	 -0.085940	  0.045324	 -0.002747	 -0.043661	  0.115339	  0.110300
 -0.148830	 -0.136262	 -0.139059	 -0.154530	 -0.114641	 -0.036939	 -0.098128	  0.069826	 -0.131084	 -0.101920	  0.037877	 -0.041707	 -0.057137	  0.107088	  0.071055
 -0.143943	 -0.115304	 -0.112268	 -0.143153	 -0.103401	 -0.038031	 -0.119517	  0.038730	 -0.122550	 -0.114772	  0.020545	 -0.076986	 -0.077226	  0.069058	  0.048740
 -0.158290	 -0.098727	 -0.113753	 -0.163545	 -0.103446	 -0.034302	 -0.142751	 -0.013994	 -0.113940	 -0.096175	  0.009561	 -0.064911	 -0.110154	  0.058411	  0.021752
 -0.173437	 -0.112940	 -0.113337	 -0.167812	 -0.098063	 -0.040991	 -0.144335	 -0.063487	 -0.123474	 -0.087113	  0.005682	 -0.068072	 -0.098255	  0.033158	  0.005698
 -0.189687	 -0.135614	 -0.099085	 -0.150275	 -0.109816	 -0.076788	 -0.133700	 -0.058178	 -0.103463	 -0.125599	 -0.016671	 -0.093620	 -0.090432	 -0.010988	 -0.001787
 -0.202100	 -0.116274	 -0.094035	 -0.124418	 -0.106269	 -0.067383	 -0.139611	 -0.052109	 -0.112269	 -0.166486	 -0.033173	 -0.110252	 -0.123943	  0.015367	 -0.014512
 -0.195619	 -0.101906	 -0.076897	 -0.107669	 -0.130423	 -0.079573	 -0.127505	 -0.030961	 -0.149525	 -0.179019	 -0.064174	 -0.109397	 -0.137808	  0.014652	  0.005044
 -0.164827	 -0.107794	 -0.097914	 -0.107967	 -0.141247	 -0.110968	 -0.138151	 -0.048799	 -0.189891	 -0.187239	 -0.090235	 -0.088197	 -0.111355	  0.009592	  0.054724
 -0.134231	 -0.121054	 -0.144731	 -0.124019	 -0.110814	 -0.114842	 -0.131671	 -0.069402	 -0.200089	 -0.187134	 -0.100998	 -0.086088	 -0.075516	  0.028756	  0.090975
 -0.143915	 -0.122057	 -0.154498	 -0.143926	 -0.103956	 -0.122834	 -0.138383	 -0.093284	 -0.201693	 -0.215022	 -0.091660	 -0.073126	 -0.082532	  0.065316	  0.127897
 -0.117355	 -0.091190	 -0.153294	 -0.152837	 -0.110545	 -0.148031	 -0.174568	 -0.103018	 -0.197615	 -0.207484	 -0.076427	 -0.064605	 -0.063636	  0.118250	  0.184883
 -0.116063	 -0.087006	 -0.174538	 -0.158185	 -0.121575	 -0.136950	 -0.213438	 -0.089838	 -0.190419	 -0.176866	 -0.036436	 -0.067093	 -0.038838	  0.151156	  0.223424
 -0.133046	 -0.087832	 -0.175288	 -0.151862	 -0.107680	 -0.127913	 -0.224717	 -0.126992	 -0.202505	 -0.149264	 -0.024067	 -0.051300	 -0.008810	  0.214720	  0.267915
 -0.133190	 -0.082401	 -0.146254	 -0.174976	 -0.107604	 -0.146615	 -0.222333	 -0.125103	 -0.178420	 -0.157981	 -0.029443	 -0.009486	  0.019897	  0.261813	  0.294682
 -0.167998	 -0.106692	 -0.163453	 -0.173189	 -0.106364	 -0.142499	 -0.238327	 -0.099067	 -0.160281	 -0.148200	 -0.018462	  0.023860	  0.059972	  0.280758	  0.306199
 -0.171287	 -0.127310	 -0.173269	 -0.153427	 -0.102904	 -0.127281	 -0.229781	 -0.082752	 -0.132292	 -0.127395	  0.012694	  0.037063	  0.092750	  0.332948	  0.327692
 -0.145313	 -0.134467	 -0.178378	 -0.132032	 -0.108578	 -0.132136	 -0.240148	 -0.056459	 -0.156665	 -0.125344	  0.046657	  0.026710	  0.129209	  0.359615	  0.329143
 -0.159591	 -0.160860	 -0.160302	 -0.127026	 -0.104918	 -0.147520	 -0.245266	 -0.067321	 -0.146104	 -0.115089	  0.078560	  0.044758	  0.142197	  0.336602	  0.304460
 -0.166395	 -0.160760	 -0.175214	 -0.099480	 -0.131431	 -0.162567	 -0.233385	 -0.085079	 -0.137249	 -0.093457	  0.075185	  0.060761	  0.140990	  0.316020	  0.256553
 -0.144760	 -0.170144	 -0.183978	 -0.113836	 -0.159894	 -0.170311	 -0.195367	 -0.080811	 -0.116418	 -0.048302	  0.078924	  0.064314	  0.140416	  0.288764	  0.213098
 -0.112525	 -0.173170	 -0.146190	 -0.124668	 -0.170443	 -0.177823	 -0.156730	 -0.093238	 -0.092953	 -0.012959	  0.070981	  0.066442	  0.132823	  0.236625	  0.163592
 -0.118289	 -0.185130	 -0.137973	 -0.149426	 -0.166577	 -0.166533	 -0.119589	 -0.090188	 -0.079364	 -0.003605	  0.072865	  0.052851	  0.124737	  0.230132	  0.089497
 -0.150204	 -0.199148	 -0.113211	 -0.174113	 -0.162129	 -0.154605	 -0.117236	 -0.060769	 -0.084676	 -0.017617	  0.093573	  0.042258	  0.074827	  0.225362	  0.050605
 -0.170292	 -0.189109	 -0.119507	 -0.174653	 -0.165792	 -0.162808	 -0.125454	 -0.025417	 -0.055867	 -0.044301	  0.094331	  0.051308	  0.048177	  0.166506	  0.002003
 -0.153579	 -0.170294	 -0.155976	 -0.165044	 -0.160940	 -0.181232	 -0.123732	 -0.016096	 -0.054864	 -0.042274	  0.067127	  0.056866	  0.042689	  0.130883	 -0.040032
 -0.153931	 -0.167083	 -0.173397	 -0.135516	 -0.148306	 -0.178497	 -0.111168	 -0.006189	 -0.065120	 -0.086525	  0.038393	  0.030967	  0.027744	  0.121357	 -0.051087
 -0.148091	 -0.157576	 -0.184209	 -0.125221	 -0.149802	 -0.162142	 -0.115657	  0.005145	 -0.069173	 -0.115542	 -0.014379	  0.008669	 -0.006735	  0.081904	 -0.068461
 -0.144548	 -0.155340	 -0.167460	 -0.130360	 -0.158553	 -0.161689	 -0.118668	  0.006062	 -0.080901	 -0.140746	 -0.037404	  0.024040	 -0.018745	  0.044472	 -0.103815
 -0.187052	 -0.154399	 -0.156918	 -0.165571	 -0.148537	 -0.135983	 -0.131865	 -0.012298	 -0.080478	 -0.175718	 -0.031266	  0.021422	 -0.048972	 -0.008890	 -0.129289
 -0.201749	 -0.139452	 -0.161632	 -0.185916	 -0.141882	 -0.136862	 -0.133959	 -0.024114	 -0.084003	 -0.165435	 -0.014392	 -0.021459	 -0.049669	 -0.040885	 -0.149881
 -0.206044	 -0.126535	 -0.160174	 -0.197956	 -0.141413	 -0.139919	 -0.161152	 -0.032140	 -0.088445	 -0.150648	 -0.037006	 -0.060504	 -0.077433	 -0.039752	 -0.156666
 -0.198094	 -0.139875	 -0.182000	 -0.216661	 -0.139542	 -0.138265	 -0.165785	 -0.043294	 -0.092388	 -0.145042	 -0.069561	 -0.084700	 -0.102447	 -0.058010	 -0.140893
 -0.190509	 -0.155712	 -0.190789	 -0.215687	 -0.159793	 -0.114098	 -0.147001	 -0.054555	 -0.100939	 -0.136164	 -0.070739	 -0.073013	 -0.089568	 -0.066054	 -0.142461
 -0.222858	 -0.162743	 -0.158865	 -0.227017	 -0.148423	 -0.103257	 -0.138389	 -0.057404	 -0.105549	 -0.146797	 -0.090582	 -0.047893	 -0.091194	 -0.047638	 -0.152513
 -0.225595	 -0.161218	 -0.170542	 -0.206206	 -0.124976	 -0.081502	 -0.135692	 -0.062076	 -0.116312	 -0.144684	 -0.079921	 -0.044815	 -0.083014	 -0.062063	 -0.176194
 -0.183635	 -0.152823	 -0.180903	 -0.177061	 -0.111892	 -0.109544	 -0.150771	 -0.082529	 -0.117179	 -0.130993	 -0.113165	 -0.042881	 -0.111456	 -0.054667	 -0.198045
 -0.189756	 -0.170337	 -0.167778	 -0.159393	 -0.101626	 -0.152279	 -0.164357	 -0.097806	 -0.114300	 -0.160556	 -0.144961	 -0.061608	 -0.148719	 -0.082955	 -0.185230
 -0.218006	 -0.221738	 -0.180231	 -0.156711	 -0.114083	 -0.146112	 -0.189991	 -0.083787	 -0.123216	 -0.194279	 -0.160088	 -0.043739	 -0.142275	 -0.102817	 -0.186172
 -0.213140	 -0.225627	 -0.174495	 -0.146363	 -0.119315	 -0.163183	 -0.190876	 -0.075512	 -0.155617	 -0.199101	 -0.147504	 -0.065656	 -0.137614	 -0.100922	 -0.170651
 -0.195155	 -0.179078	 -0.175840	 -0.167864	 -0.121363	 -0.153779	 -0.165468	 -0.091393	 -0.194263	 -0.205550	 -0.115375	 -0.095725	 -0.163447	 -0.111778	 -0.159041
 -0.174785	 -0.166136	 -0.198721	 -0.160108	 -0.125929	 -0.141433	 -0.172854	 -0.089896	 -0.212598	 -0.209827	 -0.095690	 -0.127924	 -0.158447	 -0.104059	 -0.118376
 -0.154120	 -0.163671	 -0.193662	 -0.193896	 -0.128303	 -0.131769	 -0.196478	 -0.106852	 -0.230504	 -0.212056	 -0.082074	 -0.133558	 -0.137617	 -0.111898	 -0.080243
 -0.155410	 -0.170599	 -0.192959	 -0.159492	 -0.147800	 -0.164529	 -0.223983	 -0.112755	 -0.223940	 -0.218394	 -0.085243	 -0.139442	 -0.129881	 -0.125270	 -0.062085
 -0.170324	 -0.182319	 -0.165232	 -0.126008	 -0.114236	 -0.149735	 -0.236097	 -0.093422	 -0.215466	 -0.202380	 -0.105637	 -0.117692	 -0.123021	 -0.120244	 -0.046522
 -0.182691	 -0.190248	 -0.165112	 -0.142502	 -0.110838	 -0.165758	 -0.245800	 -0.080577	 -0.226776	 -0.200568	 -0.108591	 -0.079427	 -0.144477	 -0.081601	 -0.044537
 -0.171302	 -0.217566	 -0.159077	 -0.156176	 -0.141875	 -0.169435	 -0.237056	 -0.070167	 -0.229277	 -0.205026	 -0.125803	 -0.071644	 -0.170898	 -0.045306	 -0.054300
 -0.160973	 -0.214567	 -0.151841	 -0.148858	 -0.141657	 -0.140604	 -0.240723	 -0.114952	 -0.239345	 -0.230625	 -0.145044	 -0.056938	 -0.175088	 -0.038261	 -0.063188
 -0.170890	 -0.181452	 -0.158768	 -0.177644	 -0.126828	 -0.144616	 -0.241054	 -0.139304	 -0.245410	 -0.221889	 -0.139000	 -0.080286	 -0.149158	 -0.029440	 -0.059024
 -0.204656	 -0.164136	 -0.163939	 -0.172767	 -0.106015	 -0.146198	 -0.227007	 -0.166962	 -0.252465	 -0.194571	 -0.144470	 -0.088382	 -0.139237	 -0.006847	 -0.066662
 -0.188367	 -0.147903	 -0.162770	 -0.157323	 -0.120954	 -0.134949	 -0.217821	 -0.159434	 -0.250204	 -0.217531	 -0.129522	 -0.074402	 -0.145384	 -0.025833	 -0.040973
 -0.173288	 -0.150163	 -0.162757	 -0.165379	 -0.127775	 -0.126915	 -0.212835	 -0.116161	 -0.262612	 -0.237251	 -0.134015	 -0.081613	 -0.141447	 -0.029311	 -0.034761
 -0.161952	 -0.170539	 -0.166291	 -0.171984	 -0.132226	 -0.162890	 -0.227065	 -0.108063	 -0.234251	 -0.219881	 -0.126019	 -0.079362	 -0.146054	 -0.017999	 -0.058591
 -0.163029	 -0.137686	 -0.153447	 -0.172971	 -0.111324	 -0.190015	 -0.237918	 -0.112240	 -0.207785	 -0.212182	 -0.112593	 -0.081734	 -0.141868	  0.015317	 -0.056517
 -0.161775	 -0.135720	 -0.131744	 -0.175341	 -0.084193	 -0.186923	 -0.223775	 -0.112545	 -0.211671	 -0.194830	 -0.111086	 -0.103469	 -0.146404	  0.024051	 -0.064276
 -0.145306	 -0.142183	 -0.118767	 -0.171932	 -0.089173	 -0.150883	 -0.236343	 -0.094465	 -0.230848	 -0.180436	 -0.093555	 -0.096590	 -0.128981	  0.034764	 -0.084862
 -0.164504	 -0.147239	 -0.093316	 -0.143667	 -0.123709	 -0.157739	 -0.248549	 -0.081477	 -0.213828	 -0.182291	 -0.103331	 -0.067721	 -0.087972	  0.028297	 -0.097827
 -0.177739	 -0.145224	 -0.095935	 -0.137787	 -0.114923	 -0.153278	 -0.257380	 -0.084774	 -0.170983	 -0.162896	 -0.073042	 -0.043518	 -0.051995	  0.023610	 -0.091383
 -0.168564	 -0.159467	 -0.117389	 -0.164494	 -0.141827	 -0.144138	 -0.226832	 -0.081467	 -0.157885	 -0.136654	 -0.053587	 -0.033651	 -0.032781	  0.040244	 -0.094089
 -0.172777	 -0.146810	 -0.158070	 -0.149731	 -0.174523	 -0.126892	 -0.218721	 -0.073414	 -0.134589	 -0.120031	 -0.036130	 -0.003780	 -0.023310	  0.063578	 -0.127850
 -0.153126	 -0.114483	 -0.188237	 -0.140551	 -0.180999	 -0.109183	 -0.218948	 -0.079832	 -0.105921	 -0.127238	 -0.029967	  0.000252	 -0.022836	  0.045307	 -0.181129
 -0.124776	 -0.122161	 -0.182995	 -0.141637	 -0.173874	 -0.098973	 -0.199111	 -0.075287	 -0.089550	 -0.130127	 -0.051038	  0.001667	 -0.026085	  0.026098	 -0.251325
 -0.135643	 -0.124857	 -0.178137	 -0.148301	 -0.170511	 -0.107317	 -0.194906	 -0.048875	 -0.115991	 -0.144581	 -0.043012	 -0.010554	 -0.045784	 -0.001240	 -0.299551
 -0.137188	 -0.129063	 -0.134972	 -0.149572	 -0.155202	 -0.121399	 -0.184635	 -0.062829	 -0.102625	 -0.153398	 -0.061647	 -0.026774	 -0.097518	 -0.044112	 -0.330767
 -0.163818	 -0.122599	 -0.129989	 -0.131627	 -0.127553	 -0.137134	 -0.150764	 -0.064219	 -0.117969	 -0.154345	 -0.061447	 -0.038444	 -0.136848	 -0.098811	 -0.337837
 -0.162299	 -0.105894	 -0.139244	 -0.117396	 -0.093276	 -0.131862	 -0.140525	 -0.036335	 -0.125544	 -0.147225	 -0.045504	 -0.033969	 -0.137868	 -0.131274	 -0.317148
 -0.139415	 -0.123451	 -0.115072	 -0.115814	 -0.103977	 -0.117719	 -0.141789	 -0.019286	 -0.121376	 -0.145364	 -0.049034	 -0.042760	 -0.108796	 -0.117996	 -0.285222
 -0.138230	 -0.131668	 -0.124672	 -0.129950	 -0.122426	 -0.113501	 -0.140490	 -0.023506	 -0.158780	 -0.192438	 -0.053977	 -0.072003	 -0.119253	 -0.121115	 -0.267332
 -0.129271	 -0.131951	 -0.171388	 -0.158305	 -0.125083	 -0.113065	 -0.148327	 -0.021788	 -0.175072	 -0.243019	 -0.038193	 -0.068212	 -0.143174	 -0.136972	 -0.239508
 -0.112350	 -0.123425	 -0.159118	 -0.174518	 -0.134411	 -0.133077	 -0.147287	 -0.046151	 -0.185799	 -0.258615	 -0.071429	 -0.087737	 -0.137881	 -0.117737	 -0.214581
 -0.109329	 -0.116397	 -0.143900	 -0.161898	 -0.116816	 -0.141894	 -0.165162	 -0.056585	 -0.203201	 -0.265676	 -0.119740	 -0.083242	 -0.123537	 -0.106672	 -0.189127
 -0.100859	 -0.105778	 -0.131002	 -0.138766	 -0.113399	 -0.137483	 -0.213707	 -0.082210	 -0.236147	 -0.291088	 -0.118858	 -0.111427	 -0.156611	 -0.102203	 -0.147014
 -0.121897	 -0.086497	 -0.129149	 -0.133056	 -0.099995	 -0.114312	 -0.273492	 -0.099883	 -0.235217	 -0.307245	 -0.105815	 -0.106222	 -0.195617	 -0.075323	 -0.100168
 -0.111321	 -0.057700	 -0.104698	 -0.138734	 -0.099523	 -0.114010	 -0.290763	 -0.098079	 -0.269920	 -0.311020	 -0.117555	 -0.114018	 -0.206971	 -0.047935	 -0.067034
 -0.106264	 -0.065553	 -0.070983	 -0.123513	 -0.111807	 -0.149840	 -0.273821	 -0.118978	 -0.282298	 -0.294864	 -0.091922	 -0.136627	 -0.196533	 -0.042559	  0.005758
 -0.110864	 -0.096509	 -0.077791	 -0.143496	 -0.102519	 -0.160378	 -0.274584	 -0.121226	 -0.278946	 -0.269879	 -0.110890	 -0.126172	 -0.176929	 -0.006014	  0.049296
 -0.120201	 -0.104272	 -0.062850	 -0.140499	 -0.089802	 -0.167880	 -0.282102	 -0.111910	 -0.250818	 -0.258935	 -0.092030	 -0.086516	 -0.164970	  0.023003	  0.064562
 -0.151450	 -0.074011	 -0.031625	 -0.124449	 -0.075057	 -0.164790	 -0.265611	 -0.121465	 -0.239287	 -0.227888	 -0.064285	 -0.059357	 -0.076721	  0.077630	  0.076058
 -0.138246	 -0.087163	 -0.052000	 -0.123833	 -0.059998	 -0.150511	 -0.238510	 -0.144969	 -0.218085	 -0.185272	 -0.060131	 -0.048395	 -0.028339	  0.146003	  0.108853
 -0.138043	 -0.100576	 -0.048336	 -0.107275	 -0.085480	 -0.139690	 -0.203791	 -0.113313	 -0.176755	 -0.136498	 -0.031888	 -0.024339	 -0.001085	  0.183722	  0.115356
 -0.131568	 -0.097994	 -0.053215	 -0.121164	 -0.098777	 -0.104677	 -0.188630	 -0.069153	 -0.140323	 -0.107042	 -0.031760	 -0.009609	  0.061329	  0.212663	  0.101695
 -0.139813	 -0.088708	 -0.061021	 -0.113879	 -0.112894	 -0.075705	 -0.172115	 -0.063432	 -0.116843	 -0.090209	 -0.012882	  0.017201	  0.103669	  0.209687	  0.060661
 -0.124555	 -0.116766	 -0.062026	 -0.106207	 -0.107486	 -0.073748	 -0.129806	 -0.051694	 -0.088276	 -0.114790	  0.019063	  0.048219	  0.098338	  0.201029	  0.030266
 -0.114256	 -0.108679	 -0.062411	 -0.091898	 -0.078444	 -0.083201	 -0.124037	 -0.005600	 -0.055747	 -0.122541	  0.012308	  0.055262	  0.076489	  0.143552	  0.038944
 -0.101063	 -0.092189	 -0.047849	 -0.086511	 -0.070203	 -0.089740	 -0.102659	  0.025094	 -0.052031	 -0.115208	 -0.005633	  0.068870	  0.082689	  0.116300	  0.038505
 -0.089690	 -0.081268	 -0.057362	 -0.095714	 -0.064884	 -0.085030	 -0.073671	  0.040885	 -0.042548	 -0.099286	  0.018183	  0.069799	  0.068885	  0.099270	  0.047185
 -0.079291	 -0.074520	 -0.061150	 -0.103568	 -0.067355	 -0.060056	 -0.037359	  0.030297	 -0.061453	 -0.099668	  0.017811	  0.069312	  0.041823	  0.094375	  0.065098
 -0.098583	 -0.095458	 -0.074784	 -0.088463	 -0.073871	 -0.072305	 -0.047670	  0.006913	 -0.075125	 -0.120613	 -0.001601	  0.065105	  0.007954	  0.110103	  0.053517
 -0.088966	 -0.083943	 -0.049938	 -0.049318	 -0.101556	 -0.072588	 -0.063535	  0.012188	 -0.097166	 -0.125379	 -0.048510	  0.030534	 -0.019627	  0.081660	  0.049504
 -0.088504	 -0.093382	 -0.061675	 -0.069756	 -0.095498	 -0.057277	 -0.097436	 -0.019195	 -0.132952	 -0.122216	 -0.073368	  0.014809	 -0.033445	  0.103871	  0.096643
 -0.072579	 -0.085694	 -0.053700	 -0.088850	 -0.096622	 -0.061552	 -0.134176	 -0.032061	 -0.157515	 -0.130283	 -0.073337	 -0.009814	 -0.073738	  0.118060	  0.094617
 -0.067437	 -0.063597	 -0.048545	 -0.081136	 -0.121649	 -0.063264	 -0.145497	 -0.009456	 -0.154176	 -0.130885	 -0.076966	 -0.027468	 -0.087241	  0.126590	  0.120584
 -0.046705	 -0.054874	 -0.052571	 -0.067036	 -0.100629	 -0.072927	 -0.132099	  0.002700	 -0.149870	 -0.088783	 -0.090125	 -0.004318	 -0.063915	  0.131942	  0.154280
 -0.070400	 -0.077186	 -0.092635	 -0.075179	 -0.092239	 -0.073301	 -0.133035	 -0.017297	 -0.108717	 -0.087079	 -0.096491	 -0.002708	 -0.030925	  0.180045	  0.165125
 -0.085490	 -0.079607	 -0.119643	 -0.054374	 -0.089650	 -0.095623	 -0.130734	 -0.012352	 -0.081928	 -0.065407	 -0.087747	 -0.020889	  0.020885	  0.221794	  0.164876
 -0.091736	 -0.074326	 -0.121399	 -0.042833	 -0.065851	 -0.133016	 -0.135055	 -0.010909	 -0.069768	 -0.036872	 -0.048748	 -0.020939	  0.045014	  0.225253	  0.157842
 -0.087640	 -0.076154	 -0.107257	 -0.061756	 -0.058861	 -0.135973	 -0.123627	 -0.022185	 -0.061679	 -0.060662	 -0.007938	  0.012635	  0.093130	  0.234848	  0.114965
 -0.081915	 -0.041470	 -0.094095	 -0.108783	 -0.061396	 -0.158748	 -0.104913	 -0.026287	 -0.044193	 -0.059825	  0.026602	  0.042900	  0.132314	  0.227962	  0.124896
 -0.089495	 -0.020586	 -0.093932	 -0.097766	 -0.044507	 -0.151985	 -0.097215	 -0.009323	 -0.014515	 -0.037326	  0.033844	  0.034878	  0.190476	  0.243968	  0.112750
 -0.087873	 -0.026564	 -0.095257	 -0.089972	 -0.032122	 -0.122020	 -0.100166	  0.018580	  0.009353	 -0.034118	  0.044483	  0.075834	  0.217265	  0.250719	  0.108952
 -0.103052	 -0.013762	 -0.085561	 -0.088585	 -0.069875	 -0.101200	 -0.060402	  0.080126	  0.002364	 -0.044635	  0.046794	  0.069660	  0.201332	  0.211044	  0.080333
 -0.097094	 -0.012234	 -0.077817	 -0.059827	 -0.043996	 -0.087233	 -0.046323	  0.090377	  0.005412	 -0.058986	  0.044514	  0.074424	  0.203534	  0.191013	  0.060237
 -0.074962	 -0.036372	 -0.032226	 -0.061324	 -0.028198	 -0.069523	 -0.035175	  0.087529	  0.030892	 -0.041023	  0.058960	  0.108390	  0.187149	  0.183368	  0.079357
 -0.065126	 -0.032407	 -0.004900	 -0.059428	 -0.037086	 -0.061778	 -0.002328	  0.092784	  0.028503	 -0.037511	  0.062752	  0.089761	  0.175417	  0.184321	  0.100765
 -0.042171	 -0.008554	 -0.027625	 -0.066941	 -0.041260	 -0.062537	 -0.003137	  0.091650	  0.023499	 -0.037694	  0.073483	  0.063189	  0.125743	  0.176351	  0.112780
 -0.036505	 -0.029436	  0.001470	 -0.070963	 -0.019746	 -0.045350	 -0.014075	  0.077084	  0.013231	 -0.042518	  0.054613	  0.071513	  0.085416	  0.138837	  0.105811
 -0.031344	 -0.024837	 -0.017362	 -0.086459	  0.007372	 -0.015880	 -0.013694	  0.045434	  0.010486	 -0.049398	  0.043607	  0.077387	  0.071145	  0.128621	  0.110086
 -0.045843	 -0.012785	 -0.043284	 -0.064284	  0.000781	 -0.011466	 -0.009192	  0.034663	  0.014702	 -0.030659	  0.071619	  0.056011	  0.040409	  0.130034	  0.104228
 -0.034949	 -0.005997	 -0.050296	 -0.028259	  0.007194	  0.019368	 -0.018627	  0.007112	 -0.006581	 -0.045364	  0.052707	  0.055233	  0.019013	  0.120057	  0.093299
 -0.006225	 -0.018194	 -0.030480	 -0.004571	 -0.003366	  0.012997	 -0.039561	 -0.000445	 -0.052733	 -0.055310	  0.035339	  0.038340	  0.009056	  0.100109	  0.109228
 -0.027555	 -0.028849	 -0.017508	  0.020156	 -0.009848	  0.004901	 -0.061659	 -0.015537	 -0.083747	 -0.071461	  0.053563	  0.034377	  0.010449	  0.115848	  0.087040
 -0.039390	 -0.011034	  0.004647	  0.011351	 -0.021245	 -0.042596	 -0.072792	 -0.023257	 -0.082658	 -0.110298	  0.037168	  0.009866	  0.018732	  0.103467	  0.064465
 -0.067699	 -0.031182	  0.016769	 -0.016368	 -0.041750	 -0.087112	 -0.108201	 -0.026983	 -0.081872	 -0.108795	  0.011486	 -0.007706	  0.007235	  0.091724	  0.057223
 -0.070324	 -0.018208	  0.006800	 -0.010045	 -0.025374	 -0.100111	 -0.118664	 -0.020134	 -0.079337	 -0.122503	 -0.003193	  0.012467	 -0.010470	  0.065728	  0.075807
 -0.019054	  0.003891	  0.016976	 -0.023094	 -0.027347	 -0.097131	 -0.122366	  0.012076	 -0.056774	 -0.110101	  0.004157	  0.010424	 -0.008719	  0.049688	  0.041539
 -0.027727	  0.025412	  0.014172	 -0.029980	 -0.027272	 -0.068036	 -0.143262	 -0.017601	 -0.043838	 -0.121187	 -0.006222	 -0.009317	 -0.008791	  0.061731	  0.034254
 -0.023917	  0.036405	  0.023126	 -0.013937	 -0.037810	 -0.076514	 -0.143165	 -0.025644	 -0.058746	 -0.137918	 -0.030697	 -0.017829	 -0.031075	  0.068331	  0.037625
 -0.005363	  0.044216	  0.020691	 -0.001743	 -0.053353	 -0.055079	 -0.143778	 -0.008455	 -0.029988	 -0.108795	 -0.022117	  0.015162	 -0.041353	  0.083462	  0.046251
  0.009891	  0.043512	  0.001182	 -0.005719	 -0.050782	 -0.036678	 -0.138880	  0.003719	  0.000758	 -0.097193	 -0.007358	  0.031383	 -0.064098	  0.126745	  0.051704
  0.007339	  0.049880	 -0.028490	 -0.010236	 -0.063572	 -0.036958	 -0.139026	 -0.012540	 -0.015619	 -0.095014	 -0.007854	  0.022270	 -0.063658	  0.131945	  0.048159
 -0.006729	 -0.009298	  0.009422	 -0.018693	  0.013152	 -0.016562	 -0.001626	 -0.020028	  0.028319	 -0.008132	  0.057657	  0.006203	 -0.062550	  0.037455	  0.010211
  0.020545	  0.043615	  0.014391	 -0.018177	  0.006961	 -0.019562	 -0.009375	 -0.015236	  0.040395	  0.009398	  0.065728	 -0.005751	 -0.072989	  0.042899	 -0.009151
  0.038474	  0.053877	  0.037993	 -0.012090	  0.033621	 -0.037692	 -0.002388	 -0.035014	  0.047320	  0.039358	  0.039714	 -0.008203	 -0.045085	  0.052825	  0.005615
  0.029565	  0.033457	  0.006731	 -0.026666	  0.028626	 -0.029939	 -0.000603	 -0.014836	 -0.001673	  0.043124	  0.013144	 -0.013814	 -0.003229	  0.056782	  0.016694
  0.025642	  0.038223	 -0.000692	 -0.005338	  0.036661	 -0.003786	  0.016471	 -0.006927	 -0.001349	  0.000484	 -0.001997	 -0.039231	  0.027111	  0.048871	  0.026944
  0.006290	  0.022752	  0.005174	 -0.012150	  0.032641	 -0.008527	  0.010893	 -0.001620	  0.012703	 -0.029846	 -0.015354	 -0.043528	  0.035776	  0.019153	  0.000544
  0.008557	  0.041729	  0.027496	 -0.019622	  0.018886	  0.019177	 -0.004419	 -0.018971	  0.028661	 -0.037318	 -0.008354	 -0.018024	  0.039457	  0.005894	 -0.009771
  0.004581	  0.025294	  0.003693	 -0.000963	 -0.003046	  0.030792	 -0.031561	 -0.012394	  0.022076	 -0.037317	 -0.004673	  0.003829	  0.035615	  0.021636	  0.082879
 -0.032358	 -0.001485	 -0.003058	  0.025439	 -0.003745	  0.005877	 -0.033802	 -0.011160	  0.011825	 -0.014280	 -0.014988	  0.038984	  0.094364	  0.027219	  0.172291
 -0.032799	 -0.009596	 -0.008083	  0.014568	  0.000953	 -0.036381	 -0.015896	 -0.014125	  0.019165	 -0.006184	 -0.011177	  0.045225	  0.095198	 -0.010261	  0.146258
 -0.003128	  0.009949	 -0.005088	 -0.000376	  0.001107	 -0.033911	 -0.003423	 -0.012659	 -0.015632	  0.009931	 -0.020273	 -0.027958	  0.007467	 -0.117224	 -0.105345
 -0.027407	 -0.005164	  0.008811	  0.007039	 -0.000825	 -0.004944	  0.005123	  0.007357	 -0.031206	  0.002390	 -0.038505	 -0.068497	 -0.073159	 -0.199342	 -0.303771
 -0.019816	 -0.050084	 -0.008638	  0.022996	 -0.001513	  0.017753	  0.029367	  0.020052	 -0.032673	  0.011426	 -0.020961	 -0.025686	 -0.059837	 -0.124997	 -0.189508
 -0.009362	 -0.027525	 -0.023021	  0.032567	  0.002749	  0.030819	  0.032274	  0.020013	 -0.012737	  0.042197	  0.026004	  0.042433	  0.074084	  0.102782	  0.188832
 -0.007821	 -0.030496	 -0.021712	  0.016897	 -0.021434	  0.028197	  0.020917	  0.025177	 -0.032469	  0.032104	  0.055263	  0.096595	  0.182966	  0.254443	  0.472566
 -0.010137	 -0.037692	 -0.017245	  0.020985	 -0.055873	  0.009056	  0.032837	  0.025750	 -0.035520	  0.003618	  0.035200	  0.072379	  0.139380	  0.190896	  0.320278
  0.000323	 -0.032427	 -0.018871	  0.011943	 -0.062835	  0.018164	  0.014575	  0.033870	 -0.036615	 -0.031105	 -0.026791	 -0.019136	 -0.080146	 -0.098974	 -0.233693
  0.011464	 -0.022630	 -0.005475	  0.003030	 -0.023826	  0.018544	  0.004791	 -0.001893	 -0.031349	 -0.026150	 -0.087862	 -0.070283	 -0.241345	 -0.326397	 -0.587579
  0.001237	 -0.025317	 -0.012123	 -0.014263	  0.014094	 -0.003588	 -0.021920	  0.004006	  0.000520	 -0.021605	 -0.066127	 -0.039430	 -0.165597	 -0.175710	 -0.316509
  0.002878	 -0.017181	  0.010296	 -0.027127	 -0.016356	  0.016513	 -0.042234	  0.028639	  0.020239	  0.017907	  0.024354	  0.073894	  0.072519	  0.192051	  0.312215
  0.010168	 -0.014664	  0.013652	 -0.030751	 -0.024158	  0.017664	 -0.045871	  0.043175	  0.061725	  0.071966	  0.090266	  0.130058	  0.255782	  0.391731	  0.657402
  0.026866	 -0.013101	  0.007161	 -0.012118	 -0.031270	  0.002666	 -0.047678	  0.037953	  0.022023	  0.058532	  0.039575	  0.078537	  0.168227	  0.223571	  0.329964
  0.049566	 -0.010875	 -0.030736	 -0.005038	 -0.021632	  0.025456	 -0.041940	  0.010622	 -0.006969	  0.049712	 -0.052363	 -0.032789	 -0.084128	 -0.177762	 -0.363089
  0.043395	 -0.016868	 -0.018228	 -0.014567	 -0.031030	  0.005093	 -0.044864	 -0.005513	 -0.029129	  0.016552	 -0.131377	 -0.138424	 -0.254111	 -0.401717	 -0.737699
  0.032119	  0.001003	 -0.014492	 -0.018219	 -0.043194	  0.027392	 -0.085453	  0.006139	 -0.018643	 -0.005616	 -0.112465	 -0.067767	 -0.171228	 -0.207370	 -0.426724
  0.011382	  0.018056	 -0.024945	 -0.007919	 -0.026181	  0.028976	 -0.075828	  0.037247	  0.015848	  0.041168	 -0.020605	  0.096487	  0.117694	  0.236960	  0.310191
  0.022997	  0.014988	 -0.021026	  0.004911	 -0.009845	  0.016426	 -0.031977	  0.042491	  0.043729	  0.069044	  0.075629	  0.219107	  0.316642	  0.537346	  0.786346
  0.029589	  0.012063	 -0.029045	  0.021045	  0.006807	  0.020467	 -0.003982	  0.049908	  0.049088	  0.048930	  0.043387	  0.176391	  0.237468	  0.403459	  0.556530
  0.022264	  0.022342	 -0.040487	  0.003167	  0.002360	  0.007250	 -0.012276	  0.034546	  0.033168	 -0.009318	 -0.080149	  0.006132	 -0.040242	 -0.038125	 -0.131464
  0.024582	  0.024891	 -0.045999	 -0.006711	 -0.011597	  0.011632	 -0.052460	  0.013592	 -0.016694	 -0.043775	 -0.145758	 -0.126932	 -0.267743	 -0.402365	 -0.641383
  0.049427	  0.024102	 -0.032807	 -0.008732	 -0.015665	 -0.011859	 -0.063489	  0.029247	 -0.021348	 -0.030662	 -0.137322	 -0.111047	 -0.200410	 -0.351029	 -0.492061
  0.057685	  0.025935	 -0.023949	 -0.014474	  0.000044	  0.001602	 -0.047093	  0.053136	  0.014754	  0.019549	 -0.001757	  0.054689	  0.038217	  0.085190	  0.184648
  0.045789	  0.023632	 -0.047796	 -0.026678	 -0.004986	  0.037556	 -0.016343	  0.083501	  0.043433	  0.062170	  0.081508	  0.206618	  0.256906	  0.487208	  0.761576
  0.041138	  0.013755	 -0.061919	 -0.013014	 -0.007770	  0.044216	 -0.011946	  0.105916	  0.032694	  0.089709	  0.093120	  0.226899	  0.254947	  0.436349	  0.719879
  0.035626	  0.009508	 -0.044931	 -0.008090	 -0.027215	  0.040382	 -0.021826	  0.096164	  0.002341	  0.054849	  0.023293	  0.053089	  0.001755	  0.017833	  0.056268
  0.063884	  0.029951	 -0.079546	 -0.003198	 -0.026426	  0.048532	 -0.050384	  0.071225	 -0.034306	 -0.008766	 -0.077323	 -0.112782	 -0.274507	 -0.372490	 -0.598466
  0.088488	  0.020962	 -0.089282	  0.001700	 -0.006980	  0.063399	 -0.065156	  0.062433	 -0.042213	 -0.057458	 -0.111309	 -0.092979	 -0.290604	 -0.381849	 -0.649884
  0.103030	 -0.011334	 -0.092018	  0.000181	 -0.007812	  0.080343	 -0.049323	  0.055154	 -0.005632	 -0.068266	 -0.067814	  0.029411	 -0.053261	  0.011639	 -0.061759
  0.093759	 -0.017794	 -0.062690	  0.008416	 -0.003858	  0.110281	 -0.021757	  0.075098	  0.039877	 -0.008377	  0.026212	  0.180608	  0.200092	  0.455817	  0.629943
  0.059861	 -0.019812	 -0.018000	  0.016770	 -0.006986	  0.061900	  0.003687	  0.081323	  0.053430	  0.035132	  0.057297	  0.263159	  0.252883	  0.517401	  0.727669
  0.054901	 -0.018266	 -0.011383	 -0.003919	 -0.020687	  0.031122	  0.012384	  0.089763	  0.039346	  0.027831	  0.015246	  0.145558	  0.060544	  0.165144	  0.150689
  0.044033	 -0.005070	 -0.010043	 -0.000389	 -0.012305	  0.003429	  0.008651	  0.062526	  0.035922	 -0.010939	 -0.058545	 -0.054884	 -0.218779	 -0.283943	 -0.553887
  0.043075	  0.016719	  0.000367	  0.021425	 -0.003097	  0.013399	  0.007744	  0.070833	 -0.004995	 -0.043077	 -0.097126	 -0.124924	 -0.296815	 -0.445243	 -0.743022
  0.027303	  0.009270	 -0.000467	 -0.004447	 -0.008933	  0.009970	  0.008439	  0.054329	 -0.001566	  0.007018	 -0.030069	 -0.014335	 -0.109657	 -0.122984	 -0.243235
  0.011447	  0.001055	 -0.005368	 -0.010484	  0.006622	  0.067037	  0.024867	  0.065899	  0.034420	  0.077654	  0.061628	  0.153923	  0.179437	  0.338804	  0.478593
  0.013897	  0.001448	 -0.005698	 -0.043839	  0.003467	  0.109537	  0.000917	  0.069793	  0.044523	  0.102361	  0.097699	  0.229577	  0.297630	  0.514967	  0.728641
  0.058375	 -0.019767	 -0.016257	 -0.065237	 -0.026792	  0.085464	  0.002941	  0.036340	  0.031425	  0.059454	  0.045401	  0.121547	  0.124546	  0.244683	  0.300307
  0.080144	 -0.018214	 -0.037332	 -0.056690	 -0.025589	  0.085059	  0.002384	 -0.002244	  0.003523	  0.001688	 -0.045042	 -0.027326	 -0.179599	 -0.203398	 -0.402396
  0.070675	 -0.027257	 -0.032702	 -0.046013	 -0.009442	  0.080042	 -0.045878	 -0.025829	  0.001008	 -0.032574	 -0.090073	 -0.132598	 -0.327063	 -0.426732	 -0.756194
  0.068365	 -0.020505	 -0.007040	 -0.055426	 -0.015648	  0.072747	 -0.060181	 -0.002954	  0.001085	 -0.007892	 -0.065783	 -0.053305	 -0.186375	 -0.200479	 -0.355355
  0.053410	 -0.026199	  0.010572	 -0.024879	 -0.010501	  0.076651	 -0.034031	  0.045933	  0.005529	  0.051263	  0.039337	  0.133999	  0.088348	  0.279321	  0.421698
  0.057314	 -0.024104	  0.003037	 -0.012278	 -0.013116	  0.069010	 -0.017369	  0.062378	  0.032130	  0.120523	  0.108732	  0.274827	  0.258316	  0.567019	  0.871609
  0.058767	 -0.011536	 -0.006667	 -0.008217	 -0.006530	  0.062975	 -0.037675	  0.051822	  0.013838	  0.125782	  0.071983	  0.244292	  0.178659	  0.402132	  0.608735
  0.037448	 -0.013261	 -0.012941	 -0.024309	 -0.017330	  0.067168	 -0.041549	  0.028963	 -0.039999	  0.056455	 -0.042322	  0.046542	 -0.085997	 -0.103821	 -0.155345
  0.033865	 -0.031507	 -0.017723	 -0.044294	 -0.035939	  0.062986	 -0.048555	  0.024682	 -0.031112	 -0.020802	 -0.151672	 -0.071507	 -0.269616	 -0.469950	 -0.711744
  0.038452	 -0.021261	 -0.013588	 -0.049925	 -0.027683	  0.062958	 -0.058462	  0.013642	  0.005839	 -0.046417	 -0.164106	 -0.047566	 -0.203093	 -0.383314	 -0.545702
  0.054990	 -0.027681	 -0.015174	 -0.048714	 -0.018119	  0.070057	 -0.047812	  0.032724	  0.047791	  0.008988	 -0.091883	  0.096368	  0.042115	  0.092001	  0.163848
  0.081116	 -0.050966	 -0.011705	 -0.047818	  0.000500	  0.081891	 -0.004298	  0.058409	  0.111758	  0.073255	  0.012577	  0.247199	  0.290465	  0.477737	  0.729312
  0.100487	 -0.053987	 -0.014651	 -0.026096	 -0.010842	  0.080942	  0.009740	  0.056487	  0.112525	  0.067823	  0.025211	  0.267307	  0.270227	  0.433762	  0.612810
  0.107337	 -0.060447	  0.001792	 -0.032935	 -0.009964	  0.075455	  0.026040	  0.019239	  0.071922	  0.007434	 -0.049223	  0.149852	  0.010049	  0.007317	 -0.073991
  0.093563	 -0.036661	  0.001411	 -0.064191	 -0.021983	  0.069831	  0.005138	 -0.016102	  0.015289	 -0.064041	 -0.125695	 -0.021009	 -0.274241	 -0.395984	 -0.694474
  0.057804	 -0.019192	  0.002079	 -0.064379	 -0.028151	  0.037618	 -0.019015	 -0.013158	 -0.014634	 -0.079112	 -0.121567	 -0.044262	 -0.336295	 -0.398115	 -0.679480
  0.034571	 -0.027976	 -0.004970	 -0.068971	 -0.027018	  0.034443	 -0.044405	  0.007939	  0.013467	 -0.054104	 -0.039835	  0.105601	 -0.088738	  0.011640	 -0.040387
  0.049235	 -0.054446	  0.003223	 -0.066293	 -0.010056	  0.052779	 -0.020849	  0.047244	  0.047323	  0.021201	  0.057408	  0.287888	  0.204690	  0.460194	  0.645386
  0.049657	 -0.045862	  0.027040	 -0.078442	  0.001231	  0.049962	  0.000552	  0.049988	  0.055945	  0.053880	  0.092280	  0.296488	  0.246797	  0.536910	  0.742923
  0.050863	 -0.035182	  0.004488	 -0.084131	 -0.023459	  0.052281	 -0.018899	  0.043426	  0.052281	  0.012871	  0.010380	  0.157831	  0.006697	  0.161950	  0.193002
  0.048592	 -0.035429	 -0.020509	 -0.084438	 -0.026720	  0.053809	 -0.015490	  0.034243	  0.016330	 -0.025162	 -0.081286	  0.001241	 -0.274323	 -0.311541	 -0.518609
  0.059378	 -0.023865	 -0.021699	 -0.098532	 -0.007919	  0.048811	 -0.033866	  0.058134	  0.006681	 -0.049978	 -0.123057	 -0.066560	 -0.354863	 -0.447260	 -0.717630
  0.074568	 -0.020475	 -0.016088	 -0.068923	  0.003635	  0.052973	 -0.035330	  0.084721	  0.004709	 -0.017444	 -0.049839	  0.048042	 -0.162170	 -0.166764	 -0.197488
  0.077746	 -0.012126	 -0.018973	 -0.054850	  0.003741	  0.066774	 -0.002945	  0.094491	  0.039832	  0.035085	  0.042749	  0.241884	  0.138602	  0.284903	  0.520305
  0.103471	 -0.004465	 -0.041981	 -0.036055	  0.025344	  0.076151	 -0.008700	  0.065541	  0.054092	  0.100090	  0.090244	  0.350877	  0.263617	  0.463754	  0.783410
  0.098233	 -0.023655	 -0.044863	 -0.056609	  0.015005	  0.078346	 -0.031108	  0.049529	  0.048064	  0.083377	  0.025887	  0.252912	  0.076863	  0.183347	  0.342307
  0.082488	  0.011532	 -0.043872	 -0.072434	 -0.003406	  0.067306	 -0.066523	  0.032269	  0.011042	  0.017656	 -0.093759	  0.058339	 -0.223905	 -0.266048	 -0.384353
  0.080371	  0.038692	 -0.042484	 -0.057425	  0.009952	  0.056948	 -0.086433	  0.009842	  0.002048	 -0.006350	 -0.164086	 -0.032474	 -0.377611	 -0.506901	 -0.735393
  0.082083	  0.027589	 -0.026046	 -0.038472	  0.021873	  0.069751	 -0.054655	  0.016306	  0.015103	  0.028416	 -0.107232	  0.034934	 -0.248043	 -0.296639	 -0.376942
  0.070625	 -0.019495	 -0.004490	 -0.005327	  0.015039	  0.069232	 -0.024505	  0.039355	  0.023484	  0.083872	 -0.000731	  0.178293	  0.060414	  0.183964	  0.388299
  0.062382	 -0.053331	 -0.006347	 -0.028072	  0.013242	  0.064939	 -0.027762	  0.040418	  0.061613	  0.124109	  0.059821	  0.277181	  0.274398	  0.511489	  0.828375
  0.057077	 -0.074499	 -0.016454	 -0.036693	  0.008597	  0.074767	 -0.026969	  0.049244	  0.062973	  0.086511	  0.043127	  0.232677	  0.158129	  0.366042	  0.561297
  0.049398	 -0.062401	 -0.029178	 -0.055833	  0.014480	  0.069674	 -0.048286	  0.019156	  0.035025	  0.010135	 -0.035422	  0.038756	 -0.134989	 -0.101648	 -0.195907
  0.068646	 -0.051905	 -0.029780	 -0.061979	  0.034221	  0.076898	 -0.067281	  0.001157	  0.003232	 -0.045234	 -0.131023	 -0.101064	 -0.323628	 -0.441800	 -0.750091
  0.061007	 -0.060761	 -0.009361	 -0.066983	  0.017466	  0.087023	 -0.066715	  0.044993	 -0.021616	 -0.045140	 -0.113845	 -0.046834	 -0.256883	 -0.338197	 -0.533595
  0.060391	 -0.072542	 -0.011146	 -0.048193	 -0.009910	  0.110081	 -0.054677	  0.058966	  0.000415	 -0.008596	  0.016125	  0.113903	  0.021172	  0.111875	  0.207326
  0.079598	 -0.089317	 -0.011789	 -0.048466	  0.002944	  0.101611	 -0.071180	  0.100518	  0.043114	  0.060971	  0.122799	  0.241196	  0.272408	  0.474794	  0.775507
  0.077218	 -0.071869	 -0.023966	 -0.034980	  0.007082	  0.075417	 -0.055416	  0.083877	  0.049404	  0.091598	  0.108920	  0.249940	  0.238467	  0.410513	  0.663730
  0.079854	 -0.046605	 -0.031820	 -0.037917	 -0.003739	  0.068741	 -0.047948	  0.046544	  0.034299	  0.064471	 -0.031338	  0.114832	 -0.041477	 -0.013663	 -0.024760
  0.077043	 -0.017028	 -0.042803	 -0.040765	  0.024943	  0.075532	 -0.063530	  0.049968	 -0.003780	  0.010488	 -0.112046	 -0.030875	 -0.274253	 -0.425070	 -0.672743
  0.080278	  0.007809	 -0.044300	 -0.033874	  0.000756	  0.089675	 -0.052343	  0.020694	  0.000580	 -0.017516	 -0.083489	 -0.030951	 -0.284289	 -0.444727	 -0.692315
  0.123735	  0.012552	 -0.033629	 -0.035590	 -0.006713	  0.110179	 -0.040542	  0.025864	  0.023173	  0.020854	 -0.023343	  0.109486	 -0.027843	 -0.043148	 -0.062059
  0.100410	 -0.014034	 -0.029590	 -0.028400	 -0.000400	  0.120244	 -0.053297	  0.023569	  0.049600	  0.050338	  0.072185	  0.259775	  0.244310	  0.393773	  0.610583
  0.049815	 -0.013510	 -0.023728	 -0.022444	 -0.021477	  0.130982	 -0.029442	  0.034925	  0.059837	  0.054050	  0.098460	  0.299720	  0.275822	  0.437305	  0.720220
  0.049179	  0.002975	  0.030243	 -0.004671	 -0.026061	  0.130619	 -0.005655	  0.028092	  0.034377	  0.014109	  0.038581	  0.173895	  0.033822	  0.040645	  0.186345
  0.047682	 -0.028592	  0.028348	 -0.004073	 -0.003751	  0.080680	 -0.009121	  0.010468	  0.020122	 -0.041110	 -0.069827	 -0.010234	 -0.255931	 -0.425394	 -0.526639
  0.040771	 -0.035637	  0.019734	 -0.015965	  0.018532	  0.044339	 -0.043156	  0.012057	  0.018420	 -0.078796	 -0.114534	 -0.119504	 -0.363788	 -0.513103	 -0.731668
  0.023846	 -0.017186	  0.017719	 -0.005306	  0.005310	  0.055636	 -0.070745	  0.064652	  0.013526	 -0.034398	 -0.054761	 -0.009589	 -0.152879	 -0.167140	 -0.221921
  0.050204	 -0.016753	  0.039795	 -0.005823	  0.021627	  0.054389	 -0.065772	  0.081642	  0.036317	  0.042327	  0.016740	  0.180595	  0.172105	  0.306430	  0.526603
  0.069605	 -0.022053	  0.055208	 -0.012568	  0.032748	  0.018449	 -0.057309	  0.069703	  0.037405	  0.055050	  0.078942	  0.261499	  0.313714	  0.474933	  0.803877
  0.084564	 -0.022814	  0.044590	 -0.034934	  0.024365	  0.020576	 -0.043955	  0.044896	  0.033518	  0.000676	  0.063468	  0.179657	  0.152795	  0.201933	  0.343156
  0.091400	 -0.016837	  0.030303	 -0.032709	 -0.000478	  0.030512	 -0.061238	  0.008536	  0.023324	 -0.034714	 -0.038430	  0.007778	 -0.168789	 -0.268395	 -0.410663
  0.103017	 -0.030179	  0.032444	 -0.047354	 -0.024845	  0.063894	 -0.063814	 -0.003359	  0.004260	 -0.047911	 -0.097066	 -0.065816	 -0.319872	 -0.500085	 -0.767214
  0.096655	 -0.044541	  0.030424	 -0.015767	 -0.010024	  0.058592	 -0.058715	 -0.000889	  0.038191	 -0.054663	 -0.075754	 -0.001213	 -0.174983	 -0.264525	 -0.406667
  0.073402	 -0.050956	  0.015554	  0.023331	  0.023973	  0.069010	 -0.081587	  0.025938	  0.054608	 -0.027209	  0.018051	  0.163439	  0.115432	  0.224739	  0.342019
  0.070799	 -0.036238	 -0.004049	 -0.011858	  0.049824	  0.082873	 -0.074324	  0.034274	  0.081264	  0.005742	  0.082437	  0.276423	  0.326290	  0.514976	  0.770665
  0.100091	 -0.047052	 -0.015700	 -0.026928	  0.071151	  0.100532	 -0.041250	  0.037372	  0.068715	  0.012201	  0.039131	  0.232640	  0.248480	  0.353464	  0.503419
  0.133002	 -0.035495	 -0.002480	 -0.043251	  0.054782	  0.095280	 -0.048728	  0.057161	  0.070639	 -0.056213	 -0.065150	  0.057343	 -0.067258	 -0.097880	 -0.224804
  0.107912	 -0.030151	 -0.002270	 -0.061147	  0.057344	  0.086270	 -0.033398	  0.057853	  0.079716	 -0.097773	 -0.155854	 -0.089673	 -0.265216	 -0.441276	 -0.758291
  0.098864	 -0.021435	 -0.001329	 -0.068362	  0.023825	  0.079742	 -0.020043	  0.072358	  0.054820	 -0.114113	 -0.130147	 -0.055317	 -0.210322	 -0.339665	 -0.567920
  0.120347	 -0.008216	  0.014487	 -0.042661	 -0.004269	  0.089887	 -0.026969	  0.068239	  0.050117	 -0.025538	 -0.017662	  0.116166	  0.062008	  0.098012	  0.133994
  0.127344	  0.004768	  0.041470	 -0.053424	 -0.004702	  0.102606	 -0.019162	  0.088819	  0.063382	  0.046409	  0.104849	  0.256692	  0.271733	  0.457211	  0.752916
  0.104664	  0.012170	  0.020349	 -0.056632	 -0.002916	  0.099426	 -0.005054	  0.105752	  0.044621	  0.034826	  0.082424	  0.264767	  0.241078	  0.398918	  0.686294
  0.104950	  0.000441	 -0.003958	 -0.039556	 -0.011380	  0.093194	 -0.043702	  0.099586	  0.010264	 -0.004327	  0.000869	  0.103388	  0.018448	 -0.030022	 -0.003662
  0.119530	 -0.002592	 -0.014385	 -0.045515	 -0.007822	  0.078052	 -0.054523	  0.057827	 -0.004063	 -0.053879	 -0.118054	 -0.064363	 -0.262345	 -0.448956	 -0.640887
  0.100235	 -0.014753	 -0.015719	 -0.000323	  0.011997	  0.050210	 -0.031972	  0.032258	  0.009461	 -0.073701	 -0.141281	 -0.088202	 -0.265232	 -0.443087	 -0.633776
  0.100480	 -0.014710	 -0.011871	 -0.009718	  0.020277	  0.014595	 -0.033176	  0.040964	  0.014973	 -0.051126	 -0.072148	  0.053917	 -0.029651	 -0.006211	 -0.007795
  0.067062	 -0.018653	  0.005684	 -0.023601	  0.040656	  0.006585	 -0.020127	  0.055690	  0.029805	 -0.006162	  0.036568	  0.241761	  0.225331	  0.403486	  0.647656
  0.067251	  0.000051	  0.015783	 -0.025128	  0.036896	  0.015185	 -0.030859	  0.062278	  0.077145	  0.022105	  0.083874	  0.286975	  0.252208	  0.432193	  0.755659
  0.068458	  0.004798	  0.014560	 -0.023941	  0.023960	  0.010998	 -0.039656	  0.038827	  0.090862	 -0.007808	  0.007132	  0.142771	  0.052049	  0.041774	  0.149623
  0.079403	 -0.001434	  0.010375	 -0.002614	  0.041160	 -0.004155	 -0.050789	  0.010838	  0.069008	 -0.041067	 -0.109310	 -0.035648	 -0.206303	 -0.395403	 -0.560808
  0.076419	 -0.012544	 -0.024930	  0.013223	  0.048368	  0.010786	 -0.057891	 -0.011516	  0.026829	 -0.061282	 -0.133871	 -0.091549	 -0.251806	 -0.445676	 -0.670877
  0.048188	 -0.037083	 -0.033130	  0.009643	  0.048276	  0.015904	 -0.064321	  0.007210	  0.019173	 -0.027280	 -0.068104	  0.013183	 -0.044774	 -0.092083	 -0.121035
  0.055366	 -0.001288	 -0.028081	 -0.013253	  0.027172	  0.027433	 -0.069362	  0.022766	  0.043196	  0.002332	  0.045052	  0.162158	  0.158512	  0.296374	  0.470996
  0.046364	 -0.000407	 -0.031895	 -0.030026	  0.002338	  0.023578	 -0.065814	  0.050436	  0.046883	 -0.006486	  0.087604	  0.181925	  0.189864	  0.345153	  0.546526
  0.050616	 -0.000059	 -0.029097	 -0.024826	 -0.008846	  0.014852	 -0.046969	  0.061518	  0.014397	 -0.016489	  0.024442	  0.094781	  0.011887	  0.080283	  0.127530
  0.081196	  0.001722	 -0.022406	 -0.022523	  0.004049	 -0.018776	 -0.065279	  0.043249	 -0.006290	 -0.041064	 -0.072042	  0.007708	 -0.173611	 -0.222048	 -0.303759
  0.095933	  0.015488	 -0.032775	 -0.022571	  0.024828	 -0.026829	 -0.114054	  0.021440	 -0.000770	 -0.053946	 -0.108753	 -0.010825	 -0.195943	 -0.276188	 -0.332405
  0.105906	  0.019701	 -0.016952	 -0.026583	  0.063825	 -0.023748	 -0.087111	  0.028145	  0.017980	 -0.048965	 -0.096911	  0.048816	 -0.043213	 -0.026603	  0.003171
  0.088589	  0.015495	 -0.002467	 -0.026781	  0.051597	 -0.004789	 -0.069944	  0.028914	  0.020202	 -0.018239	 -0.048547	  0.130691	  0.078093	  0.209359	  0.344386
  0.094915	 -0.011030	 -0.009334	 -0.010983	  0.040280	 -0.005207	 -0.069236	  0.011638	  0.027412	  0.008069	 -0.007110	  0.171211	  0.091506	  0.205311	  0.341951
  0.081347	 -0.004654	 -0.008977	 -0.004547	  0.030290	 -0.024914	 -0.072150	  0.013500	  0.041456	  0.002834	 -0.055825	  0.110372	  0.013260	  0.015132	  0.052210
  0.067908	 -0.003076	  0.023922	 -0.018500	  0.012302	 -0.009719	 -0.074196	  0.016627	  0.047927	  0.000988	 -0.113720	  0.038158	 -0.101771	 -0.167422	 -0.248268
  0.093329	 -0.028424	  0.049938	 -0.006271	  0.036750	  0.014796	 -0.084156	  0.028883	  0.027893	  0.012321	 -0.141172	  0.013842	 -0.137854	 -0.216127	 -0.267403
  0.103476	  0.005413	  0.031101	  0.004626	  0.049247	 -0.000196	 -0.067690	  0.034310	  0.014418	  0.023097	 -0.121632	  0.020628	 -0.080650	 -0.147772	 -0.065661
  0.116485	 -0.015759	  0.036635	 -0.003413	  0.033950	 -0.005765	 -0.062413	  0.048713	 -0.005830	  0.044883	 -0.092063	  0.049550	  0.021304	 -0.027848	  0.181336
  0.120292	 -0.023409	  0.027045	 -0.003638	 -0.012646	  0.016568	 -0.075854	  0.056403	 -0.006977	  0.019134	 -0.085181	  0.074793	  0.075661	  0.045517	  0.325852
  0.139855	 -0.012216	  0.024026	 -0.004156	 -0.036029	  0.009977	 -0.073371	  0.029461	  0.019318	 -0.002051	 -0.091762	  0.054860	  0.081405	  0.036047	  0.246535
  0.151215	  0.010187	  0.018495	  0.022665	 -0.025317	  0.013674	 -0.061971	  0.020830	  0.021009	 -0.018540	 -0.105809	  0.023801	  0.017488	 -0.027226	  0.051332
  0.148816	  0.018769	  0.033941	  0.011686	  0.005703	  0.008443	 -0.021159	  0.001614	  0.034698	 -0.033783	 -0.081119	  0.015189	 -0.036942	 -0.052606	 -0.060160
  0.133356	  0.025393	  0.022110	  0.022984	  0.021487	 -0.008387	 -0.009495	 -0.018273	  0.067572	 -0.055574	 -0.050833	 -0.004049	 -0.005215	 -0.028906	 -0.046666
  0.094374	  0.024749	  0.062728	  0.017627	  0.008131	 -0.005112	 -0.010444	 -0.002769	  0.076666	 -0.023241	 -0.022768	  0.017537	  0.035386	  0.020566	  0.033457
  0.079444	  0.001421	  0.061545	  0.000303	  0.014939	 -0.006052	 -0.049389	  0.025738	  0.072343	 -0.015905	 -0.002371	  0.051002	  0.028463	  0.041830	  0.123796
  0.115523	 -0.006727	  0.034919	 -0.002267	  0.015549	  0.005525	 -0.046033	  0.038846	  0.040718	 -0.064283	 -0.013632	  0.030918	  0.013767	  0.015261	  0.127800
  0.122668	  0.006574	  0.013123	 -0.017673	  0.019302	 -0.023086	 -0.034419	  0.037690	  0.028238	 -0.085842	 -0.041788	  0.000480	 -0.023194	 -0.039791	  0.060171
  0.127276	 -0.021716	  0.012103	 -0.026356	  0.024157	 -0.025526	 -0.036345	  0.045926	  0.021301	 -0.114165	 -0.102720	  0.010391	 -0.053659	 -0.082635	 -0.029111
  0.111786	 -0.003520	  0.008707	 -0.016315	  0.024520	  0.004225	 -0.060047	  0.043494	  0.023218	 -0.123139	 -0.120942	  0.025232	 -0.070093	 -0.087992	 -0.050250
  0.091917	  0.026998	  0.003805	 -0.012073	  0.028037	  0.037159	 -0.056120	  0.056646	  0.042046	 -0.119255	 -0.133968	  0.019505	 -0.049379	 -0.049973	 -0.004348
  0.062714	  0.008703	  0.013200	  0.014337	 -0.013598	  0.041932	 -0.050495	  0.050234	  0.020099	 -0.094432	 -0.130264	  0.032993	 -0.032258	  0.007730	  0.039534
  0.065957	  0.001542	  0.006038	  0.027997	 -0.048701	  0.029796	 -0.035697	  0.025003	  0.018911	 -0.057952	 -0.092633	  0.060272	  0.001217	  0.016407	  0.070700
  0.095521	 -0.017382	  0.017140	  0.022020	 -0.035806	  0.006019	 -0.024588	  0.007279	  0.013921	 -0.058658	 -0.085300	  0.062939	  0.000086	 -0.005539	  0.053643
  0.083530	 -0.022299	  0.009751	  0.010019	 -0.010467	 -0.007122	 -0.053705	  0.001040	  0.036323	 -0.087888	 -0.079720	  0.047171	 -0.019056	 -0.011739	 -0.003231
  0.073149	 -0.030951	 -0.032412	  0.016119	  0.017729	 -0.005545	 -0.072651	  0.006068	  0.038732	 -0.103367	 -0.067015	  0.015455	 -0.011471	 -0.035132	 -0.018929
  0.091064	 -0.028323	 -0.026898	 -0.005838	  0.003154	  0.016193	 -0.076083	  0.020886	  0.045157	 -0.075374	 -0.067046	  0.035931	 -0.009256	 -0.041644	  0.018787
  0.113466	 -0.026201	 -0.020920	 -0.006807	  0.005297	  0.003264	 -0.074677	  0.030130	  0.044514	 -0.050803	 -0.047480	  0.025103	 -0.010339	 -0.021323	  0.101165
  0.102219	 -0.008478	 -0.025867	 -0.014280	  0.017855	 -0.004575	 -0.067001	  0.026802	  0.038696	 -0.051271	 -0.060969	  0.000602	 -0.018491	 -0.019643	  0.142695
  0.086591	 -0.035635	 -0.004886	 -0.011352	  0.017169	 -0.020714	 -0.050582	  0.029420	  0.033345	 -0.063833	 -0.065975	 -0.013927	  0.015305	 -0.031161	  0.125946
  0.109535	 -0.041272	 -0.007975	 -0.020994	  0.007973	 -0.021723	 -0.052291	  0.031503	  0.035458	 -0.092279	 -0.051837	 -0.034617	  0.004057	 -0.032704	  0.055045
  0.128736	 -0.041489	 -0.013333	 -0.015541	  0.013593	 -0.001271	 -0.064417	  0.048198	  0.022423	 -0.091395	 -0.034287	 -0.011901	  0.015573	 -0.025880	  0.023558
  0.128681	 -0.037854	 -0.030114	 -0.013482	  0.016894	 -0.004459	 -0.061909	  0.056206	  0.014219	 -0.075312	 -0.029350	  0.016046	 -0.004762	 -0.002485	  0.039474
  0.129685	 -0.039601	 -0.036674	 -0.005078	 -0.002876	 -0.013890	 -0.052437	  0.053011	  0.031881	 -0.055316	 -0.036435	  0.033066	 -0.010265	  0.015079	  0.056167
  0.122154	 -0.058443	 -0.012008	  0.007159	 -0.003741	 -0.000972	 -0.051814	  0.018892	  0.034165	 -0.057972	 -0.042005	  0.018494	 -0.018711	  0.028428	  0.079942
  0.082459	 -0.062759	 -0.013800	 -0.008802	  0.009923	 -0.000905	 -0.022628	  0.001246	  0.019608	 -0.059912	 -0.064396	 -0.003687	 -0.009881	  0.031977	  0.084798
  0.082562	 -0.054574	 -0.043879	  0.005326	  0.008615	 -0.044500	 -0.006893	 -0.002103	  0.024808	 -0.066928	 -0.027248	 -0.020385	 -0.011334	  0.023053	  0.069026
  0.085847	 -0.059605	 -0.031776	  0.008591	  0.039781	 -0.071174	 -0.023908	  0.018755	  0.021565	 -0.074710	 -0.025034	 -0.012236	 -0.010369	 -0.001465	  0.037937
  0.088688	 -0.085122	 -0.006647	  0.012573	  0.047678	 -0.064695	 -0.041226	  0.021442	  0.010215	 -0.073952	 -0.024588	 -0.001648	 -0.014724	  0.002769	  0.052662
  0.099013	 -0.076650	 -0.006032	  0.011841	  0.027788	 -0.065493	 -0.055730	  0.000154	  0.005333	 -0.066100	 -0.022727	  0.005804	 -0.020627	  0.012163	  0.062341
  0.113133	 -0.043928	  0.029160	  0.014403	  0.028758	 -0.080768	 -0.070543	  0.018178	  0.010098	 -0.052758	 -0.045272	  0.023136	 -0.028093	  0.022411	  0.068247
  0.108460	 -0.040658	  0.042325	  0.022090	  0.050408	 -0.045399	 -0.041657	  0.007453	  0.027667	 -0.089945	 -0.059068	  0.039699	 -0.038442	  0.020372	  0.036958
  0.105462	 -0.026574	  0.040220	 -0.001828	  0.058798	 -0.001595	 -0.028792	 -0.011514	  0.020063	 -0.090230	 -0.049511	  0.006159	 -0.020389	 -0.005015	  0.027561
  0.125925	 -0.008554	  0.038701	 -0.007660	  0.065822	  0.021045	 -0.014487	  0.019715	  0.029272	 -0.094733	 -0.054783	 -0.019785	 -0.016173	 -0.023287	  0.029427
  0.126370	  0.018563	  0.033601	 -0.024202	  0.090269	 -0.008046	  0.023739	  0.018788	  0.042799	 -0.094252	 -0.024942	 -0.022429	 -0.031993	 -0.047412	  0.060816
  0.153371	  0.008909	  0.034362	  0.004938	  0.063930	 -0.017756	  0.008574	  0.018854	  0.036419	 -0.087156	 -0.034471	 -0.008112	 -0.036999	 -0.072218	  0.071131
  0.123740	  0.010191	  0.018311	  0.022552	  0.033395	 -0.029559	 -0.014246	  0.017158	  0.002854	 -0.066783	 -0.073034	  0.029038	 -0.024782	 -0.065297	  0.069069
  0.095543	  0.000809	  0.020510	  0.025641	  0.010788	 -0.050796	 -0.002299	  0.030297	 -0.003213	 -0.033237	 -0.086724	  0.052709	 -0.040856	 -0.058304	  0.082790
  0.083546	 -0.021510	  0.034980	  0.037692	  0.005786	 -0.059272	  0.007316	  0.057433	  0.019749	 -0.051513	 -0.082177	  0.026493	 -0.044263	 -0.036931	  0.097529
  0.087450	 -0.021092	  0.043657	  0.031369	  0.011741	 -0.053415	 -0.008159	  0.049170	 -0.002689	 -0.035911	 -0.045063	  0.009665	 -0.023515	 -0.027103	  0.115672
  0.082752	 -0.059221	  0.042114	  0.050841	  0.039032	 -0.049748	  0.000561	  0.031482	 -0.021482	 -0.015520	 -0.026217	  0.013689	 -0.024924	 -0.031683	  0.076302
  0.077967	 -0.086424	  0.030152	  0.049142	  0.011984	 -0.044440	 -0.050301	  0.035529	  0.008304	 -0.042774	  0.001039	  0.033587	 -0.025109	 -0.001843	  0.071519
  0.105836	 -0.113414	  0.026329	  0.042851	 -0.005725	 -0.036054	 -0.061974	  0.034589	  0.011090	 -0.049743	 -0.002333	  0.039723	  0.003269	 -0.028600	  0.094623
  0.118585	 -0.095380	  0.009376	  0.052019	  0.005448	 -0.029706	 -0.035262	  0.037096	  0.014331	 -0.043657	 -0.023369	  0.038049	  0.010502	 -0.003827	  0.103718
  0.107833	 -0.089650	 -0.033101	  0.047785	 -0.006611	 -0.019582	 -0.053273	  0.035752	  0.019170	 -0.043370	 -0.039042	  0.017913	  0.011949	  0.022138	  0.092473
  0.106738	 -0.083224	 -0.044037	  0.025713	 -0.008723	 -0.012098	 -0.042933	  0.035601	  0.035696	 -0.051089	 -0.026328	  0.016892	 -0.017056	  0.008438	  0.095772
  0.102593	 -0.082323	 -0.043797	 -0.002416	  0.002056	 -0.012378	 -0.026328	  0.011046	  0.002345	 -0.030268	 -0.043482	  0.024229	 -0.037899	 -0.021116	  0.088639
  0.089323	 -0.074211	 -0.030319	 -0.029934	  0.003310	 -0.013960	 -0.015246	 -0.007360	 -0.035731	 -0.037284	 -0.072274	  0.014017	 -0.027835	 -0.030009	  0.064689
  0.087145	 -0.063130	 -0.025916	 -0.015902	  0.028389	  0.002238	 -0.007104	  0.003432	 -0.044739	 -0.034011	 -0.067916	 -0.010161	 -0.026639	 -0.046842	  0.074478
  0.076278	 -0.044604	 -0.016899	 -0.001030	  0.019064	 -0.009755	 -0.021338	  0.022830	 -0.028401	 -0.017866	 -0.062295	  0.002642	 -0.028459	 -0.057123	  0.046188
  0.086133	 -0.032589	 -0.023619	  0.004834	  0.011239	  0.005190	 -0.041094	  0.044437	 -0.026779	 -0.048045	 -0.073732	 -0.003470	 -0.037555	 -0.015619	  0.043947
  0.088092	 -0.034431	 -0.012440	  0.004717	  0.024479	 -0.003394	 -0.063585	  0.047344	 -0.053692	 -0.059263	 -0.085840	 -0.022366	 -0.036391	 -0.027275	  0.062500
  0.081242	 -0.045974	 -0.007825	 -0.011184	  0.011875	  0.013870	 -0.075373	  0.061638	 -0.043895	 -0.064527	 -0.065985	 -0.035571	 -0.040444	 -0.052782	  0.074117
  0.090984	 -0.067732	 -0.010119	 -0.033031	  0.025974	  0.020838	 -0.056618	  0.076541	  0.008292	 -0.062589	 -0.062447	 -0.026631	 -0.007938	 -0.051407	  0.101689
  0.068029	 -0.062215	 -0.013399	 -0.035653	  0.024523	  0.000396	 -0.031235	  0.070674	  0.027040	 -0.033257	 -0.061033	 -0.004308	  0.013233	 -0.043477	  0.105027
  0.086503	 -0.059703	 -0.019625	 -0.053401	  0.048061	 -0.001857	 -0.062086	  0.076710	  0.002251	 -0.011334	 -0.054574	  0.007522	 -0.003942	 -0.022167	  0.065219
  0.097055	 -0.045442	 -0.019791	 -0.035843	  0.033689	 -0.010019	 -0.067667	  0.048330	 -0.018846	 -0.036360	 -0.045545	 -0.001171	 -0.009249	 -0.003207	  0.070733
  0.114497	 -0.034353	 -0.028960	 -0.019117	  0.022113	  0.008623	 -0.061417	  0.022082	 -0.012683	 -0.022220	 -0.034389	 -0.015608	 -0.033760	 -0.004636	  0.078203
  0.113221	 -0.031537	 -0.024772	  0.001710	  0.047858	  0.030675	 -0.036980	  0.027108	 -0.015284	 -0.019793	 -0.012356	 -0.036364	 -0.051815	 -0.009093	  0.078650
  0.114265	 -0.003307	 -0.027820	 -0.008639	  0.054570	  0.012459	 -0.048118	  0.033779	 -0.022467	 -0.058795	 -0.018761	 -0.048557	 -0.027482	  0.007759	  0.075279
  0.091060	 -0.001938	 -0.036104	 -0.025591	  0.039676	  0.010271	 -0.035296	  0.038931	 -0.015072	 -0.078938	 -0.046428	 -0.025974	 -0.017609	  0.012847	  0.084082
  0.088854	 -0.001696	 -0.042799	 -0.019155	  0.013470	 -0.001873	 -0.030146	  0.010440	 -0.031367	 -0.061649	 -0.006448	  0.003324	 -0.038706	 -0.013323	  0.085458
  0.134881	 -0.027853	 -0.020937	 -0.012779	  0.015265	  0.009400	 -0.023582	 -0.020308	 -0.030411	 -0.049625	  0.000065	  0.018143	 -0.041681	 -0.023123	  0.060999
  0.139494	 -0.068597	 -0.005554	  0.006333	  0.001051	  0.014930	 -0.027505	 -0.007261	 -0.024718	 -0.027018	 -0.020812	  0.004601	 -0.027934	 -0.045286	  0.078467
  0.120126	 -0.076225	 -0.001524	  0.021446	 -0.006600	  0.026925	 -0.042076	  0.000111	 -0.024617	 -0.019313	 -0.005999	  0.019098	  0.012292	 -0.055849	  0.095464
  0.090981	 -0.071848	 -0.018307	  0.022479	 -0.001520	  0.032430	 -0.007302	  0.000304	 -0.001439	 -0.050682	  0.013291	  0.044482	  0.002410	 -0.074320	  0.084467
  0.090732	 -0.062691	 -0.029016	  0.027495	  0.000603	  0.001385	 -0.009137	  0.004430	  0.006549	 -0.045269	 -0.009270	  0.059987	 -0.032680	 -0.069614	  0.072706
  0.074947	 -0.076914	 -0.027362	  0.002879	  0.008199	  0.007430	  0.006053	  0.021639	 -0.026771	 -0.027985	 -0.009449	  0.072191	 -0.022996	 -0.053154	  0.065698
  0.078349	 -0.079751	 -0.024994	  0.010896	  0.023190	  0.011397	  0.010550	  0.021212	 -0.015543	 -0.017108	 -0.006920	  0.079180	 -0.037444	 -0.009540	  0.046018
  0.073444	 -0.077631	  0.001715	  0.017522	  0.028152	  0.003909	  0.028247	  0.027396	  0.023618	 -0.006730	 -0.011827	  0.083544	 -0.036444	 -0.010777	  0.035236
  0.057472	 -0.065365	  0.005402	  0.011100	  0.037304	  0.024348	 -0.001479	  0.056151	  0.038882	 -0.041443	 -0.021276	  0.061665	 -0.051405	 -0.058146	  0.031348
  0.070592	 -0.052507	 -0.027285	  0.043254	  0.029336	  0.007013	 -0.024368	  0.029968	  0.037107	 -0.051059	 -0.031098	  0.015229	 -0.058922	 -0.041292	  0.037396
  0.063792	 -0.032486	 -0.044755	  0.049429	  0.008671	  0.016918	 -0.036130	  0.013765	  0.057829	 -0.048897	 -0.011007	  0.004679	 -0.013927	 -0.044191	  0.037949
  0.042204	 -0.021645	 -0.044340	  0.054950	  0.028610	  0.029253	 -0.053108	  0.045030	  0.035143	 -0.040850	  0.006486	  0.007615	 -0.017688	 -0.030720	  0.022761
  0.058217	 -0.025241	 -0.032679	  0.068335	  0.047731	  0.029316	 -0.073544	  0.038538	  0.015524	 -0.015739	 -0.005026	 -0.000610	 -0.026590	 -0.024624	  0.045321
  0.102098	 -0.051372	 -0.034410	  0.050272	  0.051226	  0.007568	 -0.054142	  0.033421	  0.023944	 -0.017097	 -0.011956	  0.018850	 -0.029580	 -0.040961	  0.044926
  0.135732	 -0.054668	 -0.029651	  0.023884	  0.059779	 -0.005639	 -0.045350	  0.021322	  0.012927	 -0.033125	 -0.026314	  0.039848	 -0.036374	 -0.073349	  0.048727
  0.136511	 -0.032738	 -0.013469	  0.011901	  0.026708	 -0.000718	 -0.065540	  0.023598	  0.026805	 -0.026148	 -0.035012	  0.052035	 -0.033049	 -0.084854	  0.054642
  0.126701	 -0.050329	 -0.029988	  0.003470	  0.028281	 -0.007822	 -0.074727	  0.041518	  0.013431	 -0.045380	 -0.028846	  0.042515	 -0.001295	 -0.094794	  0.051903
  0.123915	 -0.035246	 -0.045918	 -0.000130	  0.019849	 -0.011110	 -0.073150	  0.049195	  0.014584	 -0.036160	 -0.013291	  0.041453	 -0.007203	 -0.089859	  0.075361
