:RUN-2	LEVEL SWEEP	TEMP:NaN	2/15/2024	3:50 PM	HR:NaN:SW EAR: L	SW FREQ: 8.00	# AVERAGES: 512	REP RATE (/sec): 39	DRIVER: 	SAMPLE (µsec): 40	MASKER dB: 0:Threshold: 32.0:NOTES-:CHAMBER-Bach:Avgs: 512;512;512;512;512;512;512;512;512;512;512;512;512;512;512;512;512
:Tries: 594;573;569;578;578;580;593;585;583;590;594;568;593;584;589;587;579
:Log: :Vary signal level: TRUE :Control: NaN:CFTS Version: V2.37.2 (R3379):LEVELS:20;25;30;35;40;45;50;55;60;65;70;75;80;85;90;95;100;:DATA  0.026864	  0.023622	  0.000585	  0.028668	 -0.045687	  0.012234	  0.007773	 -0.017446	  0.015960	  0.043276	  0.026576	  0.033662	  0.010613	  0.005215	  0.019172	 -0.000101	  0.037459
  0.008318	  0.040330	 -0.005601	  0.038402	 -0.030198	  0.018889	  0.006320	 -0.001088	  0.029775	  0.005048	  0.040373	  0.028782	  0.022034	  0.003047	  0.020213	  0.009163	  0.057259
  0.006888	  0.025231	  0.000547	  0.016926	 -0.008270	  0.002928	  0.018647	  0.021439	  0.018892	  0.003927	  0.025264	  0.014427	  0.037363	 -0.015888	  0.007774	  0.040836	  0.059091
 -0.002441	  0.000469	  0.028709	  0.010716	 -0.004181	  0.012332	  0.012738	  0.019552	  0.014271	  0.002771	 -0.012075	  0.019246	  0.036856	 -0.015602	  0.005017	  0.046762	  0.057308
  0.005007	  0.028024	  0.037850	 -0.000385	 -0.005679	  0.004734	  0.021399	  0.013749	 -0.000820	 -0.007207	 -0.009724	  0.011399	  0.021032	 -0.020520	 -0.005711	  0.052023	  0.058978
  0.006057	  0.026549	  0.018201	  0.010799	 -0.015336	 -0.005726	  0.011102	  0.014461	  0.000378	 -0.013403	 -0.025079	  0.010380	  0.011769	 -0.009920	  0.018040	  0.059381	  0.061373
  0.005647	  0.020191	 -0.004813	 -0.005968	 -0.019822	 -0.013696	 -0.003261	  0.008438	  0.006639	  0.021821	 -0.014348	  0.001186	  0.018554	 -0.001853	  0.027095	  0.073636	  0.043202
  0.016140	 -0.012814	  0.004214	 -0.000937	 -0.005178	 -0.018471	 -0.017344	 -0.019587	  0.006864	  0.025792	  0.014727	  0.003512	  0.008224	  0.038791	  0.030028	  0.065158	  0.022330
 -0.019154	 -0.025924	  0.009995	  0.003972	  0.002920	 -0.002499	 -0.022751	 -0.018361	  0.001132	  0.029839	 -0.007601	  0.023771	  0.035024	  0.048759	  0.028437	  0.036600	  0.003243
 -0.022050	 -0.022008	  0.025440	  0.000943	  0.024647	  0.003212	 -0.044227	 -0.023499	 -0.001757	  0.022728	  0.003210	  0.021651	  0.053114	  0.014828	  0.026867	  0.044468	 -0.011137
 -0.005783	 -0.032507	  0.029294	 -0.005383	  0.007044	  0.006997	 -0.041951	 -0.024429	 -0.023531	  0.010126	  0.012371	 -0.005000	  0.047665	 -0.013610	  0.027079	  0.043729	 -0.000788
 -0.007684	 -0.043625	  0.030428	 -0.003770	 -0.011024	  0.011539	 -0.021752	  0.004296	 -0.039924	  0.000008	  0.000853	  0.008306	  0.028409	 -0.018968	  0.031605	  0.021947	  0.015434
 -0.012607	 -0.003721	 -0.005003	  0.004998	  0.004219	  0.020292	 -0.028308	  0.002243	 -0.026390	 -0.009802	 -0.005908	 -0.006258	  0.008619	  0.016251	  0.053603	  0.030691	  0.012357
 -0.020987	 -0.006275	 -0.012401	  0.003490	  0.011568	  0.009968	  0.003496	  0.001829	 -0.012275	 -0.008147	 -0.013972	 -0.021835	  0.000922	  0.021219	  0.030422	  0.015069	  0.018615
 -0.042178	 -0.012763	 -0.032925	 -0.002742	  0.041047	 -0.002475	 -0.003616	  0.002441	 -0.006740	 -0.022851	 -0.024630	 -0.025675	 -0.021428	  0.012101	  0.001388	 -0.002799	  0.011342
 -0.008806	 -0.010087	 -0.019638	 -0.032957	  0.058685	  0.001333	  0.011594	  0.009353	  0.002026	 -0.005129	 -0.010172	 -0.018577	 -0.040596	 -0.001409	 -0.010834	 -0.042737	 -0.015067
  0.004059	  0.003404	 -0.012988	 -0.032245	  0.022513	 -0.009415	  0.015366	  0.018170	  0.007345	 -0.015003	  0.012872	  0.002950	 -0.039555	  0.016861	 -0.055706	 -0.092796	 -0.071947
  0.021640	  0.017007	 -0.025084	 -0.005637	 -0.013562	 -0.010019	  0.021559	  0.006949	  0.003459	 -0.030115	  0.006423	 -0.011238	 -0.073307	  0.007376	 -0.077779	 -0.111052	 -0.095284
  0.029354	 -0.005429	 -0.021468	  0.001766	 -0.022718	 -0.025547	  0.036006	 -0.002337	  0.011575	 -0.041334	 -0.010234	 -0.037143	 -0.080091	 -0.030977	 -0.077495	 -0.141911	 -0.115257
  0.011717	 -0.009674	 -0.045343	 -0.030656	  0.009012	 -0.016610	  0.017210	 -0.016173	 -0.006876	 -0.012345	 -0.008924	 -0.053547	 -0.085222	 -0.055700	 -0.099217	 -0.148067	 -0.148510
  0.022582	 -0.001475	 -0.042393	 -0.040042	  0.009958	 -0.008094	  0.022113	 -0.016749	 -0.030733	 -0.003540	  0.012397	 -0.049722	 -0.093970	 -0.078366	 -0.093189	 -0.140654	 -0.172117
  0.031404	  0.003014	 -0.030948	 -0.049884	 -0.032329	 -0.040795	  0.038188	 -0.016417	 -0.049935	 -0.009482	  0.020641	 -0.086766	 -0.082799	 -0.098549	 -0.097427	 -0.130293	 -0.183065
  0.045516	 -0.007224	 -0.010472	 -0.058591	 -0.049358	 -0.038785	  0.019000	 -0.067412	 -0.049116	 -0.001409	  0.026482	 -0.105765	 -0.099622	 -0.136437	 -0.087412	 -0.144621	 -0.172425
  0.063047	  0.015469	  0.011806	 -0.035321	 -0.024086	 -0.007977	 -0.002114	 -0.072678	 -0.060645	  0.002198	  0.003316	 -0.119221	 -0.100831	 -0.139482	 -0.119557	 -0.152353	 -0.170948
  0.059289	 -0.004724	  0.010225	 -0.022251	  0.012116	 -0.016672	 -0.018274	 -0.066097	 -0.054736	  0.016156	 -0.020684	 -0.126907	 -0.095910	 -0.122769	 -0.138383	 -0.152722	 -0.197160
  0.043213	 -0.033443	  0.001793	 -0.007262	  0.028058	 -0.018460	 -0.032509	 -0.044803	 -0.035841	  0.018862	 -0.053842	 -0.127688	 -0.090143	 -0.120511	 -0.161543	 -0.179759	 -0.222567
  0.068393	 -0.028125	 -0.000716	 -0.016436	  0.027098	 -0.000665	 -0.030924	 -0.032906	 -0.038684	  0.014163	 -0.063177	 -0.129442	 -0.093270	 -0.137337	 -0.197488	 -0.197650	 -0.255734
  0.064329	 -0.004157	 -0.021937	 -0.031837	  0.013179	 -0.011079	 -0.030310	 -0.047796	 -0.030561	 -0.005407	 -0.039385	 -0.131698	 -0.123183	 -0.169188	 -0.227590	 -0.247035	 -0.342457
  0.033031	 -0.013931	 -0.012482	 -0.036807	 -0.005394	 -0.038781	 -0.022257	 -0.076945	 -0.032464	 -0.024485	 -0.062160	 -0.126259	 -0.148569	 -0.207828	 -0.269731	 -0.291537	 -0.432548
  0.044341	 -0.004036	 -0.005407	 -0.047644	 -0.030072	 -0.038856	 -0.014245	 -0.073347	 -0.024803	 -0.040505	 -0.075348	 -0.173472	 -0.213304	 -0.222669	 -0.277187	 -0.309776	 -0.471732
  0.074309	 -0.002779	 -0.041632	 -0.062623	 -0.050354	 -0.035588	 -0.018791	 -0.071335	 -0.021225	 -0.051052	 -0.072756	 -0.186519	 -0.247847	 -0.255005	 -0.320690	 -0.340053	 -0.497326
  0.057792	 -0.012103	 -0.051388	 -0.035696	 -0.040489	 -0.029765	 -0.010123	 -0.066244	 -0.028787	 -0.067417	 -0.087892	 -0.186738	 -0.264574	 -0.298493	 -0.334039	 -0.341091	 -0.470137
  0.031965	 -0.011491	 -0.036838	 -0.015037	 -0.012824	 -0.042399	  0.007534	 -0.066926	 -0.070529	 -0.088630	 -0.105146	 -0.192972	 -0.294808	 -0.339884	 -0.298477	 -0.326192	 -0.424811
  0.035174	  0.010309	 -0.020923	 -0.006317	 -0.024828	 -0.065120	 -0.021570	 -0.066255	 -0.111930	 -0.105549	 -0.137079	 -0.215636	 -0.268467	 -0.332239	 -0.273129	 -0.313653	 -0.340709
  0.039436	 -0.006486	 -0.024068	 -0.008210	 -0.014292	 -0.060950	 -0.054370	 -0.091101	 -0.134453	 -0.075965	 -0.151247	 -0.201258	 -0.250608	 -0.294034	 -0.245687	 -0.282061	 -0.267012
  0.051832	  0.004122	 -0.019229	 -0.021831	  0.002337	 -0.095615	 -0.066899	 -0.105453	 -0.141755	 -0.085911	 -0.154284	 -0.176289	 -0.217280	 -0.266850	 -0.166400	 -0.205914	 -0.219408
  0.057098	  0.020236	 -0.026146	 -0.025390	 -0.006966	 -0.092368	 -0.076585	 -0.092621	 -0.148359	 -0.100987	 -0.130658	 -0.189646	 -0.193195	 -0.233661	 -0.110305	 -0.131760	 -0.172537
  0.046614	  0.012187	 -0.032095	 -0.009679	 -0.020746	 -0.091804	 -0.085387	 -0.099452	 -0.150487	 -0.110368	 -0.093706	 -0.225539	 -0.183594	 -0.154950	 -0.058718	 -0.072751	 -0.186474
  0.043445	  0.010232	 -0.009657	  0.003459	 -0.036971	 -0.101153	 -0.103489	 -0.103310	 -0.149003	 -0.097899	 -0.092553	 -0.206143	 -0.120722	 -0.077557	 -0.004768	 -0.078665	 -0.207293
  0.048273	 -0.021815	 -0.012900	  0.010014	 -0.058512	 -0.091436	 -0.102546	 -0.099762	 -0.136386	 -0.064184	 -0.068612	 -0.140651	 -0.036524	 -0.011086	 -0.008809	 -0.101562	 -0.203523
  0.048004	 -0.041228	 -0.019625	 -0.003819	 -0.051568	 -0.089681	 -0.094232	 -0.061296	 -0.111293	 -0.069447	 -0.026967	 -0.105503	  0.026811	  0.041918	 -0.005590	 -0.140694	 -0.174477
  0.042918	 -0.049129	 -0.022536	  0.003994	 -0.040912	 -0.091118	 -0.111919	 -0.056319	 -0.122559	 -0.050698	 -0.020021	 -0.078706	  0.080110	  0.076592	 -0.017179	 -0.172204	 -0.075338
  0.053134	 -0.047136	 -0.012091	 -0.002777	 -0.032248	 -0.072004	 -0.085832	 -0.074233	 -0.138395	 -0.050041	  0.003484	 -0.065004	  0.067006	  0.064089	 -0.084505	 -0.194384	  0.021451
  0.047891	 -0.077650	 -0.015398	 -0.027360	 -0.030783	 -0.088777	 -0.028323	 -0.063085	 -0.129564	 -0.038174	  0.038124	 -0.027280	  0.073337	  0.021582	 -0.148925	 -0.155756	  0.127035
  0.051693	 -0.058710	 -0.056104	 -0.014347	 -0.075567	 -0.080777	 -0.026567	 -0.017852	 -0.100436	 -0.008005	  0.066555	 -0.018870	  0.070300	 -0.056774	 -0.191203	 -0.102561	  0.202086
  0.021541	 -0.046936	 -0.062250	  0.005330	 -0.104394	 -0.062476	 -0.008340	 -0.007410	 -0.061195	  0.026885	  0.077772	 -0.042400	  0.017013	 -0.175707	 -0.226831	 -0.012907	  0.186099
 -0.008725	 -0.033066	 -0.054989	 -0.018216	 -0.096902	 -0.042499	 -0.017993	  0.002067	 -0.027301	  0.044024	  0.067419	 -0.060623	 -0.044973	 -0.284213	 -0.237265	  0.051296	  0.053843
 -0.016516	 -0.042285	 -0.021699	 -0.001624	 -0.068249	 -0.037563	 -0.003619	  0.006868	  0.008883	  0.074390	  0.044306	 -0.074866	 -0.125676	 -0.386632	 -0.248592	 -0.005217	 -0.171091
 -0.009107	 -0.036717	 -0.041930	  0.000647	 -0.079072	 -0.039790	  0.010827	  0.009366	  0.025216	  0.049326	  0.005820	 -0.146931	 -0.213901	 -0.476732	 -0.266471	 -0.160973	 -0.450110
 -0.009150	 -0.014544	 -0.064361	  0.003889	 -0.060787	 -0.005403	  0.043322	  0.010367	  0.027715	  0.011825	 -0.056999	 -0.242395	 -0.348680	 -0.548578	 -0.293662	 -0.371900	 -0.769766
 -0.008520	 -0.019479	 -0.056001	  0.019937	 -0.046802	  0.002309	  0.056505	 -0.014051	  0.000802	 -0.021411	 -0.151043	 -0.319340	 -0.484536	 -0.583789	 -0.377935	 -0.615578	 -1.033984
  0.011006	 -0.033573	 -0.056251	  0.020863	 -0.036793	  0.015376	  0.017280	 -0.022573	 -0.058292	 -0.062648	 -0.229617	 -0.396570	 -0.584583	 -0.611912	 -0.510048	 -0.839193	 -1.214811
  0.003206	 -0.035347	 -0.043825	  0.029793	 -0.036406	  0.017049	 -0.002392	 -0.041504	 -0.127018	 -0.130424	 -0.295125	 -0.490995	 -0.674874	 -0.638115	 -0.653659	 -0.991501	 -1.290351
 -0.008659	 -0.036765	 -0.041492	 -0.009134	 -0.043024	 -0.022130	 -0.030336	 -0.091656	 -0.168013	 -0.212314	 -0.404453	 -0.580863	 -0.713818	 -0.633821	 -0.739949	 -1.032649	 -1.286749
  0.012236	 -0.053351	 -0.039438	 -0.012110	 -0.023956	 -0.070755	 -0.074152	 -0.153365	 -0.217533	 -0.280827	 -0.475542	 -0.646535	 -0.711532	 -0.558760	 -0.739495	 -0.978708	 -1.146916
  0.028256	 -0.038520	 -0.047823	 -0.003987	 -0.009957	 -0.079915	 -0.152481	 -0.211300	 -0.279379	 -0.353438	 -0.527164	 -0.692706	 -0.641949	 -0.431816	 -0.677188	 -0.841673	 -0.936892
  0.044466	 -0.046238	 -0.041382	  0.026323	 -0.048860	 -0.116048	 -0.202700	 -0.250530	 -0.349237	 -0.390136	 -0.544165	 -0.649079	 -0.512665	 -0.320951	 -0.587220	 -0.651927	 -0.622611
  0.040362	 -0.067625	 -0.037497	  0.001156	 -0.061534	 -0.177194	 -0.242558	 -0.287203	 -0.372085	 -0.378117	 -0.493324	 -0.526249	 -0.375986	 -0.215028	 -0.459346	 -0.454989	 -0.262794
  0.017084	 -0.074911	 -0.026077	 -0.044550	 -0.081628	 -0.182955	 -0.303979	 -0.296606	 -0.357090	 -0.350316	 -0.407214	 -0.367969	 -0.208414	 -0.106165	 -0.286039	 -0.223409	  0.097068
  0.031872	 -0.071994	 -0.018095	 -0.015540	 -0.111072	 -0.211189	 -0.306557	 -0.301073	 -0.302319	 -0.295760	 -0.318859	 -0.224781	 -0.047029	  0.001226	 -0.138917	 -0.009826	  0.439538
  0.039557	 -0.078230	 -0.024993	 -0.031169	 -0.148513	 -0.256450	 -0.303736	 -0.302207	 -0.236263	 -0.168649	 -0.200740	 -0.094705	  0.129919	  0.081447	 -0.003714	  0.156935	  0.660671
  0.030319	 -0.084090	 -0.030624	 -0.074009	 -0.190160	 -0.270927	 -0.274504	 -0.244190	 -0.182331	 -0.054979	 -0.052693	  0.055747	  0.252851	  0.153652	  0.089252	  0.269678	  0.732092
  0.014282	 -0.095160	 -0.012737	 -0.085567	 -0.222975	 -0.268452	 -0.247139	 -0.204000	 -0.090058	  0.044003	  0.073513	  0.174104	  0.307059	  0.157575	  0.113255	  0.355996	  0.653622
  0.041037	 -0.070889	 -0.029439	 -0.064193	 -0.220414	 -0.254821	 -0.197243	 -0.171193	 -0.003536	  0.127982	  0.133190	  0.263332	  0.337226	  0.107517	  0.089107	  0.389058	  0.460261
  0.065060	 -0.059753	 -0.048981	 -0.077638	 -0.228146	 -0.211326	 -0.123541	 -0.081641	  0.043125	  0.193396	  0.186908	  0.286118	  0.263624	  0.007863	  0.016999	  0.317957	  0.241379
  0.063156	 -0.058505	 -0.031985	 -0.111240	 -0.204614	 -0.177278	 -0.031049	  0.013445	  0.074104	  0.254869	  0.202161	  0.234878	  0.125890	 -0.119055	 -0.078862	  0.196703	  0.020176
  0.063452	 -0.067764	 -0.058699	 -0.104639	 -0.149140	 -0.133616	  0.076962	  0.061637	  0.108051	  0.232331	  0.188144	  0.147349	 -0.035840	 -0.239955	 -0.147646	  0.061037	 -0.210631
  0.052817	 -0.119134	 -0.046806	 -0.086546	 -0.117554	 -0.085547	  0.111548	  0.080420	  0.135317	  0.198149	  0.130991	  0.019052	 -0.187534	 -0.332241	 -0.216586	 -0.061809	 -0.366597
  0.039642	 -0.114072	 -0.034887	 -0.068010	 -0.082134	 -0.040924	  0.119896	  0.073907	  0.142198	  0.147771	  0.066569	 -0.116197	 -0.312282	 -0.378841	 -0.223305	 -0.162691	 -0.448161
  0.028809	 -0.083920	 -0.031897	 -0.030863	 -0.058543	 -0.007158	  0.143174	  0.057295	  0.088957	  0.087108	 -0.026076	 -0.237024	 -0.413733	 -0.393240	 -0.205348	 -0.248932	 -0.481071
  0.033748	 -0.095823	 -0.044049	  0.010263	 -0.045555	  0.045856	  0.126240	  0.036319	  0.010465	  0.001952	 -0.094090	 -0.348284	 -0.461000	 -0.403425	 -0.190100	 -0.314585	 -0.443686
  0.037682	 -0.111686	 -0.063698	  0.036747	 -0.025873	  0.070655	  0.092404	 -0.005124	 -0.059693	 -0.096093	 -0.168874	 -0.411572	 -0.433599	 -0.396785	 -0.133614	 -0.322827	 -0.288278
  0.014585	 -0.080251	 -0.032846	  0.052622	 -0.013722	  0.036086	  0.021483	 -0.070925	 -0.124194	 -0.163779	 -0.229255	 -0.411143	 -0.385242	 -0.309993	 -0.066281	 -0.225401	 -0.077180
 -0.003724	 -0.064707	 -0.024892	  0.074482	 -0.003335	 -0.003460	 -0.033430	 -0.146367	 -0.149637	 -0.190509	 -0.239761	 -0.390686	 -0.311007	 -0.186455	  0.003537	 -0.076254	  0.130015
 -0.008430	 -0.054993	 -0.003963	  0.058110	  0.003831	 -0.035454	 -0.078994	 -0.194888	 -0.166170	 -0.159987	 -0.219995	 -0.339376	 -0.184845	 -0.073309	  0.084234	  0.092531	  0.327279
  0.001981	 -0.040347	  0.018896	  0.061160	 -0.022084	 -0.085718	 -0.129723	 -0.218941	 -0.140953	 -0.128008	 -0.185093	 -0.272072	 -0.063034	  0.049008	  0.206766	  0.244281	  0.499596
  0.015461	 -0.073325	  0.033476	  0.047540	 -0.060695	 -0.134222	 -0.157879	 -0.214742	 -0.152036	 -0.070644	 -0.109350	 -0.195450	  0.047746	  0.194258	  0.312618	  0.359480	  0.618494
  0.015980	 -0.047894	  0.023056	  0.049675	 -0.112497	 -0.157509	 -0.152674	 -0.170724	 -0.120725	 -0.006179	 -0.035502	 -0.082098	  0.148172	  0.283199	  0.383730	  0.438889	  0.729818
  0.003122	 -0.016312	 -0.010748	  0.048891	 -0.112543	 -0.173590	 -0.149542	 -0.093778	 -0.053424	  0.014206	  0.032089	  0.016687	  0.251092	  0.352085	  0.420790	  0.501451	  0.795510
  0.020543	 -0.007293	 -0.026166	  0.039254	 -0.116400	 -0.140906	 -0.141171	 -0.049832	 -0.029541	  0.036477	  0.106765	  0.086053	  0.314688	  0.415434	  0.414585	  0.535709	  0.849368
  0.027237	 -0.039508	 -0.027636	  0.010298	 -0.130196	 -0.117479	 -0.094226	 -0.018997	  0.019718	  0.080960	  0.171094	  0.169106	  0.342675	  0.422359	  0.423027	  0.554917	  0.870727
  0.002302	 -0.058274	 -0.016492	 -0.017015	 -0.135196	 -0.099562	 -0.032356	  0.029220	  0.089967	  0.147297	  0.225900	  0.176380	  0.344731	  0.422184	  0.435798	  0.555216	  0.836596
  0.004933	 -0.069262	 -0.006175	 -0.022943	 -0.136690	 -0.047761	  0.030185	  0.079907	  0.132307	  0.200165	  0.220784	  0.177762	  0.356408	  0.391269	  0.416116	  0.546506	  0.791233
  0.014397	 -0.105701	  0.000484	  0.002991	 -0.143827	  0.020237	  0.046132	  0.151193	  0.134511	  0.206690	  0.221404	  0.185105	  0.317800	  0.390258	  0.392817	  0.545400	  0.712485
  0.013034	 -0.110675	 -0.021677	  0.000382	 -0.118927	  0.057318	  0.056651	  0.139613	  0.125965	  0.193646	  0.240907	  0.140183	  0.267571	  0.396739	  0.366374	  0.457833	  0.619502
 -0.008001	 -0.107200	  0.004555	 -0.016180	 -0.066652	  0.084967	  0.093089	  0.119069	  0.115833	  0.170493	  0.256322	  0.109390	  0.250128	  0.371609	  0.328189	  0.381938	  0.532598
 -0.028148	 -0.098573	  0.011320	  0.007518	 -0.021949	  0.086607	  0.132805	  0.105947	  0.125803	  0.167919	  0.226435	  0.092889	  0.215295	  0.308255	  0.307785	  0.294443	  0.445524
 -0.035658	 -0.072405	  0.008120	  0.023405	  0.003373	  0.076280	  0.137644	  0.068815	  0.110711	  0.199575	  0.178704	  0.061836	  0.168609	  0.260922	  0.254686	  0.245477	  0.368555
 -0.039754	 -0.061712	  0.003272	  0.015234	  0.049118	  0.067202	  0.134229	  0.044378	  0.076674	  0.188907	  0.162043	  0.024813	  0.126728	  0.206380	  0.198781	  0.209439	  0.296783
 -0.052507	 -0.044934	 -0.011767	  0.036022	  0.051768	  0.083843	  0.087640	 -0.001908	  0.075922	  0.172507	  0.134165	 -0.017242	  0.094603	  0.147939	  0.115727	  0.143177	  0.226238
 -0.046482	 -0.034704	  0.009327	  0.080146	  0.020730	  0.064092	  0.032489	 -0.025775	  0.084427	  0.159576	  0.085438	 -0.068543	  0.054018	  0.101708	  0.066208	  0.092173	  0.164789
  0.002131	 -0.040285	  0.042946	  0.091121	 -0.008074	  0.032211	  0.029877	  0.017514	  0.077332	  0.129813	  0.015371	 -0.111516	  0.016567	  0.059214	  0.015446	  0.043394	  0.133454
  0.012953	 -0.043714	  0.051218	  0.086748	 -0.015147	  0.010193	  0.043984	  0.014875	  0.062530	  0.083140	 -0.026446	 -0.167011	 -0.046977	 -0.004531	 -0.031488	  0.033342	  0.112456
  0.018019	 -0.047630	  0.026464	  0.070699	 -0.019370	 -0.017156	  0.028358	  0.004729	  0.040127	  0.022051	 -0.075050	 -0.206260	 -0.093564	 -0.048716	 -0.057779	  0.045957	  0.103536
  0.009480	 -0.057517	  0.022022	  0.049820	 -0.012629	 -0.031605	  0.010544	 -0.026663	  0.011356	 -0.023452	 -0.131376	 -0.252827	 -0.121332	 -0.094282	 -0.065918	  0.077050	  0.136249
 -0.008258	 -0.059153	  0.047900	  0.043311	 -0.012010	 -0.040462	  0.040580	 -0.066796	 -0.000512	 -0.060621	 -0.170864	 -0.272711	 -0.139759	 -0.105730	 -0.039038	  0.151617	  0.202565
 -0.014638	 -0.069236	  0.064990	  0.069893	 -0.038514	 -0.047286	  0.045659	 -0.072554	 -0.043833	 -0.070240	 -0.172327	 -0.258695	 -0.134983	 -0.081071	 -0.001392	  0.258159	  0.260871
  0.005694	 -0.078878	  0.050090	  0.084394	 -0.063000	 -0.073237	  0.029991	 -0.092139	 -0.105208	 -0.082201	 -0.188940	 -0.214714	 -0.117964	 -0.012397	  0.049607	  0.345324	  0.342992
  0.024502	 -0.075837	  0.041443	  0.068334	 -0.077273	 -0.097731	 -0.000225	 -0.120784	 -0.148842	 -0.077195	 -0.162222	 -0.213611	 -0.071684	  0.047285	  0.158445	  0.407544	  0.418312
  0.016428	 -0.062204	  0.056597	  0.044867	 -0.082983	 -0.091681	 -0.029915	 -0.119425	 -0.159259	 -0.077025	 -0.145807	 -0.187075	 -0.039207	  0.121441	  0.256430	  0.434811	  0.458253
  0.006846	 -0.056423	  0.045364	  0.059753	 -0.088853	 -0.057739	 -0.048115	 -0.132442	 -0.142158	 -0.073608	 -0.139689	 -0.146099	  0.015088	  0.204692	  0.375729	  0.481880	  0.466189
  0.006717	 -0.031673	  0.055903	  0.049468	 -0.096952	 -0.066452	 -0.043392	 -0.165997	 -0.105592	 -0.045658	 -0.077164	 -0.090588	  0.085182	  0.276014	  0.442212	  0.517055	  0.464191
  0.023383	 -0.043375	  0.062686	  0.034944	 -0.089677	 -0.072299	 -0.063203	 -0.177008	 -0.079440	 -0.017741	 -0.023676	 -0.058351	  0.164254	  0.330842	  0.456699	  0.488642	  0.434014
  0.021742	 -0.062104	  0.043943	  0.061273	 -0.085108	 -0.073812	 -0.088767	 -0.157888	 -0.045265	  0.002214	  0.012845	  0.012719	  0.220664	  0.391431	  0.475706	  0.446137	  0.385996
  0.038477	 -0.065900	  0.024997	  0.076486	 -0.072108	 -0.081475	 -0.057598	 -0.125160	 -0.027541	  0.040337	  0.031311	  0.074616	  0.255353	  0.407974	  0.463920	  0.370123	  0.330116
  0.031398	 -0.055776	  0.001498	  0.044651	 -0.083822	 -0.089267	 -0.050785	 -0.096493	  0.005105	  0.090936	  0.053004	  0.114096	  0.266035	  0.427340	  0.467179	  0.286586	  0.230605
  0.027836	 -0.052533	  0.014719	  0.030318	 -0.097812	 -0.077915	 -0.044977	 -0.060669	  0.041227	  0.114025	  0.061090	  0.141295	  0.304222	  0.418901	  0.410410	  0.180665	  0.115528
 -0.001764	 -0.074307	  0.013069	  0.023441	 -0.072859	 -0.078348	  0.005107	  0.014760	  0.068807	  0.138200	  0.070877	  0.135797	  0.291934	  0.357938	  0.339432	  0.092326	  0.022612
  0.006152	 -0.070493	 -0.005751	  0.037228	 -0.059950	 -0.041994	  0.013838	  0.055251	  0.091503	  0.172329	  0.085281	  0.151999	  0.257123	  0.323117	  0.240842	  0.002364	 -0.036771
  0.010041	 -0.047952	 -0.013440	  0.039170	 -0.063568	  0.006430	  0.029447	  0.059077	  0.108397	  0.185907	  0.126337	  0.155881	  0.197407	  0.283808	  0.148821	 -0.070166	 -0.054310
  0.015925	 -0.057111	  0.010381	  0.033575	 -0.061153	  0.027712	  0.061243	  0.072819	  0.103446	  0.186022	  0.123077	  0.122680	  0.159999	  0.201131	  0.076991	 -0.099256	 -0.094542
 -0.006371	 -0.074103	  0.033271	  0.032559	 -0.045233	  0.041024	  0.066655	  0.086297	  0.092933	  0.170550	  0.099417	  0.054443	  0.118680	  0.123505	 -0.024541	 -0.120168	 -0.134059
  0.011362	 -0.066495	  0.019065	  0.045618	 -0.025487	  0.071663	  0.087988	  0.068171	  0.095856	  0.146223	  0.102841	  0.013883	  0.091800	  0.066166	 -0.072525	 -0.126878	 -0.162748
 -0.004159	 -0.083544	  0.012931	  0.049943	 -0.037930	  0.078670	  0.082198	  0.049703	  0.103894	  0.114726	  0.084349	  0.017299	  0.047069	  0.040009	 -0.101801	 -0.153996	 -0.145986
 -0.021021	 -0.086398	  0.016480	  0.055132	 -0.029986	  0.068489	  0.079416	  0.021586	  0.105967	  0.099929	  0.040376	 -0.012129	  0.000676	  0.028581	 -0.126456	 -0.181262	 -0.176606
 -0.027436	 -0.086842	  0.026816	  0.055110	 -0.038595	  0.090190	  0.078190	 -0.015798	  0.104832	  0.092848	 -0.015255	 -0.046762	 -0.051449	 -0.025067	 -0.140600	 -0.191263	 -0.204547
 -0.029507	 -0.069806	  0.022477	  0.064115	 -0.015213	  0.100456	  0.088933	 -0.022161	  0.087179	  0.084782	 -0.037284	 -0.098696	 -0.090325	 -0.038381	 -0.148951	 -0.192424	 -0.204423
 -0.008703	 -0.060692	  0.040543	  0.054609	  0.002149	  0.100110	  0.081172	 -0.048054	  0.043774	  0.064071	 -0.054968	 -0.122257	 -0.124202	 -0.073537	 -0.156225	 -0.201331	 -0.180675
  0.039581	 -0.048550	  0.058818	  0.073013	  0.033965	  0.098456	  0.054491	 -0.079741	  0.003428	  0.014700	 -0.070430	 -0.147769	 -0.140652	 -0.090166	 -0.183163	 -0.191342	 -0.134047
  0.063468	 -0.066542	  0.047229	  0.068262	  0.010769	  0.077302	  0.047271	 -0.108096	 -0.024614	 -0.022906	 -0.095815	 -0.168830	 -0.164625	 -0.112639	 -0.194055	 -0.190763	 -0.124635
  0.065252	 -0.062999	  0.059844	  0.077828	 -0.021546	  0.068170	  0.033769	 -0.109353	 -0.055574	 -0.044917	 -0.098531	 -0.209890	 -0.194318	 -0.111532	 -0.196093	 -0.158280	 -0.117002
  0.046834	 -0.041307	  0.086745	  0.093402	 -0.039473	  0.055430	  0.030336	 -0.097527	 -0.080623	 -0.040802	 -0.122943	 -0.231039	 -0.207012	 -0.106372	 -0.197029	 -0.128763	 -0.113397
  0.047077	 -0.046417	  0.090483	  0.093378	 -0.046296	  0.025007	  0.021322	 -0.127033	 -0.098697	 -0.048349	 -0.149194	 -0.229696	 -0.209245	 -0.115577	 -0.162118	 -0.087029	 -0.079992
  0.040531	 -0.066261	  0.078593	  0.086247	 -0.045598	  0.010452	 -0.010190	 -0.163505	 -0.105443	 -0.044693	 -0.148719	 -0.232124	 -0.215906	 -0.118472	 -0.099869	 -0.061650	 -0.058559
  0.016055	 -0.057421	  0.065459	  0.086058	 -0.049357	 -0.005162	 -0.031016	 -0.160672	 -0.106828	 -0.060262	 -0.135891	 -0.212110	 -0.201759	 -0.112246	 -0.038991	 -0.077859	 -0.042468
  0.019131	 -0.027891	  0.067993	  0.088946	 -0.053882	 -0.041571	 -0.054117	 -0.162241	 -0.114911	 -0.062990	 -0.160506	 -0.209978	 -0.179106	 -0.094715	 -0.028460	 -0.070211	 -0.017337
  0.034782	 -0.034872	  0.054520	  0.078213	 -0.085324	 -0.070900	 -0.078854	 -0.184711	 -0.101858	 -0.080800	 -0.174991	 -0.213225	 -0.158466	 -0.060907	 -0.009333	 -0.058665	 -0.003603
  0.024840	 -0.009933	  0.065379	  0.052094	 -0.112912	 -0.062622	 -0.104021	 -0.188198	 -0.097755	 -0.105152	 -0.135334	 -0.203021	 -0.151582	 -0.048452	  0.009572	 -0.064104	  0.034381
  0.051613	 -0.023317	  0.086650	  0.033040	 -0.100074	 -0.074979	 -0.087066	 -0.184631	 -0.086125	 -0.107847	 -0.123469	 -0.165718	 -0.153500	 -0.015656	  0.023992	 -0.075290	  0.081210
  0.062794	 -0.038256	  0.041285	  0.043117	 -0.054562	 -0.073925	 -0.038731	 -0.177618	 -0.079009	 -0.111180	 -0.108324	 -0.170737	 -0.145859	  0.004856	  0.056400	 -0.062348	  0.074450
  0.041814	 -0.026076	  0.021021	  0.060093	 -0.080214	 -0.071329	 -0.056551	 -0.147748	 -0.087231	 -0.129938	 -0.087487	 -0.144672	 -0.121082	  0.010352	  0.099857	 -0.047272	  0.038829
  0.030775	 -0.026764	  0.045209	  0.022706	 -0.100628	 -0.085627	 -0.064476	 -0.144025	 -0.113275	 -0.153796	 -0.084685	 -0.119611	 -0.100386	  0.012903	  0.116049	 -0.045965	  0.030449
  0.007198	 -0.007374	  0.036964	  0.021646	 -0.093781	 -0.078979	 -0.075270	 -0.156076	 -0.110432	 -0.120833	 -0.084919	 -0.130301	 -0.116770	 -0.000355	  0.070689	 -0.021647	  0.012785
  0.009944	  0.022145	  0.020207	  0.029745	 -0.100105	 -0.076804	 -0.081764	 -0.160203	 -0.092408	 -0.093188	 -0.091277	 -0.122342	 -0.112766	 -0.010913	  0.038209	 -0.033359	 -0.022301
  0.029819	  0.008342	  0.021837	  0.042011	 -0.113829	 -0.083933	 -0.089256	 -0.135597	 -0.109196	 -0.059834	 -0.109153	 -0.111504	 -0.101805	 -0.015744	  0.011761	 -0.057003	 -0.059878
  0.023225	  0.000193	 -0.005239	  0.027933	 -0.126581	 -0.092273	 -0.086932	 -0.120370	 -0.087368	 -0.040711	 -0.090240	 -0.096818	 -0.107314	 -0.042219	 -0.022721	 -0.057636	 -0.067216
  0.033785	 -0.007974	 -0.012400	  0.040517	 -0.160112	 -0.043613	 -0.083605	 -0.087966	 -0.050532	 -0.037399	 -0.075093	 -0.114116	 -0.109313	 -0.041387	 -0.037217	 -0.083134	 -0.043751
  0.037328	  0.006182	 -0.006815	  0.017974	 -0.140079	 -0.040117	 -0.086384	 -0.076407	 -0.053336	 -0.033580	 -0.061686	 -0.100851	 -0.107369	 -0.052834	 -0.042525	 -0.063080	 -0.012584
  0.023288	 -0.006940	 -0.002045	  0.000398	 -0.106513	 -0.058511	 -0.091778	 -0.087634	 -0.032693	 -0.037306	 -0.037602	 -0.088287	 -0.098857	 -0.076180	 -0.055895	 -0.050890	  0.027996
  0.038968	 -0.024683	  0.007650	  0.027530	 -0.092195	 -0.067106	 -0.074995	 -0.093540	 -0.042594	 -0.005161	 -0.051428	 -0.075971	 -0.072499	 -0.061334	 -0.078614	 -0.054891	  0.024362
  0.031903	 -0.009076	  0.024925	  0.049085	 -0.076994	 -0.045034	 -0.056110	 -0.111355	 -0.043333	  0.007369	 -0.059622	 -0.072098	 -0.059970	 -0.035788	 -0.081085	 -0.073341	  0.062874
  0.016989	 -0.002180	  0.022102	  0.059337	 -0.075152	 -0.005231	 -0.036642	 -0.109746	 -0.033889	 -0.012863	 -0.033984	 -0.081882	 -0.098568	 -0.028126	 -0.076997	 -0.074725	  0.103385
  0.013496	  0.006922	  0.004160	  0.090026	 -0.075033	  0.019793	 -0.055098	 -0.101581	 -0.013753	 -0.013520	 -0.044398	 -0.078176	 -0.131591	 -0.014588	 -0.074390	 -0.061128	  0.076864
  0.023894	  0.027103	 -0.037936	  0.096027	 -0.055541	 -0.004683	 -0.065198	 -0.076958	  0.022879	  0.005758	 -0.062135	 -0.111751	 -0.119529	  0.010699	 -0.047806	 -0.048434	  0.051371
  0.012677	  0.038310	 -0.034184	  0.077340	 -0.039589	 -0.030053	 -0.035851	 -0.065840	  0.022524	  0.007430	 -0.054584	 -0.137678	 -0.107486	  0.012621	 -0.008101	 -0.056287	  0.067268
  0.025367	  0.015477	 -0.019265	  0.079671	 -0.055178	 -0.049754	 -0.044706	 -0.094144	  0.020100	  0.011596	 -0.064926	 -0.135918	 -0.099278	  0.001792	  0.001993	 -0.070044	  0.083567
  0.038797	  0.016086	 -0.045682	  0.085868	 -0.065597	 -0.048686	 -0.045984	 -0.085544	 -0.007536	  0.027971	 -0.061162	 -0.111978	 -0.110008	  0.006750	  0.000970	 -0.072804	  0.062520
  0.034753	  0.042972	 -0.035593	  0.092136	 -0.054544	 -0.020751	 -0.041173	 -0.065489	 -0.005367	  0.018047	 -0.087417	 -0.107255	 -0.109867	 -0.030501	 -0.000737	 -0.060344	  0.037027
  0.018883	  0.037765	 -0.004408	  0.068696	 -0.043490	 -0.006080	 -0.022107	 -0.061423	 -0.012226	  0.006401	 -0.090824	 -0.095455	 -0.107344	 -0.058419	 -0.010508	 -0.077280	  0.014361
  0.017355	  0.012436	  0.009405	  0.046043	  0.003010	  0.012663	 -0.017226	 -0.040793	 -0.034354	 -0.009235	 -0.078189	 -0.084842	 -0.097205	 -0.056971	 -0.022857	 -0.068853	 -0.020192
  0.024907	 -0.007677	  0.027845	  0.028480	  0.011441	  0.003650	  0.006463	 -0.055997	 -0.044551	  0.007432	 -0.079307	 -0.089363	 -0.105157	 -0.078011	 -0.019696	 -0.042190	 -0.027868
  0.028424	 -0.011415	  0.021017	  0.051518	 -0.036380	  0.000006	  0.006259	 -0.059608	 -0.033096	  0.013411	 -0.071005	 -0.087588	 -0.100944	 -0.071828	 -0.008277	 -0.041877	 -0.044304
  0.029568	 -0.015379	  0.024313	  0.051428	 -0.038832	  0.013894	 -0.003933	 -0.058392	 -0.030538	  0.006420	 -0.058779	 -0.078253	 -0.120567	 -0.055217	 -0.020554	 -0.020024	 -0.064857
  0.015524	 -0.004355	  0.038336	  0.052723	 -0.046386	  0.030147	  0.001750	 -0.079156	 -0.042696	  0.018961	 -0.036697	 -0.075990	 -0.136410	 -0.044652	 -0.008843	 -0.026218	 -0.064253
 -0.007093	  0.003886	 -0.000529	  0.052249	 -0.052192	  0.019499	 -0.005806	 -0.101119	 -0.061424	  0.025935	 -0.018771	 -0.084545	 -0.130597	 -0.033354	  0.023337	 -0.022886	 -0.048350
  0.020047	  0.001744	  0.010752	  0.048855	 -0.067252	  0.007889	 -0.027206	 -0.103198	 -0.061086	  0.021235	 -0.026372	 -0.088960	 -0.093425	 -0.045066	  0.042709	 -0.017168	 -0.025658
  0.037058	 -0.002091	  0.007900	  0.042385	 -0.066030	  0.004071	 -0.049724	 -0.092114	 -0.054281	  0.026828	 -0.030500	 -0.110938	 -0.109469	 -0.071687	  0.042060	 -0.035123	 -0.005117
  0.026742	 -0.005663	 -0.005357	  0.030770	 -0.068022	  0.015438	 -0.055141	 -0.079692	 -0.044133	  0.031736	 -0.027891	 -0.106995	 -0.129828	 -0.038323	  0.054401	 -0.041615	  0.011297
  0.024868	  0.002847	 -0.025269	  0.040912	 -0.051060	  0.015861	 -0.039577	 -0.112158	 -0.032985	  0.022244	 -0.030245	 -0.093383	 -0.106233	 -0.030310	  0.044641	 -0.042220	  0.012163
 -0.003553	  0.026527	 -0.021199	  0.041654	 -0.059832	  0.032926	  0.000345	 -0.158312	 -0.015379	  0.008976	 -0.046800	 -0.088061	 -0.064846	  0.003780	  0.031431	 -0.020967	  0.047577
 -0.002912	  0.009460	 -0.017504	  0.052452	 -0.076771	  0.042377	 -0.007739	 -0.149334	 -0.013220	  0.007304	 -0.049830	 -0.057989	 -0.020501	  0.047790	  0.058855	 -0.026050	  0.088531
 -0.006677	  0.031254	 -0.004147	  0.029732	 -0.078084	  0.047192	 -0.032460	 -0.151200	 -0.016534	  0.014299	 -0.043912	 -0.063542	  0.003212	  0.040604	  0.061764	 -0.010795	  0.117907
 -0.008073	  0.051575	 -0.011545	  0.049200	 -0.050509	  0.030497	 -0.027630	 -0.141649	 -0.021382	  0.028812	 -0.031762	 -0.090389	 -0.022624	  0.042485	  0.033539	  0.011232	  0.136770
 -0.030507	  0.043213	 -0.014918	  0.061690	 -0.065951	  0.008108	 -0.023844	 -0.102298	 -0.003915	  0.019945	 -0.006478	 -0.085384	 -0.039650	  0.077796	  0.075847	  0.017079	  0.146941
 -0.025933	  0.035554	 -0.002794	  0.046798	 -0.067065	  0.000423	 -0.018234	 -0.053636	  0.002517	  0.044619	 -0.000583	 -0.073347	 -0.042041	  0.116037	  0.110997	  0.052991	  0.181666
 -0.036018	  0.050994	 -0.007737	  0.035628	 -0.055849	 -0.033238	 -0.027978	 -0.036502	  0.014989	  0.080600	  0.009422	 -0.075639	 -0.011130	  0.120480	  0.153669	  0.084847	  0.189121
 -0.043365	  0.061772	 -0.008070	  0.038991	 -0.056628	 -0.028167	 -0.004805	 -0.041622	  0.033855	  0.084544	 -0.013235	 -0.057090	 -0.009644	  0.138861	  0.147920	  0.089482	  0.190967
 -0.036615	  0.059987	  0.006388	  0.036683	 -0.053455	 -0.017151	  0.017292	 -0.062045	  0.036560	  0.070253	 -0.006019	 -0.041436	  0.027537	  0.156634	  0.163639	  0.103615	  0.180411
 -0.009564	  0.068732	  0.033081	  0.044652	 -0.071920	 -0.010070	  0.020978	 -0.084066	  0.055521	  0.086526	  0.013106	 -0.032107	  0.046131	  0.146462	  0.167553	  0.105636	  0.165807
  0.009126	  0.050115	  0.046265	  0.071053	 -0.060402	 -0.009387	  0.026118	 -0.077924	  0.050501	  0.090010	 -0.004353	 -0.032306	  0.053570	  0.154577	  0.168210	  0.112670	  0.170929
  0.023677	  0.038954	  0.044360	  0.073211	 -0.069406	  0.007497	  0.010820	 -0.055955	  0.033014	  0.072305	 -0.015390	 -0.031778	  0.061237	  0.149098	  0.166272	  0.121584	  0.154208
  0.030311	  0.030798	  0.031428	  0.066437	 -0.045005	  0.022886	  0.007934	 -0.065907	  0.043325	  0.090472	  0.015519	 -0.019309	  0.034999	  0.164150	  0.185121	  0.150606	  0.163342
  0.011524	  0.052961	  0.031866	  0.064359	 -0.061482	  0.039557	  0.017376	 -0.039642	  0.066544	  0.112656	  0.028409	  0.002799	  0.017991	  0.175944	  0.200599	  0.176021	  0.188088
  0.008066	  0.070052	  0.011173	  0.068591	 -0.066637	  0.051963	  0.030336	 -0.036602	  0.050236	  0.095331	  0.025579	  0.034933	 -0.003951	  0.182349	  0.229490	  0.185877	  0.228008
  0.021788	  0.065493	  0.011427	  0.078771	 -0.044387	  0.030161	  0.013767	 -0.046202	  0.017062	  0.084311	  0.018907	  0.064232	  0.004440	  0.178409	  0.236813	  0.170507	  0.250849
  0.026582	  0.039837	  0.015375	  0.059107	 -0.013758	  0.027202	  0.003011	 -0.039921	  0.029717	  0.066132	 -0.012704	  0.078204	  0.013960	  0.194388	  0.226436	  0.190591	  0.263387
  0.006358	  0.021100	  0.016335	  0.052247	 -0.005006	  0.018240	  0.031614	 -0.031274	  0.057087	  0.043274	  0.000298	  0.057330	  0.039449	  0.215560	  0.246216	  0.220606	  0.300367
 -0.020490	  0.010908	  0.030050	  0.062369	 -0.016027	  0.027451	  0.018727	 -0.045552	  0.058437	  0.040565	  0.007796	  0.043295	  0.033310	  0.212580	  0.281303	  0.236807	  0.295535
  0.009913	  0.020344	  0.044056	  0.090249	 -0.009603	 -0.008147	  0.026560	 -0.061098	  0.047711	  0.029852	  0.004766	  0.057150	  0.038507	  0.222011	  0.309260	  0.254667	  0.285189
  0.025837	  0.037031	  0.049199	  0.078707	  0.016388	 -0.021192	  0.032412	 -0.080150	  0.024157	  0.041600	  0.012573	  0.068788	  0.060193	  0.201371	  0.325040	  0.262443	  0.257121
  0.013188	  0.056041	  0.049613	  0.051480	  0.016756	 -0.011020	  0.042934	 -0.077765	  0.003749	  0.043688	  0.026244	  0.088629	  0.069956	  0.177192	  0.318718	  0.268070	  0.226316
  0.004447	  0.056344	  0.048054	  0.062423	  0.000119	  0.020033	  0.052154	 -0.073291	  0.006176	  0.052761	 -0.008206	  0.087299	  0.054673	  0.184832	  0.320356	  0.263898	  0.218056
  0.025776	  0.031772	  0.034458	  0.080794	 -0.014753	  0.038693	  0.058764	 -0.048468	  0.034216	  0.070537	  0.002289	  0.092344	  0.059880	  0.211277	  0.304027	  0.244004	  0.176948
  0.033033	  0.065550	  0.016261	  0.082313	 -0.011018	  0.063397	  0.050286	 -0.039719	  0.029628	  0.048389	  0.037186	  0.096329	  0.090203	  0.217276	  0.305176	  0.235497	  0.129615
  0.026689	  0.074985	  0.022485	  0.057818	 -0.006314	  0.072048	  0.017366	 -0.035369	  0.056778	  0.054603	  0.053359	  0.106646	  0.096589	  0.232363	  0.287540	  0.205819	  0.094981
  0.048707	  0.060270	  0.012185	  0.055196	  0.013694	  0.058818	 -0.005116	 -0.014888	  0.080006	  0.069600	  0.042867	  0.104574	  0.120049	  0.229495	  0.269930	  0.174727	  0.105937
  0.014256	  0.051951	 -0.001149	  0.049910	  0.027378	  0.057772	  0.015473	 -0.005150	  0.063046	  0.102527	  0.054506	  0.098032	  0.145753	  0.200026	  0.246994	  0.142205	  0.130483
  0.025900	  0.048931	 -0.006526	  0.030242	 -0.004709	  0.091945	  0.020598	 -0.008906	  0.071523	  0.092052	  0.064888	  0.096065	  0.156916	  0.192567	  0.234902	  0.142838	  0.124567
  0.063251	  0.055749	  0.010788	  0.020512	 -0.019542	  0.122484	 -0.007849	 -0.009584	  0.038521	  0.107814	  0.079974	  0.063426	  0.126684	  0.191926	  0.214936	  0.130875	  0.138606
  0.042381	  0.069291	  0.038404	  0.005500	 -0.001541	  0.133446	 -0.014972	 -0.021262	  0.036389	  0.108642	  0.102055	  0.082394	  0.083774	  0.166993	  0.197241	  0.112004	  0.162043
  0.043229	  0.076486	  0.043181	  0.011862	  0.015282	  0.142662	  0.003351	 -0.043797	  0.032241	  0.112122	  0.090142	  0.095139	  0.058104	  0.150938	  0.188218	  0.142906	  0.176944
  0.039779	  0.069776	  0.061812	  0.052037	  0.021938	  0.126365	  0.017630	 -0.050453	  0.025232	  0.087774	  0.067679	  0.112613	  0.065155	  0.125754	  0.194324	  0.161145	  0.186630
  0.006353	  0.074676	  0.060931	  0.048854	  0.015732	  0.103521	  0.027427	 -0.075341	  0.015910	  0.096330	  0.071782	  0.089053	  0.049897	  0.124592	  0.207482	  0.179871	  0.190803
 -0.002233	  0.075820	  0.050740	  0.061524	 -0.002131	  0.064916	  0.011035	 -0.051587	  0.012206	  0.104256	  0.057089	  0.050279	  0.059096	  0.110933	  0.206812	  0.226468	  0.203358
  0.009076	  0.037223	  0.045858	  0.079857	 -0.012798	  0.045809	  0.015721	 -0.032499	  0.035035	  0.059226	  0.035537	  0.036773	  0.068747	  0.116521	  0.207442	  0.239504	  0.188287
  0.022648	  0.033533	  0.035944	  0.064372	 -0.016391	  0.015448	  0.017693	 -0.050621	  0.037135	  0.057448	  0.050265	  0.051446	  0.064367	  0.134806	  0.221351	  0.265040	  0.173471
  0.034335	  0.027260	  0.037167	  0.080453	  0.008132	 -0.009722	  0.018873	 -0.056068	  0.010336	  0.066180	  0.066443	  0.045701	  0.063053	  0.136757	  0.235271	  0.262641	  0.181308
  0.042588	  0.023946	  0.024103	  0.072517	  0.001366	 -0.010071	  0.014519	 -0.050636	  0.005497	  0.056747	  0.034893	  0.041670	  0.072971	  0.127387	  0.227796	  0.230177	  0.182025
  0.064010	  0.042422	  0.035245	  0.067118	  0.017374	  0.008857	  0.007015	  0.003450	  0.017876	  0.084802	  0.023845	  0.022046	  0.064737	  0.129277	  0.186301	  0.189043	  0.163935
  0.065104	  0.049113	  0.050784	  0.051840	  0.006522	  0.034748	  0.019996	  0.036923	  0.035164	  0.109158	  0.027236	  0.030405	  0.063828	  0.114117	  0.154982	  0.178443	  0.143842
  0.028358	  0.056489	  0.040246	  0.051925	 -0.003234	  0.045262	  0.016370	  0.031496	  0.058775	  0.109219	  0.011881	  0.019838	  0.062461	  0.128051	  0.181202	  0.150186	  0.103367
  0.033191	  0.108125	  0.055659	  0.039727	 -0.005872	  0.019562	  0.043383	  0.024913	  0.024057	  0.088620	  0.022628	 -0.009633	  0.068065	  0.106308	  0.176567	  0.097360	  0.108177
  0.030645	  0.112443	  0.078559	  0.062605	 -0.013827	  0.004302	  0.047046	  0.004602	  0.019216	  0.041783	  0.019224	  0.003301	  0.058133	  0.092409	  0.185513	  0.058891	  0.117077
  0.057106	  0.100602	  0.064898	  0.094721	 -0.016330	  0.008086	  0.067861	 -0.025099	  0.021441	  0.014649	  0.007873	  0.003764	  0.026385	  0.075579	  0.174557	  0.060818	  0.089113
  0.052093	  0.138564	  0.048122	  0.098943	 -0.019281	  0.008202	  0.060451	 -0.034074	  0.034155	  0.033563	  0.009772	  0.012960	  0.037589	  0.042718	  0.149688	  0.039542	  0.057767
  0.041181	  0.147216	  0.074898	  0.091585	  0.007395	  0.023957	  0.010538	 -0.033604	  0.040559	  0.036127	  0.020422	  0.028894	  0.022071	  0.053821	  0.114788	  0.009190	  0.041679
  0.026920	  0.117535	  0.093467	  0.088619	  0.022120	  0.011327	 -0.004360	 -0.029263	  0.035274	  0.020201	 -0.004239	  0.041089	 -0.019992	  0.070711	  0.058631	 -0.004864	  0.030266
  0.030271	  0.094926	  0.060337	  0.085655	  0.025768	 -0.008633	 -0.003789	 -0.005812	  0.040243	  0.020318	 -0.011714	  0.028523	 -0.031485	  0.074167	  0.022082	 -0.017018	  0.029297
  0.037912	  0.088834	  0.041230	  0.047305	  0.028232	  0.007473	 -0.029902	  0.021322	  0.023309	  0.032240	 -0.018264	  0.048769	 -0.017890	  0.073723	  0.017737	 -0.037219	  0.007438
  0.028099	  0.067957	  0.024335	  0.028637	  0.025469	 -0.011290	 -0.033047	  0.033049	  0.022929	  0.063275	 -0.008366	  0.035857	 -0.013286	  0.059473	  0.019404	 -0.050494	 -0.009908
  0.038349	  0.070783	  0.046015	  0.062308	  0.039821	 -0.036376	 -0.011223	  0.048094	  0.036219	  0.080728	  0.021642	  0.028176	 -0.013030	  0.043266	  0.011152	 -0.018174	 -0.019198
  0.061394	  0.070465	  0.056916	  0.055220	  0.054144	 -0.016734	  0.027083	  0.024544	  0.039295	  0.101898	  0.019556	  0.022592	  0.003992	  0.052443	  0.000463	 -0.014948	 -0.030950
  0.091351	  0.102776	  0.083754	  0.034866	  0.059190	 -0.002142	  0.017064	  0.044567	  0.029012	  0.116633	 -0.012258	  0.003680	  0.006089	  0.045494	  0.023640	 -0.023924	 -0.026185
 -0.027135	 -0.001002	  0.020632	  0.057036	 -0.024301	 -0.005076	  0.016638	 -0.035876	 -0.004317	 -0.052945	 -0.019927	 -0.033001	 -0.037466	  0.009921	  0.026034	 -0.010061	  0.043219
 -0.044778	  0.003156	  0.024315	  0.027694	 -0.029681	  0.009342	  0.008656	 -0.009149	 -0.011588	 -0.045891	 -0.023740	 -0.017607	 -0.026776	 -0.011527	  0.022685	 -0.002625	  0.045309
 -0.044643	  0.015316	  0.017407	  0.006226	 -0.004774	  0.013744	  0.006453	 -0.015404	 -0.007814	 -0.038561	 -0.032322	  0.013998	  0.000616	 -0.014137	  0.011861	  0.011769	  0.059314
 -0.053442	  0.004210	  0.042017	 -0.002226	  0.010269	 -0.003332	  0.000997	 -0.008296	  0.015636	 -0.023935	 -0.021916	  0.001389	 -0.011098	 -0.003554	  0.006003	  0.033501	  0.031696
 -0.026425	 -0.008305	  0.032525	 -0.006894	 -0.010675	  0.008899	  0.005647	 -0.010703	  0.018423	 -0.005057	  0.015760	 -0.029506	 -0.025867	 -0.013389	  0.022717	  0.037083	  0.006524
 -0.012436	 -0.011404	  0.018989	 -0.013539	 -0.014647	 -0.006167	 -0.001561	 -0.016472	 -0.003698	 -0.004987	  0.031067	 -0.012869	 -0.008183	 -0.012986	  0.020013	  0.038272	 -0.006975
 -0.016877	 -0.025264	  0.021434	 -0.015022	 -0.010459	 -0.001029	 -0.041319	 -0.011661	 -0.004584	  0.021403	  0.029309	 -0.005826	 -0.004482	 -0.016564	  0.011994	  0.000230	 -0.070562
 -0.012246	 -0.026499	  0.019913	 -0.005777	  0.016488	 -0.012452	 -0.024780	  0.008806	 -0.027931	  0.016607	  0.022109	  0.005855	 -0.009798	 -0.019642	  0.000030	  0.034272	  0.034258
  0.000659	 -0.011386	  0.015139	 -0.027477	  0.034375	 -0.011058	  0.001799	  0.002057	 -0.034429	  0.004213	  0.031012	  0.001047	  0.017285	 -0.024671	  0.010965	  0.062648	  0.058208
  0.012864	 -0.017328	  0.000712	 -0.023081	  0.008209	 -0.015638	 -0.013435	 -0.000259	 -0.019912	 -0.011930	  0.013215	 -0.021790	  0.004673	 -0.039874	 -0.066428	 -0.086615	 -0.175849
  0.015395	 -0.036221	  0.022017	  0.003774	  0.007079	 -0.014483	  0.012072	 -0.002333	 -0.028523	  0.026133	  0.005457	 -0.001398	  0.043642	  0.028388	  0.004615	  0.010454	  0.082419
  0.029317	 -0.017248	  0.012366	  0.005001	 -0.006984	  0.003808	  0.000622	 -0.025600	  0.001121	  0.044775	  0.017429	  0.015556	  0.072886	  0.055214	  0.059804	  0.083357	  0.197523
  0.039308	  0.008740	 -0.016788	  0.011483	 -0.019409	  0.013828	 -0.011263	  0.003456	  0.008623	  0.038981	  0.012152	 -0.001552	 -0.002592	 -0.036964	 -0.086372	 -0.244448	 -0.365999
  0.018702	  0.022953	 -0.032141	  0.021189	 -0.005339	  0.012658	 -0.019145	  0.027449	  0.008029	  0.027997	  0.007217	  0.040947	  0.012267	  0.037910	  0.035948	  0.011623	  0.022659
  0.031693	  0.041807	 -0.030522	  0.009578	  0.007653	 -0.003961	  0.023807	  0.036691	  0.005825	  0.007377	  0.017180	  0.049481	  0.048883	  0.090733	  0.108112	  0.210927	  0.343070
  0.029006	  0.042295	 -0.003806	  0.015926	 -0.002972	 -0.006877	  0.032016	  0.035380	  0.001615	 -0.031614	 -0.023210	 -0.006742	 -0.067693	 -0.075324	 -0.139181	 -0.225028	 -0.342916
  0.022717	  0.047857	 -0.028326	  0.010645	  0.025681	 -0.015045	  0.029294	  0.013792	  0.020171	 -0.015213	 -0.011925	  0.017908	 -0.021417	  0.012393	  0.003240	  0.011360	 -0.001805
  0.006954	  0.000314	 -0.033034	 -0.011257	  0.024255	 -0.016424	  0.011458	  0.006339	  0.039202	  0.016031	 -0.004814	  0.039775	  0.053630	  0.113146	  0.178289	  0.284912	  0.438074
  0.014148	 -0.006032	 -0.052617	 -0.036816	 -0.009314	  0.024596	 -0.025227	 -0.007898	  0.016778	  0.002993	 -0.030963	 -0.029838	 -0.045415	 -0.064616	 -0.144573	 -0.198401	 -0.284122
  0.017218	 -0.025961	 -0.050235	 -0.026465	  0.004546	  0.024669	 -0.012730	  0.009683	  0.007374	  0.023625	 -0.033092	 -0.025826	  0.006904	 -0.014457	 -0.085754	 -0.063231	 -0.114046
 -0.018226	 -0.024579	 -0.031381	 -0.013824	 -0.006457	  0.024606	 -0.005469	  0.046615	  0.039105	  0.050745	 -0.019121	  0.030916	  0.069804	  0.140235	  0.154623	  0.303404	  0.475209
 -0.040309	 -0.009663	 -0.000300	 -0.026472	 -0.017934	  0.012699	 -0.033458	  0.034154	  0.031773	  0.038980	 -0.054939	 -0.029169	 -0.092996	 -0.048009	 -0.159574	 -0.163098	 -0.221113
 -0.008078	  0.000250	 -0.000061	 -0.050110	 -0.010866	 -0.005371	 -0.039873	  0.008109	  0.018652	  0.042613	 -0.059645	  0.001380	 -0.059169	 -0.028697	 -0.126061	 -0.106520	 -0.244745
 -0.007945	 -0.003109	  0.015653	 -0.040845	  0.000458	 -0.010983	 -0.013124	 -0.006088	 -0.001599	  0.075434	 -0.004450	  0.095080	  0.088168	  0.151333	  0.160347	  0.329914	  0.434987
 -0.005961	 -0.010148	  0.027961	 -0.041110	 -0.004921	 -0.020518	  0.018524	 -0.013378	 -0.036798	  0.034391	 -0.048949	  0.031244	 -0.037799	 -0.030999	 -0.137179	 -0.093090	 -0.160685
 -0.006587	 -0.015938	  0.011429	 -0.045214	  0.008293	 -0.005354	  0.024762	 -0.010564	 -0.020451	  0.039028	 -0.086180	  0.033989	 -0.046765	 -0.038757	 -0.182756	 -0.147597	 -0.328291
 -0.006883	  0.001687	  0.008158	 -0.027245	  0.022323	  0.004404	  0.036305	  0.000068	 -0.018752	  0.072308	 -0.039257	  0.124104	  0.100117	  0.175039	  0.161863	  0.352651	  0.408214
 -0.016430	 -0.007008	  0.014885	 -0.039918	  0.012351	 -0.014579	  0.010733	 -0.010183	 -0.015710	  0.031137	 -0.053695	  0.071304	 -0.000208	 -0.015766	 -0.072587	  0.010329	 -0.061046
  0.003925	 -0.034165	  0.016269	 -0.001442	  0.009164	 -0.030809	  0.005366	  0.015339	 -0.010685	  0.002383	 -0.074184	  0.019780	 -0.028706	 -0.076396	 -0.180010	 -0.175289	 -0.419457
  0.018380	 -0.010486	 -0.020864	 -0.000474	  0.011888	 -0.015680	  0.004690	  0.036275	 -0.000575	  0.004196	 -0.021641	  0.096026	  0.146254	  0.196484	  0.177548	  0.351630	  0.356962
  0.031358	 -0.013762	 -0.020583	 -0.004916	  0.019895	 -0.026709	 -0.000798	  0.070368	  0.002306	  0.001074	 -0.016017	  0.037251	  0.047259	  0.039567	  0.010879	  0.080053	  0.055922
  0.053754	 -0.021313	 -0.007912	  0.003132	  0.005255	 -0.029033	  0.019472	  0.082176	 -0.022078	 -0.008273	 -0.035227	 -0.031099	 -0.063609	 -0.092298	 -0.173044	 -0.242783	 -0.454558
  0.037954	 -0.032302	 -0.017276	 -0.006692	  0.000086	 -0.018179	  0.013483	  0.044371	  0.004123	 -0.004628	 -0.002581	  0.069744	  0.074754	  0.126432	  0.170967	  0.278064	  0.311625
  0.032228	 -0.027682	  0.014646	 -0.020767	  0.002055	 -0.035658	 -0.020406	  0.042094	  0.010086	 -0.022253	 -0.025817	  0.054520	  0.019371	  0.045363	  0.076221	  0.144896	  0.179570
  0.027072	 -0.028820	  0.023148	 -0.047615	  0.012775	 -0.034212	 -0.031334	  0.062579	 -0.009586	 -0.019650	 -0.073080	  0.010864	 -0.069511	 -0.068185	 -0.216627	 -0.260790	 -0.463499
  0.006979	 -0.043832	  0.011877	 -0.070280	  0.014253	 -0.028275	 -0.003042	  0.058307	 -0.024287	  0.003594	 -0.012704	  0.103168	  0.062495	  0.140093	  0.101880	  0.194485	  0.217385
 -0.011717	 -0.049471	  0.018365	 -0.071617	  0.025145	 -0.024501	  0.023463	  0.044820	 -0.016215	 -0.008174	  0.014081	  0.109118	  0.031088	  0.084567	  0.079179	  0.156405	  0.267314
 -0.002690	 -0.052129	  0.035491	 -0.052021	  0.004563	 -0.033379	  0.002863	  0.013576	 -0.021872	 -0.037997	 -0.049394	  0.033409	 -0.097388	 -0.109632	 -0.226946	 -0.328675	 -0.455403
  0.000875	 -0.042806	  0.024604	 -0.048249	 -0.002291	 -0.030401	  0.025156	  0.037939	 -0.023135	 -0.034861	 -0.028162	  0.099449	  0.065110	  0.102336	  0.062730	  0.087573	  0.109443
  0.001749	 -0.022154	  0.035224	 -0.037289	  0.017271	 -0.036127	  0.033626	  0.059091	  0.000207	 -0.040099	  0.008503	  0.111737	  0.097069	  0.106147	  0.129670	  0.221902	  0.353743
  0.000730	 -0.006647	  0.030389	 -0.048177	  0.032916	 -0.027620	  0.025336	  0.041419	 -0.016211	 -0.075225	 -0.020233	 -0.006826	 -0.050846	 -0.122190	 -0.212744	 -0.296208	 -0.434247
  0.020122	 -0.020881	  0.048783	 -0.054581	  0.053894	 -0.015191	 -0.004148	  0.054728	  0.004401	 -0.043743	 -0.000538	  0.052013	  0.088756	  0.064467	  0.016182	  0.057797	 -0.055315
  0.040548	 -0.006442	  0.058642	 -0.021393	  0.059958	 -0.000562	  0.005125	  0.079155	  0.020778	 -0.001853	 -0.007758	  0.108910	  0.146234	  0.131961	  0.179171	  0.328399	  0.357682
  0.027596	  0.019561	  0.041278	 -0.030452	  0.068286	  0.026893	 -0.002054	  0.079274	 -0.015638	  0.002929	 -0.080254	  0.034291	 -0.037701	 -0.106274	 -0.182617	 -0.210869	 -0.383026
  0.022842	  0.002805	  0.020298	 -0.034658	  0.064493	  0.041982	 -0.003681	  0.084934	 -0.036064	  0.028949	 -0.085702	  0.048273	  0.011228	  0.064088	  0.001348	 -0.038230	 -0.124909
  0.034800	 -0.006746	  0.018281	  0.003094	  0.044741	  0.035246	  0.014704	  0.075457	 -0.031130	  0.034939	 -0.026596	  0.124321	  0.081764	  0.172964	  0.211277	  0.280440	  0.440691
  0.050343	 -0.044624	  0.010477	 -0.006433	  0.049356	  0.038515	 -0.007764	  0.060488	 -0.034051	  0.012157	 -0.063568	  0.027839	 -0.053918	 -0.061839	 -0.150431	 -0.228895	 -0.299595
  0.050805	 -0.079308	  0.020513	 -0.002824	  0.027554	  0.021771	 -0.012114	  0.067608	 -0.040074	  0.023938	 -0.070509	  0.025539	  0.001297	 -0.003266	 -0.086379	 -0.164990	 -0.240896
  0.058650	 -0.077181	  0.044078	  0.011636	  0.055790	  0.031293	 -0.043367	  0.057799	 -0.022471	  0.027542	 -0.011365	  0.093680	  0.129343	  0.169107	  0.209144	  0.284507	  0.433764
  0.038275	 -0.070864	  0.076724	  0.020187	  0.069527	  0.012692	 -0.039691	  0.054834	 -0.076403	  0.004853	 -0.059682	 -0.010787	 -0.021093	 -0.047858	 -0.097217	 -0.159708	 -0.198714
  0.052438	 -0.042723	  0.082032	  0.020997	  0.058008	 -0.017516	 -0.014274	  0.071144	 -0.085662	  0.002704	 -0.078237	  0.006552	 -0.054579	 -0.038208	 -0.142353	 -0.212966	 -0.330563
  0.069947	 -0.015695	  0.068580	  0.011844	  0.030269	 -0.033275	 -0.019455	  0.100542	 -0.032540	  0.027249	 -0.038047	  0.077358	  0.088215	  0.177386	  0.160894	  0.292110	  0.421474
  0.098285	  0.018053	  0.062934	 -0.006329	  0.012434	 -0.047667	 -0.022042	  0.093557	 -0.040931	 -0.012829	 -0.042801	  0.013715	  0.002530	 -0.030327	 -0.095269	 -0.066692	 -0.064379
  0.082237	  0.019478	  0.057237	 -0.011196	  0.037037	 -0.037400	 -0.032037	  0.087168	 -0.058343	 -0.023052	 -0.057741	  0.010077	 -0.026476	 -0.070987	 -0.172742	 -0.243061	 -0.388410
  0.059022	  0.008192	  0.026180	 -0.004009	  0.026141	 -0.034831	 -0.026225	  0.097529	 -0.036678	  0.003987	  0.015316	  0.071607	  0.126520	  0.206660	  0.184697	  0.284857	  0.355350
  0.035534	  0.002181	  0.005764	 -0.009929	  0.010027	 -0.070684	 -0.012349	  0.055037	 -0.026900	  0.002905	 -0.004511	  0.010785	  0.047133	  0.081008	  0.014406	  0.027220	  0.017337
  0.044080	 -0.005403	  0.010246	 -0.043213	  0.023659	 -0.055305	 -0.028789	  0.042986	 -0.025575	 -0.001403	 -0.051850	 -0.014037	 -0.045584	 -0.017254	 -0.183410	 -0.237716	 -0.476545
  0.075758	 -0.018780	  0.011609	 -0.043512	  0.049278	 -0.027852	 -0.041883	  0.054161	 -0.047465	  0.047565	 -0.011694	  0.123756	  0.099322	  0.199133	  0.173906	  0.280765	  0.283171
  0.090505	 -0.007744	  0.023097	 -0.031325	  0.066704	 -0.019892	 -0.042520	  0.060036	 -0.061715	  0.048119	 -0.038500	  0.097316	  0.020805	  0.099296	  0.025629	  0.118367	  0.176911
  0.082468	 -0.003093	  0.036985	 -0.057195	  0.066372	 -0.028933	 -0.060570	  0.036706	 -0.072876	  0.023013	 -0.080256	  0.003274	 -0.100303	 -0.079723	 -0.233786	 -0.277228	 -0.449947
  0.057427	 -0.001377	  0.033845	 -0.053857	  0.058592	  0.002430	 -0.049839	  0.060660	 -0.074128	  0.044764	 -0.022224	  0.097723	  0.091583	  0.144844	  0.098770	  0.201020	  0.225267
  0.066948	  0.000953	  0.043588	 -0.040413	  0.035724	 -0.009219	 -0.049813	  0.056011	 -0.066936	  0.031834	  0.001274	  0.105025	  0.062205	  0.108749	  0.060896	  0.173941	  0.274283
  0.090115	  0.006052	  0.059153	 -0.044281	  0.028485	 -0.022667	 -0.045719	  0.064376	 -0.073724	 -0.004140	 -0.001212	  0.024184	 -0.086183	 -0.087871	 -0.246732	 -0.287707	 -0.474135
  0.085777	  0.007513	  0.094249	 -0.039936	  0.060803	 -0.039421	 -0.023201	  0.077942	 -0.028293	  0.009533	  0.064510	  0.104837	  0.011324	  0.110103	  0.059595	  0.138814	  0.087656
  0.092615	  0.014382	  0.104975	 -0.026699	  0.091595	 -0.043753	  0.001736	  0.055255	 -0.013494	  0.040751	  0.068418	  0.130809	  0.038224	  0.141243	  0.123863	  0.241227	  0.350697
  0.099266	  0.016002	  0.080858	 -0.025284	  0.090130	 -0.037313	  0.008210	  0.041462	 -0.023541	  0.028441	  0.022281	  0.056001	 -0.082390	 -0.083121	 -0.215028	 -0.261056	 -0.411487
  0.067193	  0.009308	  0.079655	 -0.027618	  0.102265	 -0.029164	 -0.005697	  0.026226	 -0.002662	  0.036176	  0.043236	  0.121234	  0.054064	  0.075074	  0.015211	  0.036249	  0.006962
  0.073492	  0.033144	  0.035570	 -0.027454	  0.096899	 -0.014731	 -0.022364	  0.018004	 -0.007982	  0.023008	  0.043725	  0.146378	  0.110863	  0.132002	  0.152780	  0.281998	  0.438501
  0.070914	  0.030505	  0.037735	 -0.043417	  0.107643	 -0.021879	 -0.023110	  0.020188	 -0.048669	 -0.002353	 -0.032429	  0.034308	 -0.051539	 -0.106952	 -0.220827	 -0.255187	 -0.340560
  0.050728	  0.030129	  0.042699	 -0.014425	  0.102439	 -0.001360	 -0.026581	  0.027225	 -0.021494	 -0.008292	 -0.018411	  0.064247	  0.018871	  0.032175	 -0.071394	 -0.045161	 -0.095742
  0.056593	  0.036590	  0.043341	  0.015398	  0.072280	 -0.015877	 -0.027681	  0.022101	 -0.029748	  0.026397	  0.000746	  0.142151	  0.114525	  0.200299	  0.158153	  0.293634	  0.461728
  0.038522	  0.041894	  0.043063	  0.023642	  0.042359	 -0.016058	 -0.023724	  0.006638	 -0.063820	  0.026208	 -0.070623	  0.033331	 -0.045105	 -0.015817	 -0.202493	 -0.211140	 -0.277477
  0.029104	  0.050864	  0.072791	  0.040351	  0.068901	 -0.007694	 -0.005079	  0.020791	 -0.074196	  0.020223	 -0.047088	  0.043858	 -0.024885	  0.024200	 -0.128422	 -0.118130	 -0.228648
  0.057658	  0.045823	  0.077931	  0.022157	  0.105252	 -0.006572	 -0.003938	  0.037083	 -0.069645	  0.048555	 -0.005879	  0.127387	  0.073585	  0.189030	  0.151100	  0.306746	  0.460849
  0.023366	  0.032753	  0.095664	  0.001336	  0.074444	 -0.037865	 -0.031512	  0.030824	 -0.064583	  0.021095	 -0.032147	  0.024887	 -0.089009	 -0.025180	 -0.157192	 -0.147368	 -0.178540
  0.016040	  0.024379	  0.121903	  0.008060	  0.048217	 -0.044601	  0.000165	  0.044800	 -0.060935	  0.019853	 -0.038744	  0.008127	 -0.067520	 -0.021635	 -0.146056	 -0.182326	 -0.325119
  0.031160	  0.024748	  0.132936	  0.031514	  0.063229	 -0.027428	  0.017411	  0.049286	 -0.046578	  0.081895	 -0.006509	  0.096802	  0.064543	  0.187643	  0.186964	  0.301473	  0.411891
  0.028189	  0.008134	  0.141283	  0.019358	  0.044887	 -0.029347	 -0.015415	  0.035839	 -0.052511	  0.059490	 -0.038905	  0.039085	 -0.055132	  0.022423	 -0.076186	 -0.067778	 -0.097792
  0.053297	  0.003407	  0.147435	  0.010712	  0.038066	 -0.046901	 -0.026332	  0.037825	 -0.049396	  0.039796	 -0.067833	  0.034943	 -0.100515	 -0.022604	 -0.166661	 -0.236381	 -0.386950
  0.089653	  0.006187	  0.106148	  0.017728	  0.060935	 -0.037643	 -0.021680	  0.040132	 -0.059299	  0.074502	 -0.037729	  0.119668	  0.071312	  0.184440	  0.182233	  0.265010	  0.395866
  0.106655	  0.038177	  0.080731	 -0.001224	  0.044243	 -0.020473	 -0.003748	  0.047340	 -0.069077	  0.047028	 -0.063188	  0.033344	 -0.004154	  0.034006	 -0.020033	  0.000433	  0.056911
  0.114607	  0.062622	  0.071600	 -0.013756	  0.015294	  0.015841	  0.040958	  0.056397	 -0.085429	  0.043592	 -0.073426	 -0.027576	 -0.077928	 -0.037966	 -0.221704	 -0.295156	 -0.419734
  0.093324	  0.064258	  0.068756	 -0.012768	  0.038563	  0.042960	  0.039051	  0.075585	 -0.074467	  0.064124	 -0.012819	  0.069445	  0.070246	  0.197397	  0.134317	  0.207516	  0.332259
  0.083844	  0.044289	  0.045375	 -0.015780	  0.037067	  0.059162	  0.006002	  0.079720	 -0.083183	  0.046234	 -0.018657	  0.074060	  0.010478	  0.111088	  0.037901	  0.071328	  0.160567
  0.074088	  0.036390	  0.050892	 -0.017694	  0.040095	  0.036669	 -0.033683	  0.075716	 -0.074557	  0.022497	 -0.043313	  0.004990	 -0.070125	 -0.024253	 -0.225399	 -0.320887	 -0.474365
  0.058314	  0.044349	  0.053200	 -0.036491	  0.016111	  0.002711	 -0.049530	  0.093572	 -0.063468	  0.039054	 -0.005485	  0.072465	  0.079154	  0.219013	  0.101929	  0.147682	  0.190128
  0.029416	  0.024715	  0.061448	 -0.052499	  0.015088	  0.008324	 -0.049612	  0.083627	 -0.079850	  0.052696	  0.004196	  0.058781	  0.043374	  0.182548	  0.063294	  0.115592	  0.246783
  0.018170	 -0.010959	  0.066405	 -0.047277	  0.009517	  0.007929	 -0.041387	  0.070819	 -0.071544	  0.043258	 -0.028325	 -0.008412	 -0.073580	  0.001040	 -0.284772	 -0.324372	 -0.435972
  0.036006	 -0.013722	  0.086517	 -0.040408	  0.006818	 -0.007223	 -0.009423	  0.080565	 -0.059522	  0.074898	 -0.005409	  0.060405	  0.042531	  0.192959	  0.003803	  0.096226	  0.119841
  0.011185	 -0.015071	  0.099283	 -0.041776	  0.030478	 -0.011040	 -0.007584	  0.073118	 -0.069902	  0.075197	 -0.000612	  0.085402	  0.047422	  0.249070	  0.068880	  0.205354	  0.359139
 -0.001656	 -0.007859	  0.089619	 -0.020436	  0.025458	  0.000353	 -0.014240	  0.074525	 -0.078440	  0.036683	 -0.056460	 -0.013447	 -0.117945	 -0.006430	 -0.272326	 -0.284897	 -0.416034
  0.029106	 -0.005335	  0.079023	 -0.030895	  0.030809	 -0.006465	 -0.026399	  0.083147	 -0.061417	  0.049858	  0.003297	  0.034062	 -0.001151	  0.138300	 -0.029048	  0.038436	 -0.017790
  0.041516	 -0.009566	  0.081889	 -0.043335	  0.027316	  0.000635	 -0.027323	  0.066045	 -0.073602	  0.069747	  0.034127	  0.090606	  0.029439	  0.225193	  0.136487	  0.278639	  0.422001
  0.031682	 -0.002453	  0.060940	 -0.032351	 -0.002593	 -0.009216	 -0.030588	  0.074003	 -0.117725	  0.029545	 -0.022536	  0.001558	 -0.121727	 -0.025641	 -0.220969	 -0.214530	 -0.336437
  0.036813	 -0.004031	  0.060039	 -0.011332	 -0.016350	 -0.011230	 -0.044283	  0.066987	 -0.087321	  0.002337	 -0.022468	  0.035376	 -0.048133	  0.087581	 -0.070428	 -0.004077	 -0.101856
  0.029323	 -0.005939	  0.060654	 -0.023479	  0.015856	  0.020577	 -0.031240	  0.062126	 -0.080932	 -0.005920	  0.006202	  0.089097	  0.025813	  0.207286	  0.161585	  0.303059	  0.490261
  0.089580	 -0.012560	  0.052464	 -0.024378	 -0.003393	  0.019247	 -0.042269	  0.033808	 -0.064778	 -0.019559	 -0.013558	 -0.009583	 -0.123348	 -0.028463	 -0.222139	 -0.207410	 -0.210878
  0.098034	 -0.026792	  0.074880	  0.003920	 -0.025309	  0.034660	 -0.046389	  0.036198	 -0.036147	 -0.012419	  0.002832	 -0.007017	 -0.058766	  0.045843	 -0.160178	 -0.117500	 -0.174485
  0.057309	 -0.002358	  0.095025	  0.001333	 -0.009941	  0.026320	 -0.039040	  0.062573	 -0.046296	  0.006841	  0.024705	  0.062098	  0.060154	  0.251423	  0.139502	  0.334044	  0.494015
  0.044023	  0.009633	  0.093386	 -0.024611	 -0.005202	  0.026598	 -0.036886	  0.059331	 -0.089863	 -0.006949	 -0.031423	  0.002092	 -0.081889	  0.059506	 -0.153802	 -0.106231	 -0.161844
  0.036999	  0.009858	  0.129283	 -0.004933	  0.004610	  0.020754	 -0.057070	  0.024585	 -0.101673	  0.018349	 -0.029966	  0.022184	 -0.049119	  0.044946	 -0.154698	 -0.188394	 -0.326733
  0.041939	  0.023277	  0.130255	  0.010007	  0.038999	  0.024280	 -0.043511	  0.023812	 -0.122433	  0.032036	  0.040223	  0.101179	  0.095149	  0.240342	  0.217371	  0.317387	  0.426402
  0.043582	  0.017325	  0.110427	  0.029797	  0.056852	  0.014291	 -0.030533	  0.027774	 -0.152979	  0.019621	  0.011170	  0.014015	 -0.028872	  0.059733	 -0.063492	 -0.048239	 -0.073265
  0.027443	  0.005912	  0.091451	  0.022082	  0.043663	  0.007898	 -0.026104	  0.048777	 -0.114869	  0.001205	  0.001559	 -0.008449	 -0.104682	  0.004498	 -0.188486	 -0.221702	 -0.382143
  0.007500	  0.024400	  0.101134	  0.004990	  0.028784	  0.019007	  0.000200	  0.048950	 -0.083170	  0.018496	  0.062713	  0.089611	  0.042628	  0.226176	  0.187837	  0.292308	  0.391104
  0.026145	  0.028524	  0.094418	  0.005995	  0.025244	  0.013304	  0.014129	  0.037403	 -0.106332	  0.011420	  0.048171	  0.003959	 -0.018374	  0.075541	 -0.012470	  0.010589	  0.040734
  0.050786	 -0.004444	  0.080900	 -0.002657	  0.027425	  0.009394	  0.005021	  0.021130	 -0.088053	 -0.009519	  0.009341	 -0.039270	 -0.081745	 -0.031512	 -0.187488	 -0.290465	 -0.464712
  0.066608	 -0.011610	  0.082269	 -0.024932	  0.031016	  0.004820	 -0.008845	  0.002213	 -0.068794	  0.035602	  0.055943	  0.042893	  0.053642	  0.179049	  0.163537	  0.216654	  0.281166
  0.061849	 -0.002906	  0.061839	 -0.047941	  0.031736	 -0.007609	 -0.014813	 -0.006940	 -0.085956	  0.037137	  0.056512	 -0.000461	  0.007983	  0.076010	  0.034853	  0.078836	  0.108695
  0.065687	  0.010024	  0.088444	 -0.061869	  0.025321	  0.002646	 -0.037978	  0.005592	 -0.098888	  0.017904	  0.026479	 -0.070725	 -0.073507	 -0.064634	 -0.212816	 -0.277379	 -0.511859
  0.069117	  0.012009	  0.098828	 -0.040945	  0.016567	  0.031048	 -0.046649	 -0.007962	 -0.101018	  0.074392	  0.048658	  0.048637	  0.069857	  0.165081	  0.105898	  0.207752	  0.202594
  0.051296	  0.019184	  0.098522	 -0.023358	  0.014120	  0.034180	 -0.048771	 -0.009640	 -0.085630	  0.082449	  0.030974	  0.069924	  0.049035	  0.133468	  0.070097	  0.178954	  0.263796
  0.079822	  0.029589	  0.106412	 -0.027858	 -0.006065	  0.020371	 -0.034461	  0.010771	 -0.105977	  0.053788	 -0.000067	 -0.011495	 -0.102173	 -0.028779	 -0.208019	 -0.279189	 -0.446409
  0.055505	  0.000859	  0.108693	 -0.021789	 -0.003773	  0.024707	 -0.029778	  0.006213	 -0.103269	  0.048348	  0.037568	  0.060464	  0.017114	  0.168870	  0.082423	  0.136221	  0.107173
  0.034484	 -0.041745	  0.129041	 -0.002747	  0.004900	  0.045050	 -0.029580	 -0.021817	 -0.122472	 -0.000849	  0.047246	  0.103507	  0.040228	  0.193713	  0.098535	  0.244874	  0.334252
  0.032403	 -0.048989	  0.133269	  0.011707	 -0.008547	  0.057657	 -0.028970	 -0.057216	 -0.147072	 -0.035132	 -0.009663	 -0.000316	 -0.090505	 -0.026614	 -0.244940	 -0.266562	 -0.413930
  0.035469	 -0.055884	  0.108943	  0.039452	  0.000301	  0.071218	 -0.022056	 -0.051005	 -0.130671	 -0.003934	 -0.010211	  0.045264	  0.043562	  0.116866	  0.007884	  0.027453	 -0.028184
  0.037310	 -0.079470	  0.106577	  0.032409	  0.026230	  0.059195	 -0.025650	 -0.031663	 -0.125618	 -0.002363	  0.016001	  0.098659	  0.102561	  0.162347	  0.135820	  0.216334	  0.277973
 -0.000009	 -0.068599	  0.099671	 -0.001134	  0.030234	  0.033264	  0.002669	 -0.016403	 -0.140556	  0.005377	 -0.016727	  0.018627	 -0.022212	 -0.038768	 -0.154662	 -0.166693	 -0.279238
  0.011311	 -0.044271	  0.102929	 -0.008100	  0.014646	  0.013979	  0.008594	  0.004292	 -0.161711	  0.007647	 -0.006644	  0.056080	  0.027544	  0.110698	 -0.012933	  0.030302	 -0.010318
  0.032329	 -0.027718	  0.126255	  0.018694	  0.029973	  0.027971	 -0.001642	  0.014859	 -0.126455	  0.008292	  0.026741	  0.095421	  0.059747	  0.185976	  0.124826	  0.203371	  0.230475
  0.026807	 -0.029985	  0.113608	  0.007399	  0.017248	  0.058650	 -0.031214	  0.022259	 -0.092877	  0.000763	  0.008111	  0.049909	 -0.053164	  0.021320	 -0.089329	 -0.081680	 -0.126040
  0.023876	 -0.034255	  0.089738	  0.019544	  0.003702	  0.071618	 -0.017896	  0.031526	 -0.106194	  0.033056	  0.001536	  0.071865	  0.014129	  0.088493	 -0.025126	  0.038614	  0.005704
  0.020898	  0.001223	  0.086421	  0.011195	  0.023362	  0.037596	 -0.008913	  0.029712	 -0.115821	  0.042322	 -0.026857	  0.098513	  0.048293	  0.170585	  0.088406	  0.146298	  0.140531
  0.009096	 -0.011395	  0.071298	  0.012346	  0.030029	  0.018902	  0.008923	  0.014013	 -0.111333	  0.016310	 -0.069064	  0.037161	 -0.034114	  0.062433	 -0.084609	 -0.087738	 -0.122574
  0.006095	 -0.002369	  0.065043	  0.021466	  0.020539	  0.002949	  0.007417	  0.004209	 -0.102328	  0.007396	 -0.064729	  0.037453	  0.001198	  0.128035	 -0.043388	  0.003485	  0.003025
  0.004840	  0.016401	  0.087212	  0.010560	  0.016615	  0.018599	 -0.001379	  0.001069	 -0.096278	 -0.010106	 -0.029129	  0.067058	  0.054885	  0.159269	  0.049204	  0.108466	  0.159150
 -0.000682	  0.018814	  0.103922	  0.021045	  0.007527	  0.005115	 -0.012900	 -0.016036	 -0.103580	  0.018029	 -0.031410	  0.047825	  0.000242	  0.078788	 -0.107963	 -0.084104	 -0.053921
  0.007073	  0.014545	  0.098714	  0.035357	  0.007541	 -0.009667	 -0.033187	  0.002389	 -0.113204	  0.021695	 -0.034970	  0.062381	  0.006046	  0.128498	 -0.054899	 -0.016259	  0.037033
  0.037358	 -0.024359	  0.088932	  0.054034	  0.025127	  0.012070	 -0.018466	 -0.001811	 -0.100458	  0.023284	 -0.027356	  0.071517	  0.023609	  0.150858	  0.021901	  0.085079	  0.127223
  0.030064	 -0.018775	  0.073323	  0.048069	  0.017156	  0.021030	 -0.037620	  0.000797	 -0.091161	 -0.005114	 -0.010817	  0.044516	 -0.015108	  0.055386	 -0.016465	 -0.050600	 -0.050343
  0.023532	 -0.018593	  0.048013	  0.031757	  0.021878	  0.057605	 -0.030990	  0.000461	 -0.094263	  0.016119	 -0.006978	  0.036306	  0.011873	  0.079156	  0.014913	  0.018881	  0.025238
  0.047199	 -0.022734	  0.032857	  0.032500	  0.021762	  0.054024	 -0.044902	 -0.014320	 -0.081984	  0.020737	  0.001456	  0.024448	  0.036983	  0.102778	  0.024148	  0.115928	  0.070218
  0.046039	 -0.015312	  0.051320	  0.037037	  0.029509	  0.051761	 -0.029681	 -0.010721	 -0.070052	 -0.015678	  0.016342	  0.035687	  0.022405	  0.025923	 -0.051729	  0.007021	 -0.085053
  0.025312	 -0.019489	  0.069553	  0.030306	  0.027684	  0.045157	 -0.009228	 -0.034988	 -0.056400	 -0.007167	  0.021713	  0.050956	  0.018524	  0.047383	 -0.012614	  0.020667	 -0.046294
  0.019448	  0.002704	  0.057111	  0.025240	  0.042401	  0.036227	 -0.022371	 -0.046063	 -0.064997	 -0.009073	  0.023746	  0.043637	  0.040672	  0.085781	 -0.027794	  0.055671	  0.020934
  0.023666	  0.012953	  0.025141	  0.017577	  0.023889	  0.030525	 -0.033573	 -0.006208	 -0.091823	  0.000012	  0.025114	  0.018079	  0.016034	  0.058319	 -0.068449	 -0.012796	 -0.020193
  0.038648	  0.022521	  0.001241	  0.012358	  0.009833	  0.026679	 -0.021956	  0.001906	 -0.097037	  0.006218	  0.018361	  0.010723	  0.001688	  0.074353	 -0.049218	  0.021996	  0.013869
  0.047437	  0.029206	  0.001100	  0.015821	  0.024924	  0.037952	 -0.038230	 -0.015627	 -0.075384	 -0.038428	  0.044062	  0.018850	 -0.001458	  0.102983	 -0.059472	  0.065327	  0.023833
  0.048268	 -0.013322	 -0.000255	 -0.002650	  0.038725	  0.044144	 -0.047481	 -0.044163	 -0.090118	 -0.043289	  0.054360	 -0.010200	 -0.010188	  0.105900	 -0.080535	  0.036471	 -0.003061
  0.035466	 -0.045013	  0.000299	 -0.003943	  0.027648	  0.068673	 -0.047732	 -0.048859	 -0.087621	 -0.022667	  0.056096	 -0.008277	 -0.008375	  0.106751	 -0.082126	  0.016226	  0.044430
  0.030228	 -0.039111	  0.014288	 -0.004271	 -0.007858	  0.089342	 -0.046550	 -0.065421	 -0.068820	  0.016882	  0.048126	 -0.011519	  0.031719	  0.096130	 -0.071655	  0.021892	  0.061956
  0.011680	 -0.014161	  0.024244	 -0.002466	 -0.018700	  0.097077	 -0.021358	 -0.084835	 -0.064091	  0.008157	  0.011177	  0.000162	  0.025871	  0.080142	 -0.086531	 -0.008733	  0.033641
  0.009002	  0.018112	  0.049959	  0.003090	 -0.015966	  0.099656	 -0.005568	 -0.075083	 -0.046222	  0.005637	 -0.022790	  0.014043	  0.013779	  0.058944	 -0.088714	 -0.003529	  0.032352
  0.012953	  0.005663	  0.069737	  0.000915	 -0.002456	  0.081131	  0.005559	 -0.054901	 -0.055070	  0.014674	 -0.030106	  0.026923	  0.019963	  0.080520	 -0.098605	  0.020429	  0.022419
 -0.007658	  0.009914	  0.088256	  0.005211	 -0.003993	  0.046908	 -0.016173	 -0.024970	 -0.068865	  0.036055	 -0.021149	  0.023085	  0.031739	  0.098801	 -0.102286	 -0.001461	 -0.009740
 -0.027948	  0.006225	  0.077600	 -0.002181	 -0.012332	  0.063591	 -0.045430	 -0.032988	 -0.068030	  0.061378	 -0.005764	  0.020964	  0.050032	  0.084014	 -0.066908	  0.032274	  0.004266
 -0.011890	  0.006471	  0.077310	  0.005563	 -0.030058	  0.066734	 -0.054838	 -0.053596	 -0.067385	  0.048641	 -0.013518	  0.001183	  0.054838	  0.057104	 -0.065709	  0.028303	  0.001252
 -0.011782	 -0.006192	  0.101042	  0.000246	 -0.017462	  0.060484	 -0.025042	 -0.055754	 -0.027225	  0.039122	 -0.019844	 -0.035040	  0.052342	  0.059432	 -0.082864	  0.020197	 -0.023268
  0.008820	 -0.031289	  0.107118	 -0.020133	 -0.013525	  0.037690	  0.002086	 -0.017523	 -0.038133	  0.009420	 -0.005539	 -0.036217	  0.054749	  0.102083	 -0.053521	  0.024053	 -0.006313
  0.049375	 -0.033680	  0.142137	 -0.011945	 -0.035239	  0.048151	  0.023896	 -0.013793	 -0.064320	  0.000265	 -0.011583	 -0.035657	  0.024851	  0.102220	 -0.039819	  0.040623	 -0.009156
  0.053430	 -0.013336	  0.110796	 -0.004036	 -0.043679	  0.036377	 -0.004359	 -0.015059	 -0.084758	  0.030234	  0.003971	 -0.017107	  0.015237	  0.088826	 -0.039896	  0.060287	 -0.010266
  0.027555	 -0.042010	  0.071682	  0.021437	 -0.022471	  0.031083	 -0.022655	 -0.032724	 -0.076966	  0.033313	 -0.010838	 -0.003153	  0.002334	  0.069391	 -0.057197	  0.068139	  0.020464
 -0.002774	 -0.072431	  0.058553	  0.014200	 -0.033833	  0.024363	 -0.032482	 -0.052398	 -0.057474	  0.045007	 -0.016181	 -0.003199	 -0.011554	  0.034753	 -0.061518	  0.054103	  0.037002
 -0.020097	 -0.074870	  0.079639	  0.000112	 -0.029461	 -0.008746	 -0.042090	 -0.063101	 -0.065012	  0.052435	 -0.018784	 -0.004822	 -0.017190	  0.058246	 -0.043175	  0.065481	  0.018820
 -0.017871	 -0.077674	  0.081824	 -0.003106	 -0.005813	 -0.014075	 -0.038992	 -0.070605	 -0.053050	  0.046833	 -0.014546	 -0.004627	  0.006647	  0.099176	 -0.039246	  0.059278	  0.025582
 -0.025483	 -0.077482	  0.083026	 -0.008397	 -0.024477	 -0.044758	 -0.033355	 -0.081264	 -0.058813	  0.077701	 -0.002490	  0.007435	  0.034635	  0.083386	 -0.046788	  0.025093	  0.031217
 -0.018088	 -0.054871	  0.083650	 -0.005283	 -0.026607	 -0.027151	 -0.019000	 -0.093183	 -0.067835	  0.074538	 -0.029680	  0.022930	  0.014682	  0.074588	 -0.032597	  0.003654	  0.014374
 -0.031207	 -0.032395	  0.078366	  0.010907	 -0.018364	  0.007138	 -0.017277	 -0.065574	 -0.048656	  0.048406	 -0.050403	  0.037530	  0.008500	  0.074900	 -0.027393	  0.007489	  0.017564
 -0.025582	 -0.023613	  0.084163	  0.016528	  0.020319	  0.019990	 -0.010208	 -0.075987	 -0.062166	  0.030576	 -0.064248	  0.018943	  0.007790	  0.078249	 -0.048476	  0.030217	  0.024780
  0.009526	 -0.009185	  0.095408	  0.004237	  0.036798	  0.042863	 -0.038386	 -0.079727	 -0.067858	  0.006882	 -0.077895	  0.003545	  0.012409	  0.083854	 -0.037656	  0.033347	  0.030536
  0.017649	 -0.026636	  0.074552	 -0.022906	  0.004222	  0.047585	 -0.050048	 -0.063714	 -0.070884	  0.011937	 -0.065575	  0.007107	 -0.006697	  0.048946	 -0.034978	  0.041010	  0.057365
  0.007220	 -0.023380	  0.062764	 -0.032126	  0.007040	  0.040176	 -0.023536	 -0.056377	 -0.082094	  0.012173	 -0.049795	  0.002158	 -0.014889	  0.025675	 -0.018779	  0.030541	  0.041961
 -0.026571	 -0.017004	  0.075639	 -0.017998	  0.028218	  0.046642	 -0.019452	 -0.072558	 -0.060848	  0.018292	 -0.059306	 -0.023615	 -0.008293	  0.029373	 -0.009669	  0.041198	  0.027814
 -0.033063	 -0.034524	  0.075178	 -0.016545	  0.021358	  0.041403	  0.004390	 -0.080793	 -0.069228	  0.001039	 -0.052047	 -0.014055	 -0.011733	  0.031773	 -0.015544	  0.024181	  0.006624
 -0.018591	 -0.034066	  0.093681	 -0.010639	 -0.000742	  0.044822	  0.017965	 -0.095992	 -0.068435	  0.001059	 -0.037970	  0.007916	  0.006467	  0.050606	 -0.061121	  0.010956	  0.004355
 -0.014412	 -0.022971	  0.098540	 -0.025467	  0.015632	  0.040139	  0.000039	 -0.080999	 -0.062809	 -0.006337	 -0.046833	  0.016319	  0.016436	  0.071519	 -0.062347	  0.019669	  0.005999
 -0.012769	 -0.031420	  0.087924	 -0.029632	  0.032790	  0.041569	 -0.019930	 -0.087266	 -0.070698	  0.004536	 -0.015052	 -0.000938	  0.011517	  0.063981	 -0.060800	  0.025730	 -0.009095
 -0.000230	 -0.036998	  0.088975	 -0.035682	  0.042657	  0.049277	 -0.025490	 -0.068625	 -0.067946	  0.007465	 -0.006966	  0.015585	  0.006554	  0.040026	 -0.035974	  0.019389	  0.024272
  0.001843	 -0.047000	  0.067122	 -0.027391	  0.026337	  0.052569	  0.000105	 -0.050404	 -0.040142	 -0.000668	 -0.000092	  0.018603	  0.019443	  0.042190	 -0.005740	  0.027115	  0.050257
 -0.042667	 -0.051323	  0.056744	 -0.035583	  0.008663	  0.047707	 -0.002478	 -0.033224	 -0.021854	  0.017276	 -0.000064	 -0.000537	  0.061529	  0.048889	 -0.019193	  0.047311	  0.058256
 -0.019288	 -0.034343	  0.046984	 -0.045728	  0.038286	  0.072232	 -0.009146	  0.000436	 -0.024784	  0.021552	 -0.018435	  0.012151	  0.086516	  0.038005	 -0.035069	  0.051388	  0.072849
 -0.000005	 -0.047055	  0.051995	 -0.029770	  0.070555	  0.078863	 -0.003051	 -0.023346	 -0.048603	  0.006996	 -0.012723	  0.010668	  0.076969	  0.010273	 -0.038348	  0.041055	  0.065631
  0.036754	 -0.051129	  0.068840	 -0.024422	  0.070701	  0.082783	  0.000170	 -0.058924	 -0.059523	  0.021725	  0.021082	  0.016181	  0.066358	 -0.012576	 -0.026054	 -0.005115	  0.055724
  0.075907	 -0.046997	  0.055095	 -0.029104	  0.040805	  0.056072	 -0.006076	 -0.066722	 -0.078067	  0.024827	 -0.001059	  0.015876	  0.041911	  0.002545	 -0.015050	 -0.016246	  0.026435
  0.063502	 -0.054435	  0.051090	 -0.006856	  0.054705	  0.038445	 -0.002870	 -0.077476	 -0.067267	  0.031231	  0.015987	  0.011389	  0.046785	  0.016910	 -0.035956	 -0.005464	  0.020678
  0.056297	 -0.031840	  0.052985	 -0.000659	  0.047704	  0.058131	  0.037866	 -0.066839	 -0.055678	  0.034614	 -0.009259	  0.022073	  0.038766	  0.014489	 -0.049430	 -0.043145	  0.004629
  0.049018	 -0.031155	  0.030748	 -0.022881	  0.027992	  0.067033	  0.038583	 -0.071508	 -0.062097	  0.036064	 -0.042324	  0.041622	  0.022240	  0.039399	 -0.032741	 -0.040320	  0.007846
  0.018022	 -0.035971	  0.039565	 -0.018692	  0.026944	  0.089132	  0.009973	 -0.093616	 -0.073701	  0.014244	 -0.046505	  0.033315	  0.035553	  0.058557	  0.006142	 -0.022876	  0.026458
  0.015480	 -0.035589	  0.057997	 -0.018393	  0.011687	  0.082418	  0.010234	 -0.085866	 -0.040109	  0.011307	 -0.036053	  0.034846	  0.041849	  0.062336	  0.020372	 -0.018425	  0.039426
  0.021425	 -0.010605	  0.021262	 -0.024983	  0.005158	  0.090817	  0.013858	 -0.126407	 -0.002636	  0.016107	 -0.024320	  0.059766	  0.027003	  0.047813	  0.027277	  0.023716	  0.041211
  0.038928	 -0.018908	  0.017380	 -0.027195	  0.007603	  0.085622	  0.000898	 -0.132841	  0.010993	  0.018121	 -0.014455	  0.050979	  0.028215	  0.027933	  0.016885	  0.034473	  0.027465
  0.015412	 -0.012970	  0.032232	 -0.003351	  0.004576	  0.064182	  0.000997	 -0.112767	  0.007252	  0.015725	  0.014842	  0.063409	  0.028228	  0.025408	 -0.041578	  0.004682	  0.030109
 -0.025055	  0.004757	  0.076726	  0.008412	 -0.028971	  0.052382	 -0.001426	 -0.124596	 -0.025620	  0.017677	 -0.004960	  0.047573	  0.002444	  0.048689	 -0.075737	  0.010558	  0.013912
 -0.009412	  0.007359	  0.085436	 -0.002912	 -0.015589	  0.038757	 -0.025595	 -0.105978	 -0.020873	  0.005399	 -0.028113	  0.038581	 -0.011219	  0.055478	 -0.073070	  0.004162	 -0.016752
 -0.003088	 -0.004534	  0.080596	  0.003229	  0.007034	  0.023795	 -0.003493	 -0.066193	 -0.040815	 -0.000241	 -0.033033	  0.032063	 -0.008286	  0.057196	 -0.069435	  0.009094	 -0.028425
 -0.002707	 -0.026020	  0.063631	 -0.015062	 -0.002647	  0.017369	  0.018544	 -0.060361	 -0.066262	 -0.019622	 -0.043999	  0.036250	 -0.008322	  0.055825	 -0.054153	  0.037818	 -0.030073
  0.007237	 -0.008218	  0.053592	 -0.024976	  0.032346	  0.030344	  0.014290	 -0.046480	 -0.048005	  0.009115	 -0.035156	  0.024799	 -0.017896	  0.048992	 -0.017144	  0.058835	 -0.016677
  0.024537	 -0.004927	  0.048457	 -0.033610	  0.056320	  0.044587	 -0.011592	 -0.067293	 -0.024376	  0.021046	 -0.011350	 -0.011656	 -0.015152	  0.036962	 -0.007368	  0.066195	 -0.021803
  0.004181	 -0.012253	  0.061133	 -0.039128	  0.063376	  0.046948	 -0.023749	 -0.055908	 -0.003827	  0.022915	 -0.038289	 -0.009568	 -0.015895	  0.065459	 -0.021504	  0.083447	 -0.016319
 -0.006206	 -0.027914	  0.039456	 -0.028852	  0.076793	  0.013946	 -0.005106	 -0.055780	 -0.002022	  0.019642	 -0.043746	  0.014604	 -0.031834	  0.065594	 -0.010994	  0.097248	 -0.020439
  0.002615	 -0.021361	  0.015022	 -0.038521	  0.064472	  0.017418	  0.007269	 -0.045777	 -0.021372	  0.025596	 -0.027652	  0.021483	 -0.035913	  0.067777	  0.000087	  0.089936	 -0.018200
  0.010042	 -0.015567	  0.033643	 -0.040872	  0.051648	  0.019624	 -0.001165	 -0.019898	 -0.020437	  0.033367	 -0.040079	  0.025028	 -0.043611	  0.068396	 -0.018318	  0.083223	 -0.013969
  0.008062	 -0.027071	  0.040578	 -0.058992	  0.058746	  0.040521	  0.002705	 -0.033367	 -0.013750	 -0.010604	 -0.050542	  0.029073	 -0.036743	  0.052971	 -0.037669	  0.080693	 -0.032027
  0.014451	  0.007451	  0.032449	 -0.053590	  0.061859	  0.052989	  0.033601	 -0.016422	 -0.010785	 -0.014478	 -0.054441	  0.028539	 -0.011858	  0.055565	 -0.016994	  0.089002	 -0.040893
  0.017823	 -0.009604	  0.026414	 -0.054881	  0.052688	  0.072943	  0.049768	 -0.015654	 -0.022927	 -0.012248	 -0.071634	  0.026778	 -0.000074	  0.065105	  0.024386	  0.051182	 -0.037462
  0.018484	 -0.048525	  0.005412	 -0.042056	  0.064216	  0.089930	  0.038258	 -0.043065	 -0.018270	  0.003942	 -0.051708	  0.016049	 -0.001670	  0.052167	  0.046027	  0.024443	 -0.028746
  0.011593	 -0.019388	 -0.010905	 -0.048335	  0.066907	  0.072839	  0.029782	 -0.045226	 -0.017595	 -0.009766	 -0.035234	  0.023436	 -0.022314	  0.055210	  0.090913	 -0.007776	 -0.014728
  0.006847	 -0.026436	 -0.011504	 -0.061228	  0.061173	  0.037699	  0.072691	 -0.043906	 -0.031248	 -0.020481	 -0.062660	  0.032084	 -0.006036	  0.050027	  0.069778	  0.001645	 -0.002632
  0.024645	 -0.051076	 -0.022568	 -0.064724	  0.092450	  0.049702	  0.064310	 -0.015288	 -0.025677	 -0.016701	 -0.042503	  0.041227	  0.016650	  0.041892	  0.049444	  0.002403	  0.026270
  0.010399	 -0.075764	 -0.025818	 -0.058936	  0.083842	  0.042969	  0.070839	 -0.005004	 -0.023313	 -0.037078	 -0.019495	  0.059883	 -0.002821	  0.033642	  0.046474	 -0.028132	  0.026920
 -0.019812	 -0.064533	 -0.015022	 -0.058868	  0.075988	  0.047065	  0.088589	 -0.030177	 -0.012830	 -0.023550	 -0.018062	  0.059891	 -0.040673	  0.036556	  0.047213	 -0.045910	  0.012092
 -0.009102	 -0.067916	 -0.000026	 -0.035987	  0.058928	  0.040167	  0.078975	 -0.011104	  0.000727	 -0.012116	 -0.017708	  0.072050	 -0.039487	  0.011192	  0.035684	 -0.056310	 -0.007243
 -0.014879	 -0.057425	 -0.011510	 -0.021953	  0.044436	  0.009722	  0.088200	  0.001226	  0.000630	 -0.033757	 -0.030374	  0.066246	 -0.031496	 -0.007932	  0.024780	 -0.045833	 -0.012174
 -0.046286	 -0.044487	 -0.013187	 -0.007561	  0.066010	 -0.035738	  0.090549	  0.016030	  0.001914	 -0.035014	 -0.043221	  0.053518	 -0.008623	  0.005610	  0.026319	 -0.022587	 -0.036613
 -0.040022	 -0.043123	  0.005914	 -0.000425	  0.078613	 -0.032274	  0.064402	 -0.003766	  0.013912	 -0.034385	 -0.034334	  0.059156	  0.000977	  0.032154	  0.017115	 -0.013225	 -0.033609
 -0.028482	 -0.037848	  0.001225	 -0.030174	  0.090483	  0.003154	  0.054354	 -0.025195	  0.029628	 -0.059011	 -0.032816	  0.055822	 -0.009836	  0.035598	  0.013002	 -0.014763	 -0.052411
 -0.035841	 -0.016317	 -0.016451	 -0.047057	  0.109221	  0.004516	  0.045865	 -0.016926	 -0.000329	 -0.057597	 -0.030635	  0.070379	 -0.005654	  0.035469	  0.003752	 -0.029657	 -0.068383
 -0.061601	  0.007949	  0.007824	 -0.033800	  0.106056	 -0.025025	  0.050265	 -0.024171	 -0.008840	 -0.041158	 -0.055370	  0.069633	 -0.020913	  0.062244	 -0.013106	 -0.019415	 -0.062687
 -0.041073	  0.022013	 -0.008733	 -0.021921	  0.076769	 -0.036391	  0.090367	  0.003047	 -0.007634	 -0.067225	 -0.049988	  0.078892	 -0.033654	  0.063293	 -0.033114	 -0.005408	 -0.040597
 -0.036268	  0.006967	 -0.039423	 -0.022027	  0.069348	 -0.033487	  0.094719	  0.025612	 -0.025113	 -0.089901	 -0.064185	  0.076282	 -0.030834	  0.066573	 -0.003153	  0.007133	 -0.028313
 -0.035359	  0.000300	 -0.029355	  0.005498	  0.075994	 -0.005618	  0.081010	  0.048547	 -0.026111	 -0.082761	 -0.056082	  0.082130	 -0.028794	  0.060181	  0.010387	 -0.008842	 -0.040739
 -0.053568	 -0.020838	 -0.018433	 -0.009479	  0.096073	  0.030831	  0.075152	  0.079452	 -0.023878	 -0.085550	 -0.033994	  0.079668	 -0.028714	  0.042392	  0.016135	 -0.030146	 -0.045062
