:RUN-3	LEVEL SWEEP	TEMP:NaN	2/15/2024	4:00 PM	HR:NaN:SW EAR: L	SW FREQ: 16.00	# AVERAGES: 512	REP RATE (/sec): 39	DRIVER: 	SAMPLE (µsec): 40	MASKER dB: 0:Threshold: 30.8:NOTES-:CHAMBER-Bach:Avgs: 512;512;512;512;512;512;512;512;512;512;512;512;512;512;512;512;512
:Tries: 597;583;586;591;577;583;579;592;574;595;590;599;598;589;590;588;589
:Log: :Vary signal level: TRUE :Control: NaN:CFTS Version: V2.37.2 (R3379):LEVELS:20;25;30;35;40;45;50;55;60;65;70;75;80;85;90;95;100;:DATA -0.050870	 -0.046834	  0.051879	  0.019928	  0.010503	  0.049844	  0.013255	  0.024943	  0.018819	  0.043505	  0.029870	 -0.007808	  0.031633	  0.029965	  0.061057	  0.109057	  0.115603
 -0.040631	 -0.059336	  0.039874	  0.012087	 -0.007438	  0.030346	 -0.003688	  0.006512	  0.053087	  0.020100	  0.035625	 -0.014324	  0.026783	  0.036308	  0.064942	  0.125131	  0.113409
 -0.032857	 -0.023393	  0.022035	 -0.000090	 -0.020575	  0.021070	  0.007441	  0.013477	  0.052462	  0.001878	  0.030165	  0.023627	  0.057725	  0.055246	  0.091411	  0.084710	  0.122238
 -0.010387	 -0.010495	  0.013243	 -0.015168	 -0.032227	  0.030747	  0.007382	  0.016026	  0.047462	 -0.000236	  0.029892	  0.044389	  0.044933	  0.072337	  0.090581	  0.055571	  0.128368
  0.027502	 -0.013566	  0.036793	  0.023039	 -0.030520	  0.044274	 -0.022712	 -0.002373	  0.044728	 -0.019591	  0.027489	  0.019269	  0.047657	  0.054581	  0.066933	  0.067058	  0.116716
  0.070556	 -0.003260	  0.034233	  0.037158	 -0.021401	  0.039549	 -0.016212	  0.009010	  0.040479	 -0.009937	  0.007777	 -0.015530	  0.054897	  0.039203	  0.032688	  0.066525	  0.127694
  0.067626	  0.015881	 -0.000071	  0.034891	  0.019573	  0.021791	 -0.005004	  0.020566	  0.055542	 -0.007168	  0.008950	  0.001781	  0.056121	  0.053057	  0.013628	  0.041535	  0.147301
  0.042596	  0.019027	 -0.013851	  0.020909	  0.029949	 -0.009178	  0.003475	  0.003405	  0.058900	 -0.015374	  0.015536	  0.025127	  0.062605	  0.053985	  0.040158	  0.063388	  0.144916
  0.011938	  0.032514	 -0.013513	 -0.009408	  0.012486	 -0.022543	  0.008658	 -0.005849	  0.017615	  0.003927	  0.021467	  0.033865	  0.038350	  0.027889	  0.081605	  0.080683	  0.125770
 -0.022260	  0.062919	 -0.053644	 -0.005437	  0.017435	 -0.022395	  0.025666	  0.041433	 -0.010248	  0.003786	  0.007893	  0.040013	  0.030942	  0.033393	  0.102009	  0.091878	  0.133123
 -0.004734	  0.060393	 -0.071719	 -0.019347	  0.013410	 -0.033503	  0.030177	  0.032468	 -0.037922	 -0.005176	 -0.019829	  0.003926	  0.022322	  0.044090	  0.100196	  0.118537	  0.104457
  0.036082	  0.032471	 -0.047876	 -0.013515	 -0.011921	 -0.041753	 -0.015219	  0.022519	 -0.058269	  0.005550	 -0.024755	 -0.026576	  0.035486	  0.046503	  0.058145	  0.095124	  0.049802
  0.028928	  0.010572	 -0.000705	 -0.007965	  0.008259	 -0.039904	 -0.002627	  0.032732	 -0.036234	  0.021290	 -0.015377	 -0.011338	  0.020965	  0.046928	  0.047908	  0.032455	 -0.008095
 -0.005154	  0.018436	  0.031787	  0.016137	  0.018913	 -0.027505	  0.012570	  0.019968	 -0.014805	  0.004106	 -0.026298	  0.013208	 -0.009966	  0.023105	  0.022297	 -0.015781	 -0.042865
 -0.006422	  0.001809	  0.021763	 -0.008378	 -0.006998	 -0.023322	  0.018695	  0.004882	 -0.002003	  0.021442	 -0.019295	  0.010962	 -0.030915	 -0.035857	 -0.039090	 -0.095941	 -0.112855
 -0.020584	 -0.015435	 -0.008073	 -0.026403	  0.001442	 -0.009960	  0.002684	 -0.002574	 -0.021692	  0.025306	  0.005148	 -0.003239	 -0.039104	 -0.060161	 -0.108280	 -0.140677	 -0.208223
 -0.022343	  0.011026	 -0.012830	 -0.024733	  0.012343	  0.016441	 -0.001557	 -0.032695	 -0.063383	  0.014714	  0.002964	 -0.011031	 -0.062669	 -0.080323	 -0.152037	 -0.151998	 -0.256958
 -0.029390	 -0.006008	 -0.009688	 -0.018650	  0.011699	  0.002739	 -0.000868	 -0.062024	 -0.055246	  0.001409	 -0.016167	 -0.009050	 -0.098704	 -0.133742	 -0.180679	 -0.189088	 -0.280375
 -0.013073	 -0.043639	 -0.014600	 -0.020145	 -0.005401	 -0.011780	 -0.016697	 -0.068497	 -0.044303	 -0.046288	 -0.028727	 -0.044591	 -0.129035	 -0.156630	 -0.197884	 -0.213581	 -0.268315
 -0.026523	 -0.043082	 -0.005038	  0.005091	 -0.019533	 -0.014958	 -0.045416	 -0.073929	 -0.044988	 -0.063241	 -0.072328	 -0.072682	 -0.160026	 -0.149874	 -0.195587	 -0.224585	 -0.251709
 -0.054395	 -0.057782	  0.004046	  0.013325	 -0.034208	 -0.041171	 -0.073622	 -0.041480	 -0.043893	 -0.086921	 -0.088573	 -0.100557	 -0.190204	 -0.152790	 -0.210973	 -0.204072	 -0.235356
 -0.070387	 -0.056866	  0.014539	 -0.014262	 -0.027270	 -0.038264	 -0.079547	 -0.044774	 -0.031956	 -0.094410	 -0.101185	 -0.146933	 -0.212140	 -0.176391	 -0.248762	 -0.213536	 -0.239535
 -0.048038	 -0.040425	  0.038014	 -0.051898	 -0.024151	 -0.047755	 -0.067151	 -0.064807	 -0.050904	 -0.078862	 -0.069306	 -0.136868	 -0.208271	 -0.200839	 -0.275962	 -0.240557	 -0.283523
 -0.035936	 -0.052720	  0.035990	 -0.063148	 -0.028490	 -0.060249	 -0.049038	 -0.051180	 -0.064472	 -0.066979	 -0.074166	 -0.157704	 -0.211129	 -0.200832	 -0.288789	 -0.262537	 -0.341182
 -0.031632	 -0.077389	  0.035419	 -0.075217	 -0.045491	 -0.080934	 -0.064540	 -0.044108	 -0.051494	 -0.062599	 -0.074510	 -0.189343	 -0.258613	 -0.214314	 -0.294647	 -0.298391	 -0.396554
 -0.035279	 -0.084899	  0.008077	 -0.073345	 -0.056649	 -0.077489	 -0.081150	 -0.045231	 -0.038398	 -0.108301	 -0.092090	 -0.213093	 -0.316102	 -0.266430	 -0.332321	 -0.329421	 -0.429037
 -0.031724	 -0.063946	 -0.019920	 -0.107142	 -0.054993	 -0.083981	 -0.078358	 -0.052660	 -0.053682	 -0.109911	 -0.135563	 -0.202010	 -0.328443	 -0.322708	 -0.347326	 -0.355020	 -0.446447
 -0.017897	 -0.039822	 -0.011145	 -0.128159	 -0.021758	 -0.085124	 -0.051975	 -0.082290	 -0.094783	 -0.113658	 -0.148256	 -0.199021	 -0.341564	 -0.355823	 -0.350962	 -0.361237	 -0.430390
 -0.017993	 -0.040375	  0.016155	 -0.083152	 -0.026651	 -0.060355	 -0.047264	 -0.116698	 -0.148935	 -0.132551	 -0.193097	 -0.249715	 -0.334626	 -0.355011	 -0.338595	 -0.341357	 -0.396354
 -0.001254	 -0.028684	  0.049054	 -0.054056	 -0.043257	 -0.061439	 -0.089884	 -0.133158	 -0.178810	 -0.153207	 -0.215679	 -0.262706	 -0.303273	 -0.332779	 -0.330924	 -0.284386	 -0.316947
 -0.018243	 -0.022245	  0.080642	 -0.052614	 -0.028822	 -0.068477	 -0.103503	 -0.159530	 -0.187235	 -0.167335	 -0.209789	 -0.231673	 -0.280745	 -0.285584	 -0.296699	 -0.207068	 -0.218278
 -0.023656	 -0.006793	  0.075969	 -0.035416	 -0.030462	 -0.093117	 -0.123367	 -0.162048	 -0.190017	 -0.165310	 -0.201719	 -0.192547	 -0.240711	 -0.243981	 -0.221681	 -0.168692	 -0.111166
 -0.037730	 -0.014039	  0.103152	 -0.078676	 -0.049067	 -0.119317	 -0.135156	 -0.148371	 -0.173574	 -0.123841	 -0.136464	 -0.144569	 -0.172317	 -0.178865	 -0.134919	 -0.106119	 -0.037120
 -0.032488	 -0.033941	  0.095657	 -0.116244	 -0.021811	 -0.115252	 -0.142576	 -0.128100	 -0.169934	 -0.121801	 -0.059112	 -0.097318	 -0.087155	 -0.058393	 -0.057952	 -0.042839	 -0.010762
 -0.024790	 -0.037763	  0.060541	 -0.101009	 -0.001656	 -0.102421	 -0.127120	 -0.114627	 -0.129530	 -0.087582	 -0.001756	 -0.058788	 -0.042272	  0.001212	 -0.042846	 -0.031659	 -0.016999
  0.001421	 -0.071405	  0.048045	 -0.094030	 -0.005556	 -0.095087	 -0.093467	 -0.092583	 -0.068275	 -0.048757	  0.061281	  0.006867	  0.019390	  0.036528	 -0.037971	 -0.020186	 -0.024399
 -0.027028	 -0.081701	  0.056807	 -0.104373	 -0.019236	 -0.107215	 -0.058972	 -0.053128	 -0.022691	 -0.001295	  0.093339	  0.058542	  0.043358	  0.053024	 -0.017140	  0.018440	  0.014655
 -0.050195	 -0.082100	  0.074427	 -0.096513	  0.008427	 -0.074836	 -0.025924	 -0.012841	  0.052463	  0.019242	  0.119659	  0.071564	  0.064395	  0.044070	  0.029671	  0.084458	  0.143964
 -0.069146	 -0.104777	  0.073599	 -0.084683	  0.021446	 -0.048338	 -0.013364	  0.015563	  0.085398	  0.053946	  0.145800	  0.084025	  0.044305	  0.033469	  0.054722	  0.148878	  0.309150
 -0.061864	 -0.107383	  0.068601	 -0.081855	  0.030342	 -0.032205	  0.007319	  0.037095	  0.112175	  0.095203	  0.175184	  0.052459	  0.031188	  0.022903	  0.077038	  0.229470	  0.399362
 -0.061412	 -0.087198	  0.049196	 -0.085923	  0.029743	 -0.006183	  0.024206	  0.083134	  0.105432	  0.118363	  0.123576	  0.022125	  0.022868	  0.002920	  0.049219	  0.292765	  0.362342
 -0.071267	 -0.104228	  0.057981	 -0.069513	  0.013787	  0.005522	  0.028056	  0.119835	  0.098207	  0.121717	  0.086947	 -0.057955	 -0.044172	 -0.045370	 -0.015430	  0.218155	  0.171209
 -0.063886	 -0.095004	  0.056872	 -0.067186	  0.016265	 -0.001793	  0.026313	  0.102050	  0.080067	  0.088619	  0.050742	 -0.121239	 -0.119028	 -0.123358	 -0.126368	  0.029749	 -0.129434
 -0.045242	 -0.059656	  0.072588	 -0.071677	  0.054101	 -0.011797	  0.024571	  0.096096	  0.045955	  0.029916	 -0.026347	 -0.212230	 -0.214734	 -0.259573	 -0.249475	 -0.239808	 -0.496755
 -0.044842	 -0.074576	  0.090388	 -0.038796	  0.063287	 -0.035285	  0.014429	  0.064023	  0.017472	 -0.045284	 -0.109151	 -0.321630	 -0.356241	 -0.434686	 -0.420815	 -0.531167	 -0.838254
 -0.044403	 -0.050978	  0.068229	 -0.046927	  0.050099	 -0.044652	 -0.048334	  0.021235	 -0.069586	 -0.131830	 -0.223330	 -0.447640	 -0.475760	 -0.567685	 -0.604033	 -0.780430	 -1.124010
 -0.051690	 -0.065175	  0.085984	 -0.056994	  0.050863	 -0.083112	 -0.097905	 -0.029383	 -0.161260	 -0.248708	 -0.350315	 -0.552746	 -0.601096	 -0.701366	 -0.800216	 -0.998757	 -1.321889
 -0.070746	 -0.079375	  0.103875	 -0.056351	  0.048804	 -0.113458	 -0.139022	 -0.138743	 -0.271177	 -0.396633	 -0.474836	 -0.615809	 -0.682961	 -0.793246	 -0.964092	 -1.160323	 -1.436253
 -0.056916	 -0.044939	  0.076742	 -0.071562	  0.042891	 -0.119692	 -0.172949	 -0.219323	 -0.374320	 -0.454187	 -0.538031	 -0.683501	 -0.748901	 -0.829065	 -1.045460	 -1.200279	 -1.428160
 -0.071862	 -0.076067	  0.043942	 -0.070088	  0.042267	 -0.137420	 -0.199967	 -0.285267	 -0.452216	 -0.484386	 -0.573098	 -0.696267	 -0.730240	 -0.804467	 -1.028366	 -1.088955	 -1.279500
 -0.055435	 -0.098494	  0.051899	 -0.073636	  0.033647	 -0.184931	 -0.257656	 -0.359805	 -0.479343	 -0.502729	 -0.544604	 -0.632655	 -0.647341	 -0.748255	 -0.906402	 -0.887182	 -1.049297
 -0.040214	 -0.101385	  0.032204	 -0.097784	 -0.032357	 -0.238594	 -0.302411	 -0.409912	 -0.450258	 -0.508350	 -0.463362	 -0.490416	 -0.539160	 -0.620293	 -0.737111	 -0.638576	 -0.701570
 -0.049875	 -0.091504	  0.027346	 -0.097570	 -0.095888	 -0.281201	 -0.356389	 -0.433252	 -0.409379	 -0.441206	 -0.353090	 -0.369121	 -0.384965	 -0.455966	 -0.491686	 -0.335646	 -0.248393
 -0.076609	 -0.085421	  0.032678	 -0.121665	 -0.112710	 -0.338329	 -0.377879	 -0.404856	 -0.328429	 -0.309511	 -0.198397	 -0.237748	 -0.210667	 -0.244035	 -0.220120	  0.025975	  0.267243
 -0.042583	 -0.059009	  0.052126	 -0.172395	 -0.135864	 -0.360092	 -0.385699	 -0.359459	 -0.218614	 -0.171010	 -0.051754	 -0.101439	  0.001133	  0.007053	  0.010860	  0.371433	  0.723073
 -0.025503	 -0.020216	  0.062855	 -0.195219	 -0.150612	 -0.319803	 -0.322207	 -0.244723	 -0.115084	 -0.033735	  0.066034	  0.034438	  0.176858	  0.221751	  0.249988	  0.676915	  1.069299
 -0.016370	 -0.013714	  0.081835	 -0.202650	 -0.152506	 -0.271070	 -0.258874	 -0.135782	 -0.014822	  0.081660	  0.184930	  0.177918	  0.291134	  0.363975	  0.411924	  0.879417	  1.218680
 -0.024830	 -0.013544	  0.021979	 -0.226699	 -0.154206	 -0.234015	 -0.180940	 -0.058650	  0.090916	  0.174203	  0.305083	  0.272127	  0.335537	  0.449355	  0.478960	  0.960127	  1.175809
 -0.058751	 -0.038169	 -0.020449	 -0.237481	 -0.109316	 -0.188251	 -0.088794	  0.018004	  0.180531	  0.234969	  0.364970	  0.286025	  0.371256	  0.426372	  0.498433	  0.935086	  0.953003
 -0.065912	 -0.053394	 -0.014427	 -0.208261	 -0.056226	 -0.110679	 -0.032351	  0.097591	  0.227530	  0.273520	  0.348147	  0.256371	  0.318946	  0.330874	  0.421113	  0.797113	  0.634326
 -0.072843	 -0.062436	 -0.000294	 -0.175485	 -0.009429	 -0.055636	  0.021938	  0.128869	  0.228677	  0.258685	  0.321811	  0.198304	  0.215966	  0.218410	  0.276313	  0.548792	  0.294892
 -0.073301	 -0.092624	  0.021880	 -0.143272	 -0.001937	 -0.024052	  0.023771	  0.142987	  0.213309	  0.195692	  0.251718	  0.136100	  0.118394	  0.096689	  0.123226	  0.246344	 -0.063080
 -0.099271	 -0.108330	  0.050179	 -0.107057	  0.010974	 -0.008060	  0.010157	  0.128615	  0.169735	  0.100096	  0.139830	  0.055284	 -0.022354	 -0.066698	 -0.017282	  0.011454	 -0.353751
 -0.099600	 -0.117569	  0.044457	 -0.061427	  0.035395	  0.008340	 -0.005637	  0.100224	  0.133067	 -0.006095	  0.046783	 -0.058248	 -0.163398	 -0.183946	 -0.161428	 -0.183520	 -0.527552
 -0.098646	 -0.108828	  0.033847	 -0.020124	  0.035211	 -0.005213	 -0.045389	  0.057768	  0.089395	 -0.071671	 -0.021139	 -0.158525	 -0.266776	 -0.271116	 -0.256875	 -0.301378	 -0.551483
 -0.077052	 -0.093224	  0.035151	 -0.045074	  0.014230	 -0.034287	 -0.091750	 -0.018774	  0.024235	 -0.148778	 -0.079194	 -0.236956	 -0.324653	 -0.348537	 -0.271353	 -0.303506	 -0.476297
 -0.041455	 -0.092061	  0.035837	 -0.076067	 -0.020833	 -0.034561	 -0.116170	 -0.085447	 -0.044724	 -0.201226	 -0.124748	 -0.283302	 -0.371818	 -0.331277	 -0.219401	 -0.226047	 -0.322634
 -0.022614	 -0.097373	  0.058536	 -0.064147	 -0.035489	 -0.060368	 -0.143072	 -0.093570	 -0.086581	 -0.197309	 -0.147149	 -0.252976	 -0.320390	 -0.269678	 -0.119684	 -0.064163	 -0.081173
 -0.016327	 -0.090630	  0.068158	 -0.040710	 -0.039083	 -0.075595	 -0.173606	 -0.093068	 -0.100353	 -0.175337	 -0.104332	 -0.198471	 -0.194120	 -0.120112	  0.062687	  0.185056	  0.155013
 -0.055640	 -0.070026	  0.043375	 -0.037140	 -0.009927	 -0.092762	 -0.204201	 -0.114780	 -0.103871	 -0.161414	 -0.066302	 -0.093587	 -0.035689	  0.076634	  0.249581	  0.424571	  0.406224
 -0.080791	 -0.091150	  0.072155	 -0.079190	 -0.000522	 -0.108576	 -0.189548	 -0.118691	 -0.091088	 -0.128701	  0.007995	  0.065240	  0.110732	  0.255193	  0.386416	  0.615270	  0.683418
 -0.114515	 -0.121767	  0.050858	 -0.120199	  0.009563	 -0.111179	 -0.157979	 -0.084059	 -0.080005	 -0.023639	  0.133240	  0.225512	  0.286021	  0.428327	  0.533541	  0.805905	  0.911552
 -0.113587	 -0.115573	  0.015341	 -0.111019	  0.037590	 -0.095480	 -0.141713	 -0.046192	 -0.022465	  0.062171	  0.242028	  0.358128	  0.418824	  0.562085	  0.660070	  0.953909	  1.083716
 -0.110939	 -0.091721	  0.019146	 -0.109865	  0.039160	 -0.105533	 -0.119424	 -0.023145	  0.053593	  0.147606	  0.350301	  0.449237	  0.478517	  0.626895	  0.768318	  1.048618	  1.222576
 -0.105210	 -0.093620	  0.048992	 -0.101709	  0.019104	 -0.105284	 -0.070614	  0.010374	  0.131372	  0.232247	  0.421703	  0.506332	  0.538972	  0.635149	  0.847386	  1.095693	  1.252253
 -0.098334	 -0.075897	  0.052985	 -0.071342	  0.002492	 -0.043220	 -0.025799	  0.046233	  0.184744	  0.292314	  0.456374	  0.494264	  0.558058	  0.636505	  0.865511	  1.060442	  1.228950
 -0.112270	 -0.070139	  0.047045	 -0.077084	  0.014238	 -0.025646	  0.022464	  0.135955	  0.235892	  0.322439	  0.468920	  0.479739	  0.520332	  0.595974	  0.812808	  0.995572	  1.149017
 -0.139475	 -0.093822	  0.061177	 -0.061050	  0.035447	  0.010194	  0.034596	  0.186503	  0.248849	  0.328724	  0.446445	  0.467359	  0.499733	  0.565527	  0.723922	  0.890731	  0.986110
 -0.129002	 -0.098915	  0.066138	 -0.045430	  0.056896	  0.001170	  0.040331	  0.191550	  0.237055	  0.311136	  0.397452	  0.433091	  0.427482	  0.497684	  0.628890	  0.775495	  0.793718
 -0.108492	 -0.100640	  0.071635	 -0.063648	  0.096175	  0.003314	  0.054018	  0.220231	  0.234813	  0.287096	  0.350749	  0.379260	  0.316323	  0.378806	  0.501437	  0.626910	  0.609462
 -0.084808	 -0.109977	  0.078261	 -0.037218	  0.110046	  0.024143	  0.049060	  0.219070	  0.250066	  0.266238	  0.304029	  0.292866	  0.210869	  0.269098	  0.384558	  0.469238	  0.408602
 -0.090893	 -0.079446	  0.105714	 -0.020224	  0.110256	  0.024342	  0.023342	  0.196765	  0.250847	  0.247588	  0.231002	  0.194660	  0.115924	  0.168877	  0.272265	  0.357065	  0.237092
 -0.090917	 -0.059407	  0.110132	 -0.004705	  0.134693	  0.042422	  0.008703	  0.188747	  0.215441	  0.182361	  0.160564	  0.131423	  0.016775	  0.068988	  0.149673	  0.222603	  0.089741
 -0.058493	 -0.048463	  0.094272	  0.000040	  0.132936	  0.045900	 -0.000940	  0.151521	  0.162208	  0.102683	  0.120613	  0.058830	 -0.057518	 -0.045687	  0.034779	  0.082175	 -0.034791
 -0.042814	 -0.053301	  0.083006	 -0.004006	  0.101290	  0.022569	  0.006577	  0.100362	  0.111178	  0.060973	  0.070064	 -0.059523	 -0.105989	 -0.121797	 -0.063163	 -0.029256	 -0.114311
 -0.063587	 -0.056053	  0.125756	 -0.037154	  0.080293	  0.013127	  0.003360	  0.085261	  0.048609	  0.022105	  0.029197	 -0.116196	 -0.152119	 -0.160705	 -0.120586	 -0.088143	 -0.143571
 -0.046385	 -0.049628	  0.125385	 -0.062912	  0.061998	  0.020327	 -0.032837	  0.058710	 -0.018768	 -0.044099	 -0.022848	 -0.150447	 -0.196189	 -0.220071	 -0.169941	 -0.089268	 -0.082165
 -0.059203	 -0.077328	  0.126782	 -0.060997	  0.060988	  0.007465	 -0.081937	  0.002005	 -0.054275	 -0.098726	 -0.068718	 -0.144529	 -0.240734	 -0.252420	 -0.190612	 -0.018120	 -0.000617
 -0.079698	 -0.056959	  0.140645	 -0.068646	  0.047506	  0.017372	 -0.106088	 -0.019172	 -0.051288	 -0.131472	 -0.114926	 -0.144389	 -0.235475	 -0.233182	 -0.142789	  0.072969	  0.091400
 -0.079081	 -0.033383	  0.119329	 -0.072314	  0.017257	  0.011639	 -0.132432	 -0.033492	 -0.046652	 -0.161519	 -0.102594	 -0.115220	 -0.196780	 -0.156889	 -0.046454	  0.205397	  0.259997
 -0.063694	 -0.046797	  0.089774	 -0.074703	 -0.017511	  0.008757	 -0.141239	 -0.050421	 -0.046603	 -0.153592	 -0.082331	 -0.106666	 -0.116390	 -0.044594	  0.067595	  0.385595	  0.440475
 -0.063678	 -0.022241	  0.098344	 -0.081382	 -0.028351	  0.002896	 -0.151942	 -0.046558	 -0.042302	 -0.146369	 -0.044596	 -0.042168	 -0.039632	  0.043442	  0.200960	  0.526316	  0.583264
 -0.060947	 -0.020307	  0.096001	 -0.061117	 -0.002571	 -0.015795	 -0.159501	 -0.049516	 -0.024526	 -0.129049	  0.021566	  0.050862	  0.048346	  0.141208	  0.338029	  0.643645	  0.671068
 -0.046144	 -0.030575	  0.067429	 -0.076910	 -0.023271	 -0.040574	 -0.172327	 -0.043275	 -0.033179	 -0.081086	  0.093481	  0.135018	  0.136885	  0.249531	  0.450057	  0.712796	  0.748213
 -0.031814	 -0.061670	  0.055415	 -0.093241	 -0.059128	 -0.054379	 -0.186731	 -0.009034	 -0.013285	 -0.009313	  0.179071	  0.206538	  0.207496	  0.328585	  0.507064	  0.720981	  0.734107
 -0.024802	 -0.068605	  0.053939	 -0.097055	 -0.080877	 -0.065182	 -0.179385	  0.019080	  0.057992	  0.090823	  0.257316	  0.274428	  0.261620	  0.377816	  0.524447	  0.702253	  0.672734
 -0.036248	 -0.065760	  0.092812	 -0.126751	 -0.074114	 -0.028865	 -0.163897	  0.069514	  0.103329	  0.155523	  0.292557	  0.333146	  0.313725	  0.416414	  0.529189	  0.681004	  0.588362
 -0.043655	 -0.036743	  0.112914	 -0.130620	 -0.050287	 -0.013480	 -0.138357	  0.130596	  0.156565	  0.183308	  0.328411	  0.355501	  0.338448	  0.421266	  0.476911	  0.614174	  0.471682
 -0.065370	 -0.024397	  0.101125	 -0.120978	 -0.021161	 -0.010285	 -0.111421	  0.156613	  0.182451	  0.204030	  0.325794	  0.332948	  0.331029	  0.396419	  0.403332	  0.483457	  0.351924
 -0.078735	 -0.037670	  0.080261	 -0.098512	  0.017973	 -0.004672	 -0.051997	  0.195584	  0.194030	  0.241647	  0.362433	  0.312738	  0.323529	  0.357465	  0.328053	  0.371768	  0.261468
 -0.083096	 -0.009014	  0.052774	 -0.060537	  0.048411	  0.016457	  0.006499	  0.211435	  0.202274	  0.217230	  0.379497	  0.297211	  0.281203	  0.285372	  0.228541	  0.279271	  0.156894
 -0.084533	  0.008812	  0.071169	 -0.021741	  0.079345	  0.056465	  0.024474	  0.237862	  0.182856	  0.171521	  0.358516	  0.242630	  0.245975	  0.230608	  0.133449	  0.174655	  0.054095
 -0.085393	 -0.000215	  0.098191	 -0.007966	  0.123284	  0.072805	  0.050244	  0.228575	  0.167985	  0.150804	  0.312717	  0.172991	  0.169397	  0.164544	  0.058233	  0.042041	 -0.011154
 -0.080723	  0.014676	  0.125861	 -0.009906	  0.137969	  0.095621	  0.054448	  0.213826	  0.164934	  0.133376	  0.251213	  0.125894	  0.069578	  0.085692	 -0.049029	 -0.035151	 -0.101124
 -0.095168	 -0.023517	  0.115507	  0.010766	  0.136918	  0.107787	  0.047430	  0.187127	  0.128799	  0.097993	  0.185804	  0.078020	 -0.009374	 -0.000611	 -0.122088	 -0.081945	 -0.189678
 -0.097540	 -0.045950	  0.123965	  0.010524	  0.136910	  0.112716	  0.032394	  0.153972	  0.075615	  0.057621	  0.094984	  0.009883	 -0.087643	 -0.064746	 -0.181584	 -0.158008	 -0.263505
 -0.111777	 -0.057355	  0.149917	 -0.023762	  0.103314	  0.105554	  0.001123	  0.115733	  0.044098	  0.005307	  0.050426	 -0.056435	 -0.148089	 -0.140904	 -0.256688	 -0.204887	 -0.309301
 -0.098397	 -0.076747	  0.115817	 -0.020797	  0.083234	  0.064167	 -0.029717	  0.067726	 -0.004630	 -0.055035	 -0.007951	 -0.117720	 -0.198733	 -0.215073	 -0.299857	 -0.272749	 -0.348168
 -0.111664	 -0.073702	  0.099692	 -0.036038	  0.093430	  0.036353	 -0.033807	  0.022552	 -0.057944	 -0.115095	 -0.038469	 -0.161653	 -0.223715	 -0.293071	 -0.330576	 -0.322882	 -0.393036
 -0.099831	 -0.063098	  0.133331	 -0.033307	  0.053317	 -0.022879	 -0.044022	 -0.035771	 -0.113725	 -0.159456	 -0.092258	 -0.215421	 -0.265005	 -0.322580	 -0.370065	 -0.333278	 -0.399267
 -0.103225	 -0.044017	  0.135454	 -0.019192	  0.019915	 -0.036790	 -0.080236	 -0.062920	 -0.149321	 -0.207560	 -0.158419	 -0.301976	 -0.290852	 -0.328541	 -0.411550	 -0.341303	 -0.366883
 -0.075332	 -0.025024	  0.131473	 -0.043111	  0.020648	 -0.059954	 -0.119211	 -0.105849	 -0.221424	 -0.227160	 -0.185208	 -0.324203	 -0.297465	 -0.373642	 -0.434321	 -0.332038	 -0.348205
 -0.053184	 -0.031595	  0.152090	 -0.060432	 -0.005068	 -0.118203	 -0.140217	 -0.188233	 -0.268862	 -0.230610	 -0.217772	 -0.330670	 -0.319160	 -0.395610	 -0.401037	 -0.300656	 -0.295147
 -0.061349	 -0.037589	  0.144964	 -0.076134	 -0.026461	 -0.126232	 -0.192024	 -0.183833	 -0.288525	 -0.228881	 -0.248980	 -0.330765	 -0.335616	 -0.389830	 -0.345788	 -0.237006	 -0.236102
 -0.063426	 -0.021275	  0.141491	 -0.089789	 -0.022580	 -0.102643	 -0.232211	 -0.180770	 -0.298441	 -0.262992	 -0.259226	 -0.295010	 -0.333831	 -0.370825	 -0.307620	 -0.139920	 -0.205695
 -0.056302	 -0.012252	  0.150502	 -0.084628	 -0.059206	 -0.115209	 -0.255658	 -0.198826	 -0.281420	 -0.283555	 -0.234339	 -0.259013	 -0.280280	 -0.324773	 -0.266229	 -0.113751	 -0.169834
 -0.049375	 -0.014940	  0.171750	 -0.101393	 -0.066421	 -0.167607	 -0.273378	 -0.196578	 -0.272488	 -0.293197	 -0.228222	 -0.238025	 -0.228015	 -0.280097	 -0.248932	 -0.101373	 -0.124388
 -0.088261	 -0.028424	  0.177912	 -0.093108	 -0.071452	 -0.179869	 -0.275801	 -0.183413	 -0.254119	 -0.279988	 -0.199728	 -0.200813	 -0.200330	 -0.227909	 -0.222380	 -0.066432	 -0.086636
 -0.095317	 -0.053421	  0.144031	 -0.072100	 -0.072939	 -0.193086	 -0.269418	 -0.184172	 -0.228516	 -0.245100	 -0.159430	 -0.157667	 -0.172511	 -0.204903	 -0.186924	 -0.026449	 -0.049434
 -0.088548	 -0.040858	  0.102465	 -0.086408	 -0.092080	 -0.213950	 -0.251750	 -0.216893	 -0.220818	 -0.230341	 -0.131448	 -0.130944	 -0.137253	 -0.188949	 -0.161994	 -0.003192	 -0.020772
 -0.060234	 -0.043147	  0.096533	 -0.115321	 -0.117036	 -0.188064	 -0.259070	 -0.234028	 -0.202581	 -0.191802	 -0.069080	 -0.098255	 -0.097079	 -0.164985	 -0.111500	  0.036876	  0.002285
 -0.055260	 -0.028607	  0.077192	 -0.130097	 -0.126870	 -0.162992	 -0.263541	 -0.216689	 -0.191173	 -0.143671	 -0.036759	 -0.083179	 -0.065938	 -0.135716	 -0.085104	  0.071661	  0.018080
 -0.059675	 -0.039637	  0.056889	 -0.170643	 -0.110733	 -0.152978	 -0.243966	 -0.180834	 -0.174625	 -0.106185	 -0.034017	 -0.053287	 -0.018854	 -0.116926	 -0.027990	  0.110010	  0.043965
 -0.046643	 -0.031019	  0.062264	 -0.169616	 -0.104579	 -0.168017	 -0.228938	 -0.135535	 -0.136393	 -0.098817	 -0.003805	 -0.011758	 -0.000532	 -0.097217	  0.003485	  0.142329	  0.084580
 -0.045887	 -0.024794	  0.036136	 -0.168160	 -0.085996	 -0.188221	 -0.199609	 -0.107950	 -0.116300	 -0.072809	  0.038154	  0.008138	  0.023442	 -0.057016	  0.029327	  0.147264	  0.130436
 -0.072705	 -0.053950	  0.033025	 -0.143035	 -0.060276	 -0.196045	 -0.205905	 -0.082808	 -0.097809	 -0.100583	  0.044791	  0.001981	  0.018821	 -0.063545	  0.036858	  0.153674	  0.086166
 -0.063256	 -0.044842	  0.022314	 -0.149747	 -0.055177	 -0.190988	 -0.212040	 -0.051966	 -0.089394	 -0.105673	  0.037716	  0.004009	  0.050724	 -0.098556	  0.028684	  0.165886	  0.048345
 -0.058984	 -0.061407	  0.008835	 -0.155911	 -0.039893	 -0.187258	 -0.220233	 -0.049980	 -0.098372	 -0.098971	  0.037911	  0.004220	  0.067838	 -0.114482	  0.021078	  0.172933	  0.027485
 -0.075651	 -0.072654	  0.028471	 -0.150641	 -0.049981	 -0.183215	 -0.210891	 -0.095640	 -0.109513	 -0.066581	  0.072497	  0.015987	  0.042283	 -0.098242	 -0.001231	  0.162448	  0.027854
 -0.080628	 -0.061783	  0.029330	 -0.185857	 -0.063692	 -0.160685	 -0.212902	 -0.124028	 -0.090259	 -0.065234	  0.096861	  0.034900	  0.009482	 -0.073712	 -0.015265	  0.159582	  0.015081
 -0.096651	 -0.071660	  0.027280	 -0.184897	 -0.062410	 -0.146456	 -0.193146	 -0.111240	 -0.048057	 -0.069601	  0.081590	  0.063674	 -0.020830	 -0.063445	 -0.041690	  0.181418	  0.027483
 -0.097165	 -0.057986	  0.026325	 -0.177811	 -0.081967	 -0.122579	 -0.195788	 -0.095978	 -0.047592	 -0.071711	  0.072163	  0.066149	 -0.025678	 -0.074742	 -0.019809	  0.149274	  0.017794
 -0.094438	 -0.085162	  0.039842	 -0.178498	 -0.073493	 -0.136473	 -0.197415	 -0.070041	 -0.068853	 -0.060874	  0.084550	  0.040537	 -0.027909	 -0.084616	 -0.021260	  0.137302	  0.017796
 -0.101221	 -0.071967	  0.020595	 -0.180615	 -0.051643	 -0.127940	 -0.220229	 -0.053642	 -0.063522	 -0.035699	  0.082156	  0.019901	  0.013663	 -0.055432	 -0.036418	  0.149258	  0.030881
 -0.105110	 -0.047311	 -0.007174	 -0.156628	 -0.048961	 -0.123918	 -0.199914	 -0.048513	 -0.071837	 -0.048762	  0.064158	  0.024846	  0.030212	 -0.048542	 -0.032782	  0.135385	  0.063425
 -0.097074	 -0.073081	  0.006436	 -0.136180	 -0.051750	 -0.120610	 -0.190237	 -0.047937	 -0.083192	 -0.045027	  0.061798	  0.002987	  0.028714	 -0.019798	 -0.015050	  0.141430	  0.100882
 -0.087672	 -0.076262	  0.007959	 -0.097776	 -0.053540	 -0.095207	 -0.158901	 -0.046650	 -0.057264	 -0.020283	  0.062927	  0.012631	  0.014273	 -0.021356	  0.007315	  0.149617	  0.126108
 -0.087546	 -0.078546	 -0.000995	 -0.097597	 -0.037684	 -0.076704	 -0.135768	 -0.037480	 -0.063135	  0.000795	  0.046915	  0.007493	  0.012226	 -0.031496	  0.011611	  0.172931	  0.136587
 -0.068004	 -0.095091	 -0.013361	 -0.066798	 -0.064957	 -0.073557	 -0.106984	  0.003822	 -0.085955	  0.000136	  0.059978	 -0.006756	  0.023974	 -0.014731	  0.036538	  0.211677	  0.162936
 -0.052499	 -0.101289	 -0.012034	 -0.034669	 -0.077834	 -0.072702	 -0.107328	  0.009403	 -0.090317	 -0.013883	  0.057169	  0.015531	  0.064376	  0.022073	  0.083920	  0.206037	  0.162151
 -0.030025	 -0.091745	  0.003375	 -0.027770	 -0.055205	 -0.070551	 -0.125884	  0.026439	 -0.081674	 -0.007290	  0.050168	  0.053323	  0.095565	  0.050052	  0.050225	  0.165548	  0.141849
 -0.047660	 -0.072463	  0.025937	 -0.059871	 -0.018764	 -0.024393	 -0.117544	  0.033418	 -0.057379	  0.006419	  0.045112	  0.084330	  0.091097	  0.035918	  0.028813	  0.128320	  0.075932
 -0.041901	 -0.038608	  0.049444	 -0.087996	  0.000554	 -0.002367	 -0.123028	  0.031154	 -0.043203	  0.019436	  0.047900	  0.056562	  0.099617	  0.033888	  0.025482	  0.096688	  0.038083
 -0.016757	 -0.025816	  0.039890	 -0.074105	  0.003352	 -0.043636	 -0.137331	  0.034566	 -0.048368	  0.036353	  0.035382	  0.073071	  0.089366	 -0.008053	 -0.004145	  0.094862	  0.052948
 -0.037660	 -0.052073	  0.028244	 -0.086038	 -0.000275	 -0.057586	 -0.136064	  0.009763	 -0.044718	  0.052388	  0.041999	  0.073490	  0.082155	 -0.051270	 -0.019392	  0.084934	  0.037753
 -0.039933	 -0.074387	  0.046910	 -0.069706	  0.009309	 -0.053497	 -0.110117	  0.019728	 -0.002989	  0.070765	  0.057779	  0.070569	  0.068378	 -0.049741	 -0.012178	  0.086168	  0.041586
 -0.041150	 -0.066268	  0.032998	 -0.049995	 -0.026401	 -0.071589	 -0.109840	  0.030298	  0.003185	  0.075063	  0.054813	  0.088625	  0.073952	 -0.053131	 -0.000225	  0.087181	  0.064018
 -0.048487	 -0.075140	  0.013799	 -0.015375	 -0.035924	 -0.074267	 -0.108412	  0.012067	 -0.023690	  0.056750	  0.074602	  0.098684	  0.085161	 -0.027744	  0.006036	  0.121498	  0.106298
 -0.035163	 -0.069544	  0.017778	 -0.024277	 -0.026978	 -0.045648	 -0.090497	 -0.015288	 -0.034964	  0.022920	  0.065466	  0.088803	  0.062379	 -0.021763	  0.012454	  0.141195	  0.152316
 -0.030800	 -0.069869	  0.023282	 -0.067419	 -0.029314	 -0.028693	 -0.062940	 -0.015402	 -0.016594	  0.010090	  0.088459	  0.077935	  0.075435	  0.005945	  0.005936	  0.150694	  0.165336
 -0.052921	 -0.078525	  0.039083	 -0.055987	 -0.001872	 -0.003182	 -0.049665	 -0.008645	  0.007499	  0.001990	  0.079133	  0.077048	  0.103922	  0.015987	  0.013856	  0.173339	  0.184164
 -0.071487	 -0.073619	  0.075986	 -0.047484	  0.013834	 -0.001069	 -0.075964	 -0.009786	 -0.022488	 -0.006669	  0.072757	  0.088993	  0.098212	 -0.010571	  0.010989	  0.183535	  0.189479
 -0.077419	 -0.077717	  0.058402	 -0.073096	 -0.017206	 -0.034137	 -0.073675	 -0.012894	 -0.032864	 -0.029820	  0.077862	  0.071445	  0.099791	 -0.029019	  0.016692	  0.150996	  0.178245
 -0.062844	 -0.081474	  0.051028	 -0.087555	 -0.028016	 -0.067945	 -0.051270	 -0.029255	 -0.031614	 -0.002975	  0.081129	  0.055633	  0.084314	 -0.061567	  0.026217	  0.137082	  0.154805
 -0.068789	 -0.078313	  0.046307	 -0.118352	 -0.030161	 -0.081533	 -0.038956	 -0.043855	 -0.034920	  0.023220	  0.095491	  0.043785	  0.059798	 -0.033865	 -0.002345	  0.144498	  0.115131
 -0.097655	 -0.043247	  0.033035	 -0.139869	 -0.025129	 -0.084012	 -0.047280	 -0.037745	 -0.050142	  0.029934	  0.078611	  0.046631	  0.037496	 -0.018937	  0.011761	  0.144743	  0.123871
 -0.102426	 -0.026195	  0.012459	 -0.111892	 -0.026092	 -0.070127	 -0.048254	 -0.034870	 -0.039931	  0.038400	  0.070428	  0.039506	  0.048385	 -0.043246	  0.035937	  0.145148	  0.088827
 -0.073950	 -0.026811	  0.022841	 -0.062190	 -0.072717	 -0.054399	 -0.096272	 -0.018211	 -0.028070	  0.038505	  0.067143	  0.055287	  0.062001	 -0.055582	  0.056809	  0.125069	  0.030784
 -0.067889	 -0.029407	  0.054903	 -0.073076	 -0.082245	 -0.024988	 -0.126940	 -0.008143	 -0.015673	  0.046901	  0.039346	  0.064643	  0.061015	 -0.060210	  0.063073	  0.088979	 -0.046037
 -0.064092	 -0.030394	  0.058554	 -0.067483	 -0.080859	 -0.008667	 -0.103777	 -0.013825	 -0.013728	  0.048247	  0.016144	  0.031965	  0.005141	 -0.079663	  0.043154	  0.047269	 -0.140016
 -0.089360	 -0.024552	  0.043850	 -0.072710	 -0.062888	 -0.007861	 -0.059083	 -0.002080	 -0.018407	  0.052182	 -0.004592	  0.006779	 -0.003961	 -0.097707	  0.037217	 -0.016327	 -0.210597
 -0.097809	 -0.024535	  0.022986	 -0.096786	 -0.002913	 -0.024997	 -0.030484	  0.022313	 -0.013832	  0.073116	 -0.026433	  0.003797	 -0.010218	 -0.117975	 -0.000123	 -0.070719	 -0.208164
 -0.079934	 -0.000664	  0.023734	 -0.094212	  0.000606	 -0.030025	 -0.013929	  0.033430	 -0.002884	  0.076961	 -0.046296	 -0.001429	 -0.014816	 -0.119241	 -0.020263	 -0.051781	 -0.139941
 -0.046369	 -0.027775	  0.017627	 -0.051632	  0.006043	 -0.026261	 -0.022784	  0.037423	  0.006789	  0.076602	 -0.064097	  0.051414	  0.016935	 -0.090389	 -0.008474	  0.005700	 -0.008415
 -0.014585	 -0.055643	  0.001399	 -0.023603	  0.031260	 -0.004572	 -0.022910	  0.043496	 -0.005211	  0.093369	 -0.027336	  0.074919	  0.037924	 -0.065512	  0.025984	  0.121071	  0.156348
 -0.010661	 -0.094806	  0.013819	 -0.070947	  0.049822	  0.003306	 -0.000761	  0.048348	  0.004917	  0.084308	  0.024423	  0.108863	  0.102930	 -0.021574	  0.110840	  0.250668	  0.295987
 -0.016431	 -0.104169	  0.012411	 -0.076537	  0.046722	  0.014927	  0.008357	  0.075833	  0.012616	  0.098578	  0.044717	  0.157713	  0.179939	  0.038681	  0.214823	  0.397474	  0.411441
 -0.027368	 -0.058288	  0.042219	 -0.040443	  0.039907	  0.018016	  0.016471	  0.095706	  0.046546	  0.128141	  0.069902	  0.187419	  0.207482	  0.145606	  0.332517	  0.531736	  0.518111
 -0.033066	 -0.055685	  0.047130	 -0.053447	  0.042038	  0.033863	  0.024810	  0.099306	  0.068288	  0.163744	  0.108188	  0.215253	  0.278566	  0.296747	  0.455102	  0.569750	  0.574879
 -0.019456	 -0.059334	  0.045318	 -0.073829	  0.024008	  0.056654	  0.027977	  0.118984	  0.086840	  0.153753	  0.129114	  0.217714	  0.358757	  0.353838	  0.528176	  0.603227	  0.599709
 -0.030471	 -0.064975	  0.054389	 -0.053806	  0.021558	  0.041812	  0.047340	  0.132919	  0.093890	  0.163463	  0.153302	  0.220926	  0.393368	  0.365387	  0.551201	  0.593065	  0.567409
 -0.030755	 -0.050109	  0.053038	 -0.047301	  0.016636	  0.037998	  0.047808	  0.141575	  0.091820	  0.166609	  0.180259	  0.237619	  0.406412	  0.368385	  0.540220	  0.546190	  0.474356
 -0.028361	 -0.008549	  0.061696	 -0.026923	  0.031368	  0.036386	  0.032436	  0.129851	  0.090166	  0.177684	  0.182222	  0.256238	  0.391935	  0.375613	  0.493003	  0.460866	  0.345133
 -0.026924	 -0.008034	  0.064242	 -0.037553	  0.064005	  0.033477	  0.013770	  0.089680	  0.076458	  0.190832	  0.188677	  0.232254	  0.347298	  0.334002	  0.477853	  0.355258	  0.217657
 -0.035655	 -0.015566	  0.053905	 -0.034795	  0.068530	  0.036809	  0.010692	  0.075690	  0.080511	  0.187617	  0.195736	  0.233550	  0.341950	  0.270070	  0.403792	  0.256357	  0.098724
 -0.019762	 -0.017317	  0.032367	 -0.040385	  0.080369	  0.023158	  0.023910	  0.092034	  0.054991	  0.191676	  0.144367	  0.220099	  0.330338	  0.239613	  0.303940	  0.162485	  0.027954
 -0.016095	 -0.020652	  0.047027	 -0.044723	  0.074663	  0.015412	  0.021043	  0.078641	  0.061823	  0.201459	  0.111134	  0.169109	  0.281383	  0.195602	  0.223359	  0.145335	  0.017751
 -0.019820	 -0.029451	  0.054209	 -0.041671	  0.069919	  0.034540	  0.021222	  0.068761	  0.060286	  0.182075	  0.093009	  0.172888	  0.237320	  0.145695	  0.156349	  0.119215	  0.047149
 -0.000806	 -0.020319	  0.048308	 -0.058049	  0.074295	  0.051021	  0.050593	  0.075945	  0.083893	  0.160602	  0.086192	  0.165844	  0.213399	  0.096841	  0.134775	  0.130209	  0.116070
 -0.002281	 -0.052587	  0.045441	 -0.071551	  0.051542	  0.053586	  0.052782	  0.072878	  0.080894	  0.152111	  0.078067	  0.177071	  0.186501	  0.096040	  0.117986	  0.205560	  0.228941
  0.010984	 -0.074820	  0.041526	 -0.077476	  0.030075	  0.068084	  0.059203	  0.053854	  0.068276	  0.160299	  0.076435	  0.208245	  0.177866	  0.127243	  0.141144	  0.278022	  0.324626
  0.001098	 -0.073013	  0.020208	 -0.081171	  0.005822	  0.098601	  0.043751	  0.077347	  0.073681	  0.151607	  0.085998	  0.193811	  0.195518	  0.153641	  0.217801	  0.403866	  0.421699
 -0.003523	 -0.065286	  0.029966	 -0.054569	  0.011013	  0.085252	  0.047008	  0.093403	  0.040706	  0.171306	  0.099063	  0.206662	  0.220400	  0.188972	  0.303741	  0.503364	  0.492591
  0.002369	 -0.054908	  0.068702	 -0.036031	  0.026659	  0.040591	  0.050226	  0.093485	  0.057368	  0.177372	  0.099704	  0.228253	  0.238716	  0.203575	  0.380200	  0.519125	  0.544817
 -0.012995	 -0.031586	  0.046373	 -0.037134	  0.052886	  0.048797	  0.056763	  0.084334	  0.106083	  0.170610	  0.119030	  0.218840	  0.271043	  0.234886	  0.432734	  0.544749	  0.564203
 -0.026807	 -0.033555	  0.047443	 -0.002214	  0.055536	  0.057516	  0.046734	  0.103619	  0.093243	  0.146475	  0.147510	  0.218748	  0.263970	  0.267282	  0.474007	  0.559937	  0.543344
 -0.019832	 -0.045028	  0.057024	  0.021104	  0.063314	  0.054640	  0.032608	  0.115973	  0.075983	  0.143088	  0.140047	  0.249303	  0.273057	  0.280368	  0.467410	  0.556201	  0.489156
 -0.043894	 -0.055573	  0.039748	  0.037800	  0.046980	  0.079399	  0.060042	  0.099690	  0.084178	  0.160569	  0.154830	  0.267404	  0.306033	  0.287755	  0.433754	  0.508278	  0.404423
 -0.048008	 -0.045060	  0.047799	  0.046267	  0.051295	  0.097024	  0.070250	  0.097034	  0.082290	  0.163932	  0.171228	  0.238330	  0.277247	  0.250496	  0.374218	  0.452273	  0.319209
 -0.049003	  0.017919	  0.059486	  0.035782	  0.045674	  0.095429	  0.086959	  0.114748	  0.061212	  0.158739	  0.163536	  0.206435	  0.259710	  0.211676	  0.303330	  0.359156	  0.295931
 -0.025248	  0.032010	  0.079328	  0.007788	  0.052980	  0.097080	  0.076859	  0.102158	  0.060025	  0.194116	  0.140583	  0.181899	  0.220112	  0.176621	  0.259499	  0.309212	  0.246312
 -0.019945	  0.006639	  0.057799	 -0.041569	  0.074921	  0.099524	  0.030140	  0.105894	  0.036291	  0.193364	  0.115557	  0.163020	  0.203459	  0.149309	  0.224061	  0.258448	  0.224680
 -0.045728	 -0.004110	  0.033495	 -0.055024	  0.048048	  0.098149	  0.034746	  0.097734	  0.003558	  0.158011	  0.105053	  0.145821	  0.183760	  0.118627	  0.182555	  0.203924	  0.226232
 -0.069089	  0.003438	  0.017911	 -0.047338	  0.048340	  0.083440	  0.045838	  0.079447	 -0.020270	  0.128096	  0.093481	  0.115272	  0.163437	  0.075840	  0.110633	  0.197484	  0.191694
 -0.072428	 -0.009997	  0.014998	 -0.024196	  0.056509	  0.083773	  0.031613	  0.075661	 -0.018381	  0.084141	  0.079808	  0.101282	  0.144708	  0.012701	  0.059115	  0.162785	  0.137204
 -0.058903	 -0.007093	  0.042851	 -0.005845	  0.034825	  0.097401	  0.028956	  0.056843	 -0.020001	  0.055784	  0.086815	  0.082041	  0.092410	 -0.047068	  0.013836	  0.120064	  0.094225
 -0.063583	 -0.010409	  0.095544	 -0.015083	  0.037994	  0.059465	  0.035226	  0.067349	 -0.012191	  0.009265	  0.046732	  0.065735	  0.060623	 -0.090734	  0.003310	  0.087686	  0.075579
 -0.041245	 -0.007141	  0.084816	 -0.021063	  0.067321	  0.041422	  0.032632	  0.050137	 -0.004074	  0.000205	  0.040393	  0.079255	  0.033090	 -0.133532	  0.009437	  0.047709	  0.043270
 -0.042440	 -0.006757	  0.065030	 -0.016380	  0.052123	  0.011011	  0.010586	  0.045275	 -0.001420	 -0.019320	  0.028237	  0.063594	  0.016348	 -0.153721	  0.016094	  0.053977	 -0.004193
 -0.025822	 -0.004777	  0.065541	 -0.034305	  0.043682	  0.015693	 -0.007203	  0.047482	  0.025770	 -0.029978	  0.015795	  0.046650	  0.043752	 -0.142584	  0.015846	  0.077785	 -0.042732
 -0.027646	  0.019013	  0.059081	 -0.038187	  0.073017	  0.033176	 -0.026327	  0.053257	 -0.004164	 -0.011639	  0.017677	  0.053243	  0.044929	 -0.121714	  0.039705	  0.057869	 -0.048091
 -0.043781	  0.023563	  0.055287	 -0.025042	  0.103483	  0.017214	 -0.032957	  0.036508	 -0.023151	 -0.004014	  0.020350	  0.071053	  0.047086	 -0.102563	  0.038051	  0.045833	 -0.033841
 -0.041083	  0.009673	  0.032165	 -0.050083	  0.145068	  0.006675	 -0.032703	  0.047584	  0.004047	 -0.002622	  0.040938	  0.063984	  0.062629	 -0.107878	  0.035516	  0.022700	 -0.042283
 -0.063907	 -0.001422	  0.050405	 -0.041994	  0.114526	  0.015523	 -0.014849	  0.041957	 -0.002078	  0.000896	  0.020797	  0.059210	  0.084690	 -0.091132	  0.042449	  0.016152	 -0.047630
 -0.090348	 -0.035180	  0.079669	 -0.040003	  0.105973	  0.046022	 -0.002079	 -0.000312	 -0.005701	  0.011253	  0.020918	  0.084213	  0.088517	 -0.073514	  0.030286	  0.023603	 -0.035266
 -0.076239	 -0.018436	  0.092897	 -0.069732	  0.095043	  0.021151	 -0.013258	  0.021683	  0.011092	  0.033232	  0.043842	  0.097769	  0.081838	 -0.082612	  0.061346	  0.022228	 -0.001803
 -0.063273	 -0.004619	  0.090760	 -0.055198	  0.082858	  0.016166	 -0.032365	  0.020479	  0.008979	  0.032484	  0.053026	  0.102318	  0.070251	 -0.073362	  0.047240	  0.068859	  0.041140
 -0.037238	 -0.012568	  0.058840	 -0.014677	  0.092140	  0.001425	 -0.025246	  0.022465	 -0.013282	  0.022612	  0.057085	  0.093545	  0.059706	 -0.074363	  0.043139	  0.116074	  0.098024
 -0.029755	  0.004651	  0.045820	 -0.048737	  0.092567	  0.010706	 -0.001091	  0.023453	 -0.023438	  0.012557	  0.046963	  0.100076	  0.052120	 -0.042383	  0.057949	  0.144229	  0.139965
 -0.016302	 -0.005605	  0.054986	 -0.041816	  0.119566	  0.027927	 -0.006474	  0.030089	  0.000960	  0.023236	  0.052092	  0.093928	  0.044941	 -0.016064	  0.077268	  0.166547	  0.204378
 -0.010328	 -0.015370	  0.022651	 -0.022840	  0.099860	  0.049318	 -0.028746	  0.031516	  0.039533	  0.055161	  0.077688	  0.116704	  0.045969	  0.000732	  0.097874	  0.192792	  0.237863
 -0.028330	 -0.022401	  0.022742	  0.005261	  0.101745	  0.052950	 -0.033786	  0.050482	  0.047951	  0.069170	  0.069287	  0.110354	  0.052658	 -0.001365	  0.122303	  0.216030	  0.225718
  0.019875	 -0.028314	  0.015562	  0.008951	  0.115552	  0.046872	 -0.027484	  0.056753	  0.061444	  0.056571	  0.044752	  0.083964	  0.050914	  0.024851	  0.177053	  0.234657	  0.236111
  0.023865	  0.012016	  0.028262	 -0.017272	 -0.007901	  0.012282	 -0.058212	 -0.061559	 -0.047716	  0.013702	 -0.035094	 -0.030563	  0.037448	 -0.049058	 -0.065520	  0.020696	 -0.013810
  0.011912	  0.007827	  0.044296	 -0.004813	 -0.011864	  0.019184	 -0.080608	 -0.039934	 -0.035123	  0.047677	 -0.016131	 -0.036294	  0.050732	 -0.049867	 -0.036733	  0.019517	 -0.011103
  0.028397	  0.000735	  0.035771	 -0.006063	 -0.028809	  0.014390	 -0.077040	 -0.039155	 -0.000327	  0.064334	 -0.017265	 -0.057377	  0.030391	 -0.038558	 -0.037697	  0.008889	 -0.004951
  0.038803	  0.007058	 -0.008938	  0.003778	 -0.012338	  0.002638	 -0.056233	 -0.018248	  0.007935	  0.033560	 -0.007650	 -0.064039	  0.002463	 -0.036675	 -0.026565	 -0.003298	  0.020128
  0.004361	 -0.001149	 -0.017161	  0.007455	  0.015138	  0.001294	 -0.055707	 -0.000835	 -0.012335	 -0.002714	 -0.000897	 -0.059847	  0.012593	 -0.029172	 -0.024005	 -0.016451	  0.036230
  0.004100	 -0.011079	 -0.027436	 -0.001935	  0.014006	  0.005894	 -0.039521	 -0.021624	 -0.020775	 -0.005873	  0.007433	 -0.029750	  0.013810	 -0.025778	 -0.019030	 -0.019956	  0.032902
 -0.014597	 -0.005231	 -0.020296	 -0.003823	  0.001749	  0.006511	 -0.001104	 -0.013761	  0.005112	 -0.004562	  0.022417	 -0.003989	 -0.004038	 -0.030469	  0.009970	 -0.009582	  0.018811
 -0.022873	  0.014055	 -0.007733	  0.003953	 -0.007140	  0.006323	  0.017394	 -0.030273	  0.014981	 -0.008679	  0.039671	  0.000266	  0.006905	 -0.032153	  0.027276	  0.016626	  0.008353
 -0.017896	  0.025536	 -0.002705	  0.009211	 -0.014542	  0.001809	  0.023604	 -0.010293	  0.022574	 -0.014122	  0.032264	  0.026557	  0.008033	 -0.023079	  0.023347	  0.003354	  0.004912
  0.000721	  0.024138	 -0.026883	  0.030193	  0.015756	  0.004935	  0.025349	 -0.006518	  0.002663	 -0.039008	  0.014635	  0.021973	 -0.004571	 -0.008199	  0.046607	 -0.012341	 -0.004407
  0.005304	  0.005263	 -0.048989	  0.052797	  0.007769	  0.025217	  0.036345	 -0.005514	 -0.020031	 -0.005477	  0.024563	  0.005780	 -0.031531	  0.026706	  0.065287	 -0.018996	  0.009294
  0.003435	 -0.010692	 -0.043069	  0.035861	  0.002270	  0.003395	  0.026727	  0.016852	 -0.038289	  0.010481	 -0.004794	 -0.005147	 -0.028149	  0.032982	  0.063580	 -0.023156	  0.002431
 -0.007197	 -0.006596	 -0.011532	  0.030860	 -0.027700	 -0.003610	  0.011789	  0.011273	 -0.028533	  0.004496	 -0.033874	 -0.006476	 -0.025285	  0.054503	  0.064619	 -0.022468	 -0.002880
 -0.013679	  0.005347	 -0.010357	  0.027603	 -0.010908	 -0.000639	  0.019203	  0.004506	 -0.010250	 -0.007159	 -0.010057	 -0.003343	 -0.034964	  0.050187	  0.033445	 -0.011898	 -0.027581
 -0.011939	 -0.003168	 -0.020556	  0.005537	 -0.007446	  0.001113	  0.043280	  0.038091	 -0.008084	 -0.014282	  0.009493	  0.004284	 -0.044280	  0.041860	  0.019930	 -0.008232	 -0.012107
 -0.023799	 -0.010181	  0.009493	 -0.000032	 -0.018641	 -0.003352	  0.064291	  0.053987	  0.016802	 -0.017378	  0.014251	  0.013273	 -0.036392	  0.019441	 -0.008062	  0.003727	 -0.032125
  0.012375	 -0.017575	  0.033552	 -0.019076	  0.009465	 -0.011220	  0.060425	  0.020317	  0.042277	 -0.014470	 -0.000045	  0.022274	 -0.013857	  0.013764	 -0.017447	  0.034476	 -0.021603
 -0.004887	 -0.014532	  0.040232	 -0.027366	  0.023672	 -0.019285	  0.025142	  0.032508	  0.034610	 -0.015348	 -0.005655	  0.063172	  0.011184	  0.015923	 -0.039839	  0.021725	 -0.028607
 -0.014567	 -0.011419	  0.028529	 -0.044129	  0.041326	 -0.037862	  0.007142	  0.053028	  0.035192	 -0.013623	 -0.019651	  0.069748	  0.025565	  0.033562	 -0.051063	  0.025758	  0.004620
 -0.001840	 -0.010355	  0.025520	 -0.082738	  0.016136	 -0.029017	  0.007735	  0.017153	  0.039316	 -0.011556	 -0.013614	  0.069497	  0.023943	  0.034081	 -0.028099	 -0.008389	  0.021493
 -0.000173	 -0.027952	  0.034281	 -0.089106	  0.024436	 -0.007800	 -0.002574	  0.012351	  0.018548	 -0.020871	  0.012397	  0.058102	  0.003010	  0.028971	 -0.004785	 -0.013233	  0.034680
 -0.008502	 -0.021686	  0.038682	 -0.101455	  0.024288	 -0.024936	 -0.006081	  0.025888	  0.008587	 -0.041222	  0.012823	  0.043490	 -0.015830	  0.015158	 -0.008113	  0.012293	  0.029694
 -0.001550	  0.004572	  0.044780	 -0.090816	  0.045886	 -0.023663	  0.000316	  0.052892	  0.012483	 -0.054209	  0.020599	  0.026826	 -0.024909	  0.016527	 -0.003894	  0.015727	  0.044181
  0.013141	  0.025089	  0.050245	 -0.079935	  0.041646	 -0.032132	  0.019392	  0.053778	 -0.017356	 -0.057179	  0.011449	  0.034230	 -0.033953	 -0.007358	 -0.014205	 -0.032024	  0.029605
  0.012238	  0.006803	  0.063881	 -0.066589	  0.007991	 -0.024830	  0.004126	  0.034739	 -0.010326	 -0.047008	  0.012425	  0.046389	 -0.044522	 -0.021755	 -0.005864	 -0.028784	  0.018702
 -0.003330	  0.010306	  0.033139	 -0.040650	 -0.005662	 -0.034208	 -0.027236	 -0.001958	  0.020991	 -0.051259	 -0.007110	  0.044208	 -0.046863	 -0.019568	 -0.003163	 -0.009414	  0.018091
 -0.034087	 -0.011450	  0.064247	 -0.041997	  0.003024	 -0.028356	 -0.038350	  0.018131	 -0.020599	 -0.044232	 -0.015329	  0.018483	 -0.049662	  0.003947	 -0.013012	 -0.007320	  0.009054
 -0.046487	 -0.003109	  0.038812	 -0.063706	  0.021560	 -0.009547	 -0.025274	  0.047875	 -0.018830	 -0.053710	  0.003205	  0.006181	 -0.044205	 -0.008241	 -0.025475	  0.015859	  0.025553
 -0.033285	  0.013831	  0.029630	 -0.065317	  0.030048	 -0.024074	 -0.023430	  0.040571	 -0.022613	 -0.063438	 -0.004527	  0.017848	 -0.065329	 -0.050796	 -0.053506	 -0.011155	  0.051458
 -0.024781	  0.005535	  0.042856	 -0.035956	  0.029648	 -0.042198	 -0.018267	  0.045981	 -0.010470	 -0.077444	 -0.030217	  0.002946	 -0.041633	 -0.025935	 -0.062649	 -0.026492	  0.056250
 -0.045422	  0.009971	  0.045219	 -0.023607	  0.041888	 -0.032157	 -0.011794	  0.044950	  0.011198	 -0.067422	 -0.003466	 -0.007514	 -0.026669	  0.017259	 -0.043785	 -0.005288	  0.036272
 -0.047138	 -0.000639	  0.068593	 -0.038030	  0.051787	 -0.032542	 -0.020794	  0.037878	  0.016860	 -0.063570	  0.010249	  0.002335	 -0.033771	  0.022931	 -0.024836	  0.011600	  0.036999
 -0.050156	  0.007311	  0.038809	 -0.038675	  0.087632	 -0.020856	 -0.020297	  0.042941	  0.050384	 -0.071171	 -0.001217	  0.021839	 -0.028752	  0.015717	 -0.038707	  0.021279	  0.042804
 -0.061723	  0.014455	  0.040028	 -0.032932	  0.079687	 -0.022065	 -0.033816	  0.039667	  0.072513	 -0.062671	  0.006126	  0.047759	 -0.017683	  0.001153	 -0.027420	  0.009518	  0.056558
 -0.054776	  0.027156	  0.057127	 -0.032718	  0.046235	 -0.031049	 -0.025127	  0.025777	  0.091683	 -0.059083	  0.037305	  0.069177	 -0.032662	  0.019011	 -0.024889	 -0.015281	  0.028283
 -0.067503	  0.032326	  0.058711	 -0.049338	  0.033623	 -0.034571	 -0.011114	  0.007741	  0.067033	 -0.058816	  0.050313	  0.067249	 -0.052247	  0.050704	 -0.050268	 -0.019486	  0.011983
 -0.082228	  0.034061	  0.059847	 -0.065535	  0.021025	 -0.039485	 -0.030077	  0.000855	  0.027695	 -0.036875	  0.051378	  0.064522	 -0.046034	  0.060066	 -0.030354	  0.017796	  0.005638
 -0.073371	  0.051097	  0.030837	 -0.081393	  0.033048	 -0.029860	 -0.064533	  0.025186	  0.023007	 -0.007193	  0.060900	  0.062495	 -0.022777	  0.071745	 -0.007811	  0.010357	  0.005514
 -0.089879	  0.054252	  0.034320	 -0.071347	  0.030012	 -0.036851	 -0.049137	  0.051701	  0.060972	  0.004951	  0.038106	  0.045806	 -0.021319	  0.073061	  0.017759	  0.019027	  0.008184
 -0.101699	  0.066935	  0.036636	 -0.054289	  0.018809	 -0.040430	 -0.032524	  0.047099	  0.097251	 -0.012995	  0.013969	  0.039581	 -0.044299	  0.065239	 -0.015209	  0.058611	 -0.023810
 -0.075821	  0.066920	  0.015120	 -0.052496	  0.005792	 -0.037519	 -0.024887	  0.067628	  0.100097	 -0.029304	 -0.000211	  0.022487	 -0.041813	  0.066366	 -0.024576	  0.042508	 -0.034639
 -0.059590	  0.042378	  0.038469	 -0.037945	  0.009229	 -0.004268	  0.011869	  0.116232	  0.070371	 -0.031139	 -0.004292	  0.040418	 -0.035723	  0.077832	 -0.013089	  0.046253	 -0.005777
 -0.060360	  0.047141	  0.013093	 -0.009392	  0.010631	  0.028061	  0.005663	  0.104648	  0.045197	 -0.044999	  0.048255	  0.033774	  0.003852	  0.052232	  0.015031	  0.022810	  0.009191
 -0.045868	  0.022132	  0.022225	 -0.025349	  0.007751	  0.035791	  0.010543	  0.057607	  0.035820	 -0.036414	  0.040797	  0.026626	  0.015349	  0.037670	  0.013038	  0.024967	  0.007759
 -0.066681	  0.005489	  0.013762	 -0.062637	  0.003603	  0.029025	  0.006856	  0.058613	  0.032388	 -0.043299	  0.015136	  0.041875	  0.036222	  0.040380	  0.012606	  0.005275	  0.034015
 -0.066575	  0.007696	  0.000327	 -0.061070	  0.004598	  0.003709	 -0.017913	  0.077348	  0.020311	 -0.042820	  0.000426	  0.052238	  0.054560	  0.040795	  0.019122	 -0.009794	  0.053523
 -0.068933	  0.031280	  0.017877	 -0.055885	  0.014114	 -0.025123	 -0.026136	  0.096339	  0.019644	 -0.051745	  0.000637	  0.055194	  0.049394	  0.019070	  0.003736	 -0.008671	  0.038714
 -0.093242	  0.041114	  0.031355	 -0.040013	  0.032638	 -0.038880	 -0.003171	  0.081391	  0.001462	 -0.054429	  0.008103	  0.088760	  0.053644	  0.017286	 -0.003254	 -0.032218	  0.045124
 -0.111526	  0.038618	  0.017941	 -0.068622	  0.023234	 -0.039959	  0.013022	  0.096826	 -0.010865	 -0.061103	 -0.005083	  0.066516	  0.050513	  0.029245	 -0.011714	 -0.068658	  0.053703
 -0.086753	  0.035261	  0.010464	 -0.028687	  0.028947	 -0.035726	  0.022897	  0.103208	  0.012114	 -0.044150	 -0.026453	  0.054246	  0.069899	  0.039969	 -0.028039	 -0.070200	  0.069062
 -0.069457	 -0.004077	  0.026196	  0.003331	  0.059834	 -0.033915	 -0.000576	  0.099188	  0.011818	 -0.046199	 -0.062122	  0.053876	  0.026446	  0.072407	 -0.036269	 -0.105046	  0.055958
 -0.071751	 -0.012648	  0.018722	 -0.026837	  0.062347	 -0.032583	 -0.040816	  0.105524	 -0.006038	 -0.069889	 -0.052570	  0.049324	 -0.015354	  0.056031	 -0.054309	 -0.100004	  0.041769
 -0.065623	 -0.011296	 -0.013231	 -0.037897	  0.051503	 -0.047283	 -0.052506	  0.102472	  0.015548	 -0.077416	 -0.012150	  0.041677	 -0.015186	  0.019421	 -0.037788	 -0.088397	  0.011061
 -0.071377	 -0.007508	 -0.028588	 -0.062518	  0.069959	 -0.027486	 -0.044201	  0.103459	  0.048278	 -0.084378	  0.019589	  0.032105	 -0.003887	  0.031305	 -0.031681	 -0.075051	 -0.021100
 -0.063044	 -0.009745	 -0.032111	 -0.084944	  0.059320	 -0.010028	 -0.058135	  0.101316	  0.014235	 -0.051961	  0.043617	  0.030959	 -0.010400	  0.039304	 -0.042084	 -0.057902	 -0.013437
 -0.069692	  0.008638	  0.001478	 -0.110324	  0.064162	  0.000698	 -0.042635	  0.104899	 -0.009326	 -0.048483	  0.032847	  0.016076	 -0.017443	  0.022106	 -0.043526	 -0.039262	 -0.009973
 -0.083158	  0.005711	  0.031803	 -0.098945	  0.067601	 -0.018863	 -0.054767	  0.119715	 -0.007741	 -0.061517	  0.026432	 -0.008792	 -0.023056	  0.056653	 -0.053682	 -0.029005	 -0.024886
 -0.092022	  0.010185	  0.037881	 -0.094064	  0.078923	 -0.027203	 -0.064896	  0.128955	 -0.011074	 -0.068610	  0.009249	 -0.015391	 -0.041981	  0.053151	 -0.048198	 -0.025863	 -0.019995
 -0.081635	  0.016941	  0.032959	 -0.086507	  0.090936	 -0.021449	 -0.059070	  0.115155	 -0.024012	 -0.049413	  0.000805	 -0.023264	 -0.044363	  0.022465	 -0.044384	  0.003966	 -0.008621
 -0.050421	  0.015766	  0.020516	 -0.080163	  0.074103	 -0.013820	 -0.032002	  0.122359	 -0.022102	 -0.053023	  0.001715	  0.011015	 -0.010697	 -0.005902	 -0.030915	 -0.000373	  0.020752
 -0.046536	  0.026194	  0.014535	 -0.077998	  0.043271	 -0.026740	 -0.053958	  0.128307	 -0.002662	 -0.053890	  0.001688	  0.025452	  0.001383	 -0.023840	 -0.045411	 -0.008683	  0.019294
 -0.055250	  0.021051	  0.010329	 -0.066769	  0.042046	 -0.045566	 -0.062859	  0.156807	  0.024802	 -0.036332	  0.020478	  0.023324	 -0.004064	 -0.035278	 -0.050752	 -0.012565	 -0.001196
 -0.048999	 -0.001645	  0.021440	 -0.070381	  0.061298	 -0.026931	 -0.055090	  0.115694	  0.044241	 -0.045717	  0.017395	  0.055588	  0.006299	 -0.032372	 -0.042259	  0.017047	  0.027113
 -0.059752	  0.000319	  0.017901	 -0.050579	  0.069154	 -0.032992	 -0.052656	  0.085759	  0.045925	 -0.045560	  0.019585	  0.050716	  0.013915	 -0.000365	 -0.046059	 -0.003243	  0.040990
 -0.091738	 -0.025123	 -0.004235	 -0.047494	  0.035631	 -0.051036	 -0.045242	  0.093687	  0.035895	 -0.034318	  0.069759	  0.043331	  0.024512	  0.036707	 -0.068276	 -0.015597	  0.040438
 -0.110089	 -0.042460	 -0.014637	 -0.073617	  0.034832	 -0.049615	 -0.038157	  0.078145	  0.027854	 -0.041521	  0.083424	  0.047924	  0.003596	  0.048469	 -0.070990	  0.005462	  0.028833
 -0.100873	 -0.008521	 -0.011121	 -0.097934	  0.063385	 -0.034711	 -0.036288	  0.071707	  0.028135	 -0.070610	  0.079866	  0.023723	  0.008712	  0.054564	 -0.064741	 -0.010094	  0.040594
 -0.106698	  0.013065	 -0.046345	 -0.101641	  0.069488	 -0.053665	 -0.015949	  0.082205	  0.013801	 -0.073196	  0.066479	  0.003950	  0.024302	  0.065109	 -0.057968	 -0.023552	  0.072059
 -0.101530	  0.015518	 -0.036264	 -0.070719	  0.054690	 -0.054131	  0.005225	  0.076955	 -0.006762	 -0.076005	  0.039541	  0.025739	  0.031441	  0.071706	 -0.052841	 -0.030467	  0.081645
 -0.084573	  0.016490	 -0.005290	 -0.059292	  0.041358	 -0.044194	 -0.004471	  0.105483	 -0.016213	 -0.062246	  0.018350	  0.005285	  0.003371	  0.059286	 -0.043522	  0.001529	  0.064511
 -0.088950	  0.015146	  0.014062	 -0.088487	  0.044488	 -0.045482	 -0.035038	  0.125483	 -0.004451	 -0.054607	  0.025065	 -0.015521	  0.001694	  0.056023	 -0.035669	  0.022925	  0.040783
 -0.095568	 -0.012136	  0.018404	 -0.098802	  0.029937	 -0.039977	 -0.051597	  0.116030	  0.014877	 -0.058134	  0.042758	 -0.034501	  0.011272	  0.060029	 -0.045144	  0.023584	  0.022844
 -0.100277	 -0.005980	  0.013202	 -0.094138	  0.022126	 -0.031664	 -0.059426	  0.104244	  0.008371	 -0.033237	  0.042569	 -0.058080	  0.024695	  0.071903	 -0.039500	  0.030444	  0.036994
 -0.095162	  0.003868	 -0.010502	 -0.113280	  0.026705	 -0.038827	 -0.057655	  0.087928	 -0.003638	 -0.041112	  0.031187	 -0.068660	  0.021006	  0.040362	 -0.013435	  0.037926	  0.051748
 -0.124385	 -0.007072	 -0.031247	 -0.114214	  0.021669	 -0.063012	 -0.065862	  0.082721	  0.005761	 -0.065448	  0.034941	 -0.080743	 -0.000345	  0.009209	 -0.017131	  0.037522	  0.057623
 -0.124982	 -0.010694	 -0.015326	 -0.143186	  0.045959	 -0.016166	 -0.052914	  0.092853	 -0.018000	 -0.088736	  0.027055	 -0.055058	 -0.023712	  0.017742	 -0.043300	  0.044773	  0.063697
 -0.091884	  0.016303	 -0.006563	 -0.130450	  0.061589	  0.007259	 -0.033974	  0.087817	 -0.023734	 -0.091669	  0.025097	 -0.029334	 -0.020315	  0.010343	 -0.074900	  0.043766	  0.070056
 -0.070714	  0.020620	  0.005313	 -0.083760	  0.052739	 -0.028401	 -0.020331	  0.075736	  0.010985	 -0.084650	  0.056448	 -0.007049	 -0.029225	 -0.015670	 -0.083664	  0.052378	  0.072273
 -0.085179	  0.013571	  0.030595	 -0.047533	  0.012582	 -0.055241	 -0.006605	  0.097254	  0.021657	 -0.063064	  0.064975	  0.009928	 -0.032289	 -0.029009	 -0.079659	  0.013750	  0.054359
 -0.074665	  0.004289	  0.041821	 -0.042948	  0.026801	 -0.036621	 -0.008318	  0.110304	  0.010874	 -0.056836	  0.051261	  0.008955	 -0.022717	 -0.033093	 -0.081327	 -0.011064	  0.073257
 -0.057620	  0.037376	  0.035585	 -0.044259	  0.031905	 -0.043437	 -0.021595	  0.090171	  0.006050	 -0.071644	  0.067579	  0.027960	 -0.012662	 -0.042798	 -0.087424	  0.000601	  0.051042
 -0.060235	  0.023689	  0.003943	 -0.030219	  0.036274	 -0.042122	 -0.032120	  0.064625	  0.013293	 -0.104029	  0.043886	  0.031776	  0.005232	 -0.040918	 -0.117151	  0.034420	  0.041000
 -0.064504	 -0.005699	 -0.023718	 -0.057741	  0.078474	 -0.019882	 -0.036293	  0.068960	 -0.001656	 -0.100822	  0.033552	  0.032044	  0.017473	 -0.015351	 -0.113332	  0.035848	  0.073162
 -0.061327	  0.012060	 -0.039921	 -0.084086	  0.063523	 -0.041526	 -0.032704	  0.064914	 -0.015800	 -0.066641	  0.028639	  0.020814	  0.016912	  0.018162	 -0.106402	  0.022874	  0.063012
 -0.059536	 -0.014547	 -0.044894	 -0.068969	  0.023798	 -0.040804	 -0.051668	  0.073721	  0.029370	 -0.023698	  0.018310	 -0.007206	  0.019228	  0.032019	 -0.110155	 -0.005292	  0.042888
 -0.068218	 -0.040055	 -0.039969	 -0.064385	  0.061395	 -0.028031	 -0.058243	  0.101159	  0.028434	 -0.040042	  0.020927	  0.002169	  0.032225	  0.017519	 -0.084705	 -0.010986	  0.025294
 -0.040398	 -0.013271	 -0.055215	 -0.064144	  0.080439	 -0.036838	 -0.051468	  0.121176	  0.002401	 -0.029742	  0.013938	  0.018174	  0.024281	  0.013392	 -0.090904	 -0.025761	  0.004107
 -0.009940	 -0.000173	 -0.047706	 -0.051530	  0.075863	 -0.052031	 -0.066270	  0.114743	  0.008541	 -0.054269	  0.039575	  0.021326	 -0.010012	  0.044873	 -0.106571	 -0.041696	  0.010912
 -0.016543	 -0.013188	 -0.007446	 -0.045880	  0.071803	 -0.047372	 -0.034403	  0.091332	 -0.008151	 -0.049665	  0.061481	 -0.005432	 -0.011000	  0.080884	 -0.098373	 -0.041956	 -0.012900
 -0.012894	 -0.008257	  0.019959	 -0.043670	  0.069969	 -0.044748	 -0.031027	  0.073172	 -0.034820	 -0.031458	  0.072698	 -0.017852	  0.010221	  0.085956	 -0.076292	 -0.060455	 -0.016580
 -0.029785	  0.008940	  0.000681	 -0.059172	  0.075482	 -0.050266	 -0.032151	  0.081477	 -0.025799	 -0.016615	  0.077316	 -0.024769	  0.028105	  0.085665	 -0.064149	 -0.079956	 -0.001606
 -0.013638	  0.020750	 -0.022918	 -0.050621	  0.076851	 -0.051843	 -0.013437	  0.094619	 -0.001426	  0.013957	  0.070999	 -0.029867	  0.028137	  0.076289	 -0.073937	 -0.092028	 -0.026993
  0.012830	 -0.005112	 -0.008359	 -0.058884	  0.074487	 -0.043678	 -0.020448	  0.106685	  0.018518	  0.018717	  0.045851	 -0.053532	  0.005437	  0.086901	 -0.073041	 -0.070982	 -0.009323
  0.003950	 -0.032184	 -0.010295	 -0.064632	  0.043538	 -0.040499	 -0.044700	  0.108030	 -0.007554	  0.033052	  0.038227	 -0.056073	 -0.002554	  0.097408	 -0.078063	 -0.057708	 -0.004269
 -0.008888	 -0.044449	 -0.007491	 -0.061930	  0.052252	 -0.030913	 -0.045407	  0.109728	 -0.003082	  0.041606	  0.019040	 -0.015885	 -0.009932	  0.081513	 -0.066725	 -0.024382	  0.013250
 -0.022575	 -0.044324	 -0.014448	 -0.077109	  0.084454	 -0.041355	 -0.050737	  0.117412	 -0.018891	  0.028811	  0.017539	 -0.010644	 -0.009131	  0.077442	 -0.087245	  0.001325	  0.039705
 -0.045299	 -0.046734	 -0.017136	 -0.056033	  0.076160	 -0.039265	 -0.042999	  0.096931	 -0.025018	  0.014307	  0.040867	 -0.022039	 -0.000097	  0.090256	 -0.091791	 -0.016201	  0.063668
 -0.045627	 -0.051844	  0.005446	 -0.061783	  0.049058	 -0.045352	 -0.009948	  0.101449	 -0.014686	  0.015795	  0.032922	  0.009889	  0.016153	  0.091157	 -0.090156	 -0.017344	  0.045980
 -0.054454	 -0.041658	  0.032074	 -0.070514	  0.043871	 -0.045859	 -0.001605	  0.069594	  0.002948	  0.019519	  0.013110	  0.036188	  0.035560	  0.099330	 -0.071970	 -0.019037	  0.020783
 -0.073114	 -0.018499	  0.056967	 -0.079407	  0.041669	 -0.039257	 -0.045538	  0.048148	 -0.023496	  0.000936	  0.022560	  0.038816	  0.028981	  0.100230	 -0.054153	 -0.017467	  0.007521
 -0.100355	  0.005736	  0.075601	 -0.086084	  0.038519	 -0.056687	 -0.039423	  0.075715	 -0.019381	 -0.002771	  0.011222	  0.070274	  0.032280	  0.085043	 -0.038328	 -0.023013	 -0.012606
 -0.103351	 -0.000855	  0.060822	 -0.080519	  0.031180	 -0.064155	 -0.010921	  0.066760	 -0.014417	 -0.004646	  0.015112	  0.071175	  0.044198	  0.053740	 -0.005313	 -0.006304	  0.012626
 -0.099463	  0.007083	  0.020557	 -0.084950	  0.047440	 -0.061994	  0.009141	  0.067135	 -0.021018	 -0.023671	  0.046052	  0.056088	  0.037608	  0.034480	 -0.029006	 -0.020284	  0.034735
 -0.092066	  0.010506	  0.016856	 -0.075982	  0.070732	 -0.056316	  0.013502	  0.051104	 -0.032849	 -0.031118	  0.059658	  0.051599	  0.036565	  0.024759	 -0.039978	 -0.010945	  0.032855
 -0.078169	  0.008625	  0.034046	 -0.063015	  0.059850	 -0.031151	  0.012164	  0.039918	 -0.042420	 -0.021925	  0.053290	  0.074188	  0.017699	  0.026159	 -0.060061	 -0.017771	  0.023424
 -0.079136	 -0.026937	  0.042730	 -0.071563	  0.035440	 -0.027272	  0.004397	  0.043795	 -0.032961	 -0.029142	  0.009974	  0.074016	  0.024101	  0.036040	 -0.041015	 -0.023557	  0.018199
 -0.042740	 -0.033649	  0.060738	 -0.079766	  0.031073	 -0.054912	 -0.016295	  0.030620	 -0.038475	 -0.027927	 -0.019803	  0.051995	  0.015235	  0.012747	 -0.042990	  0.001438	  0.025720
 -0.019496	 -0.027744	  0.063210	 -0.072683	  0.031780	 -0.078553	 -0.043043	  0.037997	 -0.067073	 -0.041124	 -0.008468	  0.076357	 -0.005155	 -0.018528	 -0.047024	  0.028387	  0.061567
 -0.036249	 -0.023611	  0.039720	 -0.056052	  0.055082	 -0.060917	 -0.050816	  0.050266	 -0.104877	 -0.074546	 -0.000205	  0.079828	  0.018534	 -0.017533	 -0.065071	  0.012513	  0.052499
 -0.058495	 -0.054068	  0.010717	 -0.048156	  0.068003	 -0.067450	 -0.023514	  0.055863	 -0.120676	 -0.068597	 -0.008294	  0.056919	  0.044289	 -0.007624	 -0.071757	 -0.028448	  0.081542
 -0.067347	 -0.052867	  0.033084	 -0.052599	  0.067023	 -0.076265	 -0.011694	  0.046523	 -0.134012	 -0.045796	 -0.007638	  0.044265	  0.042874	  0.017881	 -0.088709	 -0.037967	  0.052483
 -0.071857	 -0.046463	  0.044786	 -0.060300	  0.051847	 -0.054811	 -0.017468	  0.031728	 -0.128148	 -0.038110	 -0.004246	  0.061038	  0.065404	  0.046901	 -0.062291	 -0.035731	  0.029527
 -0.059171	 -0.035397	  0.003069	 -0.085783	  0.070026	 -0.032477	  0.003884	  0.057489	 -0.099325	 -0.024233	  0.018285	  0.068841	  0.031383	  0.056957	 -0.063439	 -0.054788	  0.029696
 -0.033765	 -0.044500	  0.007925	 -0.082824	  0.061566	 -0.007007	 -0.010555	  0.100633	 -0.082810	 -0.008996	  0.014621	  0.046244	  0.005350	  0.041543	 -0.069819	 -0.047231	  0.042547
 -0.027094	 -0.079907	  0.041223	 -0.081594	  0.045478	 -0.005166	 -0.041030	  0.115924	 -0.068318	 -0.000631	 -0.008076	  0.026388	 -0.007923	  0.002605	 -0.076170	 -0.036228	  0.010519
 -0.030143	 -0.056372	  0.071009	 -0.091493	  0.050891	 -0.009854	 -0.018678	  0.119900	 -0.066186	 -0.015993	 -0.010100	  0.010453	 -0.014139	 -0.038299	 -0.049185	 -0.005592	  0.012434
 -0.008004	 -0.032125	  0.062575	 -0.096591	  0.063183	 -0.002161	 -0.029017	  0.109467	 -0.083580	 -0.021172	  0.006795	  0.025956	 -0.010470	 -0.066285	 -0.052950	  0.028385	  0.012487
  0.002189	 -0.033610	  0.056869	 -0.074603	  0.050281	 -0.006299	 -0.043777	  0.081236	 -0.092020	 -0.027403	  0.018351	  0.027541	  0.000856	 -0.031315	 -0.058635	  0.008018	  0.039953
  0.002893	 -0.044673	  0.064110	 -0.046482	  0.037300	  0.024693	 -0.011542	  0.066426	 -0.090462	 -0.020925	  0.036494	  0.024307	  0.011963	 -0.024087	 -0.067591	 -0.005426	  0.049518
  0.012614	 -0.026377	  0.041981	 -0.022660	  0.046867	  0.022590	 -0.014177	  0.052204	 -0.090802	 -0.009715	  0.038487	  0.003898	 -0.002411	 -0.028646	 -0.100131	  0.003066	  0.057796
  0.021254	 -0.034691	  0.030264	 -0.015550	  0.067264	  0.000812	 -0.037982	  0.048751	 -0.093435	 -0.026921	  0.040608	  0.038570	  0.007573	 -0.031047	 -0.087133	 -0.003460	  0.042175
  0.032786	 -0.015091	  0.030528	 -0.019239	  0.070684	  0.002026	 -0.050093	  0.060740	 -0.083642	 -0.049172	  0.048071	  0.085472	  0.007139	 -0.027727	 -0.070606	 -0.015834	  0.034185
  0.022947	  0.003300	  0.031214	 -0.024290	  0.048106	 -0.002395	 -0.053794	  0.050367	 -0.088635	 -0.079081	  0.037196	  0.079763	  0.025551	  0.000355	 -0.067305	 -0.025286	  0.056228
  0.008372	  0.009977	  0.020405	 -0.039736	  0.040624	 -0.026523	 -0.064815	  0.032494	 -0.089756	 -0.074746	  0.051560	  0.046799	  0.052843	  0.017096	 -0.067647	 -0.006213	  0.060204
  0.013556	 -0.004057	  0.017578	 -0.065599	  0.057106	 -0.028922	 -0.062561	  0.038782	 -0.096845	 -0.062645	  0.049686	  0.016832	  0.047891	  0.019150	 -0.078896	 -0.032774	  0.068067
  0.021104	 -0.028256	  0.019558	 -0.077688	  0.065513	 -0.026192	 -0.047883	  0.040706	 -0.096597	 -0.034401	  0.054879	  0.037495	  0.052217	 -0.001161	 -0.101774	 -0.024337	  0.057803
  0.000709	 -0.027382	  0.028232	 -0.045768	  0.048521	 -0.028465	 -0.047218	  0.063210	 -0.080664	 -0.016798	  0.035369	  0.014691	  0.062834	  0.018860	 -0.109307	 -0.003937	  0.024044
 -0.037618	 -0.016645	  0.012977	 -0.025698	  0.057544	 -0.026131	 -0.071582	  0.077728	 -0.075331	 -0.014172	  0.034351	 -0.003382	  0.076939	  0.002979	 -0.135318	 -0.007815	  0.045336
 -0.041003	 -0.015693	  0.002343	 -0.005668	  0.064724	 -0.019356	 -0.072870	  0.082995	 -0.081789	 -0.020490	  0.050156	 -0.001501	  0.074305	 -0.008697	 -0.120608	 -0.008994	  0.025152
 -0.005877	 -0.028403	  0.006261	  0.016243	  0.044805	 -0.011547	 -0.064442	  0.102481	 -0.099234	 -0.001097	  0.039742	 -0.018946	  0.065831	 -0.018510	 -0.127564	 -0.003560	  0.022710
  0.010383	 -0.014071	  0.017756	  0.008904	  0.040588	 -0.017145	 -0.060908	  0.081115	 -0.095161	 -0.014445	  0.013509	 -0.007346	  0.059760	 -0.011873	 -0.093405	 -0.026271	  0.046197
 -0.024290	 -0.000990	  0.037906	 -0.006401	  0.053232	 -0.030146	 -0.052517	  0.070782	 -0.096344	 -0.052087	 -0.012672	  0.016281	  0.039988	  0.001586	 -0.073882	 -0.038986	  0.049399
 -0.007774	  0.011341	  0.070272	 -0.031052	  0.064221	 -0.022294	 -0.043861	  0.081404	 -0.107649	 -0.061391	 -0.015202	  0.039339	  0.002041	 -0.009386	 -0.087664	 -0.047952	  0.039651
  0.028300	  0.005543	  0.081360	 -0.055917	  0.048861	 -0.007444	 -0.024983	  0.089950	 -0.078513	 -0.051028	 -0.025720	  0.016265	 -0.013670	 -0.029685	 -0.104694	 -0.054641	  0.024394
  0.011338	 -0.013098	  0.065656	 -0.049529	  0.058967	  0.030937	 -0.022931	  0.082626	 -0.048848	 -0.048026	  0.000239	  0.017272	 -0.016289	 -0.027404	 -0.112091	 -0.071171	  0.035686
  0.013336	 -0.025240	  0.066432	 -0.043204	  0.059646	  0.035157	 -0.015771	  0.106350	 -0.084440	 -0.054965	 -0.000216	  0.044158	  0.002706	 -0.013996	 -0.096708	 -0.110163	  0.037807
 -0.005868	 -0.007902	  0.059937	 -0.046075	  0.056441	  0.039066	  0.000410	  0.117651	 -0.119484	 -0.058991	  0.024323	  0.040276	  0.008348	 -0.004013	 -0.085026	 -0.115567	  0.045627
 -0.001774	  0.019266	  0.046919	 -0.025412	  0.035410	  0.032485	 -0.011912	  0.112410	 -0.148031	 -0.045145	  0.017107	  0.038350	  0.010978	  0.012994	 -0.088978	 -0.144113	  0.052579
 -0.003243	  0.056928	  0.030153	  0.006659	  0.033041	  0.040615	 -0.033295	  0.105493	 -0.174002	 -0.041949	  0.011307	  0.033195	  0.025324	 -0.000272	 -0.086430	 -0.141276	  0.047324
  0.015612	  0.026168	  0.014089	  0.005031	  0.044599	  0.025096	 -0.024745	  0.090440	 -0.162142	 -0.053665	  0.028642	  0.016350	  0.024354	  0.010023	 -0.070494	 -0.114855	  0.036038
  0.009186	 -0.008566	 -0.016404	 -0.002202	  0.049268	  0.014239	 -0.026809	  0.060832	 -0.119726	 -0.035033	 -0.004703	  0.016391	  0.004769	  0.036530	 -0.072789	 -0.094853	  0.037254
 -0.008761	 -0.018679	 -0.035950	  0.005482	  0.018578	  0.020670	 -0.032516	  0.059245	 -0.131716	 -0.033276	 -0.017790	  0.059028	 -0.007069	  0.035557	 -0.071413	 -0.078085	  0.068599
  0.015908	 -0.016617	 -0.026109	  0.017495	  0.007937	  0.025973	 -0.057922	  0.068041	 -0.135734	 -0.036750	 -0.011575	  0.064526	  0.007343	  0.031401	 -0.072130	 -0.083061	  0.087325
  0.029106	 -0.015196	 -0.011576	  0.001959	  0.038662	  0.006278	 -0.048791	  0.073581	 -0.126689	 -0.033490	 -0.035956	  0.057491	 -0.000435	  0.015849	 -0.071701	 -0.097842	  0.058583
  0.038110	 -0.020139	 -0.011214	 -0.007327	  0.057677	 -0.003504	 -0.012065	  0.048280	 -0.115615	 -0.029060	 -0.020865	  0.046328	  0.013361	  0.002542	 -0.066366	 -0.090487	  0.045827
  0.025129	 -0.034112	  0.000519	 -0.000926	  0.071449	  0.012621	 -0.010276	  0.066955	 -0.134528	 -0.011707	 -0.023192	  0.035365	  0.021628	 -0.009622	 -0.043499	 -0.080067	  0.039242
  0.015560	 -0.042636	  0.032833	 -0.008030	  0.083493	  0.017861	 -0.001789	  0.081634	 -0.134074	 -0.039892	 -0.024291	  0.033153	  0.042108	 -0.003989	 -0.052546	 -0.059614	  0.015481
  0.024513	 -0.045742	  0.048446	 -0.013218	  0.094660	  0.014014	  0.007199	  0.073185	 -0.140784	 -0.051553	 -0.036485	  0.040699	  0.006433	  0.005508	 -0.068113	 -0.015931	 -0.018707
  0.036375	 -0.053764	  0.061125	  0.007273	  0.073161	 -0.005929	  0.020838	  0.080803	 -0.116722	 -0.039850	 -0.008752	  0.052800	 -0.006246	  0.000372	 -0.074062	 -0.005856	 -0.012694
  0.057404	 -0.068923	  0.050465	  0.016128	  0.064603	 -0.015108	  0.012079	  0.043417	 -0.120584	 -0.054984	  0.011094	  0.039699	  0.001259	  0.008396	 -0.071834	  0.004500	  0.011410
  0.049185	 -0.046482	  0.053028	  0.032484	  0.045730	 -0.029805	  0.010498	  0.031189	 -0.129818	 -0.025745	  0.021834	  0.014699	  0.011069	 -0.026723	 -0.072695	 -0.006160	  0.027469
  0.043557	 -0.032624	  0.059785	  0.030974	  0.032975	 -0.038147	  0.008342	  0.023379	 -0.112800	 -0.004754	  0.009272	  0.004561	  0.045514	 -0.015877	 -0.064471	 -0.030436	  0.033092
  0.024578	 -0.008637	  0.050397	  0.037090	  0.006165	 -0.037014	  0.001087	  0.017086	 -0.116035	  0.008917	  0.004815	  0.010316	  0.035454	 -0.008266	 -0.056002	 -0.057567	  0.035254
  0.038345	 -0.008915	  0.065760	  0.033561	  0.024942	 -0.010949	 -0.004160	  0.039154	 -0.116199	  0.013191	  0.014266	  0.023298	  0.048525	 -0.015956	 -0.049473	 -0.083038	  0.057659
  0.035110	 -0.015912	  0.081880	  0.035036	  0.040133	 -0.008419	 -0.012070	  0.048110	 -0.104643	  0.024492	  0.011691	  0.034376	  0.059573	 -0.027677	 -0.024842	 -0.103809	  0.066901
  0.029596	 -0.005915	  0.070646	  0.054282	  0.032538	 -0.019616	 -0.014759	  0.048010	 -0.098951	  0.025736	  0.010952	  0.044551	  0.078423	 -0.030370	 -0.019640	 -0.098515	  0.041715
  0.050352	 -0.018979	  0.077101	  0.042559	  0.036706	 -0.033778	  0.015771	  0.033631	 -0.103363	  0.002315	  0.001613	  0.053042	  0.087387	 -0.034958	 -0.042291	 -0.091014	  0.024823
  0.054063	  0.006477	  0.091937	  0.044733	  0.021187	 -0.002841	 -0.000581	  0.015686	 -0.083375	  0.022640	  0.011168	  0.072781	  0.099100	 -0.040402	 -0.043692	 -0.074072	  0.017643
  0.037490	  0.016029	  0.091791	  0.017751	  0.040251	 -0.016198	 -0.016539	 -0.008533	 -0.091618	  0.024269	  0.015704	  0.089658	  0.081988	 -0.027219	 -0.006254	 -0.035819	  0.027562
  0.018714	 -0.007061	  0.067450	  0.030666	  0.024442	  0.011743	  0.008148	  0.008211	 -0.106382	  0.015612	  0.032375	  0.096304	  0.084175	 -0.053017	 -0.013169	 -0.058916	  0.040687
  0.031411	 -0.010972	  0.062869	  0.043609	  0.012499	  0.027829	 -0.000595	  0.042921	 -0.102399	  0.020767	  0.046882	  0.089906	  0.078598	 -0.037089	 -0.032717	 -0.059707	  0.041832
  0.032100	 -0.016481	  0.034086	  0.028621	 -0.001900	  0.027875	  0.010048	  0.037352	 -0.102843	  0.024221	  0.034388	  0.071004	  0.064678	 -0.035235	 -0.072112	 -0.028005	  0.052894
  0.059040	 -0.023266	  0.015914	  0.008269	  0.030206	  0.031327	  0.006353	  0.024681	 -0.126950	  0.034550	  0.030472	  0.032991	  0.040137	 -0.021800	 -0.086316	  0.011731	  0.061096
  0.047184	 -0.034441	  0.004191	  0.032487	  0.066564	  0.009265	 -0.053700	 -0.003282	 -0.142154	  0.030975	  0.035502	  0.016409	  0.026999	 -0.049178	 -0.090370	  0.029799	  0.061979
  0.044443	 -0.033330	  0.014275	  0.029426	  0.091519	  0.005761	 -0.067994	  0.016151	 -0.127205	  0.016298	  0.023289	  0.043716	  0.038505	 -0.050459	 -0.072070	 -0.000106	  0.071397
  0.024544	 -0.031876	  0.008996	  0.036532	  0.064706	  0.008747	 -0.014597	  0.011245	 -0.124642	 -0.022877	  0.027663	  0.029476	  0.054872	 -0.051664	 -0.074583	 -0.031890	  0.075658
  0.013017	 -0.036049	  0.025749	  0.021399	  0.049008	  0.011517	  0.026300	  0.030455	 -0.124267	 -0.022713	  0.012893	  0.029190	  0.031515	 -0.040017	 -0.106172	 -0.040428	  0.041701
  0.013985	 -0.019482	  0.005121	  0.009183	  0.040820	  0.012922	  0.026716	  0.028980	 -0.133813	 -0.019243	  0.004760	  0.038147	  0.031678	 -0.050566	 -0.132835	 -0.054806	  0.037015
  0.000045	  0.003592	  0.003542	  0.008602	  0.024228	  0.044860	  0.032569	  0.038104	 -0.133253	 -0.017049	  0.009890	  0.052574	  0.032339	 -0.048705	 -0.128813	 -0.059869	  0.033527
 -0.005582	  0.001493	  0.014955	  0.031718	  0.024191	  0.061572	  0.015996	  0.053431	 -0.132912	  0.012309	  0.012296	  0.028552	  0.013538	 -0.043232	 -0.107262	 -0.068198	  0.019854
  0.006964	 -0.006604	  0.011631	  0.030914	  0.002813	  0.033909	 -0.007767	  0.035301	 -0.131882	 -0.007013	  0.020997	  0.022138	  0.025068	 -0.032014	 -0.098491	 -0.063006	  0.012814
  0.008948	 -0.039729	  0.041625	  0.020282	 -0.009727	  0.042012	 -0.024113	  0.033723	 -0.115407	 -0.000830	  0.004956	  0.050333	  0.052582	 -0.051416	 -0.076429	 -0.046342	 -0.004639
  0.009109	 -0.062775	  0.063119	  0.025962	 -0.003128	  0.037200	 -0.010152	  0.055901	 -0.089747	 -0.002028	 -0.016233	  0.058845	  0.063998	 -0.057328	 -0.064020	 -0.060289	  0.010494
  0.020955	 -0.022467	  0.065837	  0.028278	  0.049971	  0.017924	 -0.017081	  0.059977	 -0.093404	 -0.009267	 -0.010516	  0.065277	  0.059465	 -0.036972	 -0.052673	 -0.061006	  0.009269
  0.003915	  0.007803	  0.071271	  0.051787	  0.030887	 -0.013562	  0.005712	  0.074395	 -0.107100	 -0.016140	 -0.005264	  0.084774	  0.025774	 -0.026975	 -0.066712	 -0.059094	 -0.004215
  0.001105	  0.003944	  0.061221	  0.057053	  0.035668	 -0.018306	  0.045603	  0.086959	 -0.107254	 -0.010610	 -0.007028	  0.088543	  0.016764	 -0.041813	 -0.066387	 -0.051445	 -0.002977
  0.010867	  0.015288	  0.055174	  0.035003	  0.049072	  0.018061	  0.037985	  0.091672	 -0.113885	 -0.004778	 -0.022687	  0.087140	  0.008555	 -0.072023	 -0.094149	 -0.043100	 -0.005342
  0.012935	  0.015877	  0.072117	  0.042679	  0.035984	  0.024252	  0.025048	  0.071264	 -0.090449	 -0.007735	 -0.043363	  0.085856	  0.006371	 -0.054821	 -0.065776	 -0.008198	  0.007233
  0.019908	  0.036441	  0.069158	  0.039211	  0.030622	  0.002976	  0.021983	  0.046231	 -0.108796	 -0.026814	 -0.026807	  0.093131	 -0.025926	 -0.031082	 -0.044358	 -0.001845	  0.027490
  0.026458	  0.020201	  0.081775	  0.029870	  0.018506	  0.035223	  0.042759	  0.049640	 -0.113584	 -0.027754	 -0.032917	  0.081044	 -0.042138	 -0.013011	 -0.051350	 -0.001600	  0.036883
  0.001104	 -0.008066	  0.068237	  0.027313	  0.015527	  0.026130	  0.039751	  0.053450	 -0.109613	 -0.020876	 -0.021800	  0.073804	  0.006031	  0.009430	 -0.082559	 -0.016364	  0.049977
 -0.002707	 -0.021647	  0.033111	  0.011979	  0.033285	  0.026009	  0.018119	  0.074594	 -0.102631	 -0.021043	 -0.008477	  0.054752	  0.023638	  0.012233	 -0.072396	 -0.022395	  0.059708
 -0.006793	 -0.018990	  0.027773	  0.003509	  0.019973	  0.005110	  0.006180	  0.093469	 -0.104206	  0.040766	  0.019054	  0.066176	  0.011341	 -0.006111	 -0.051303	 -0.032783	  0.038767
 -0.025130	 -0.032310	  0.030362	  0.005872	  0.008708	 -0.019103	  0.026503	  0.087181	 -0.105483	  0.048044	  0.037054	  0.069781	 -0.004379	 -0.052279	 -0.034566	 -0.033527	  0.021137
 -0.003691	 -0.019758	  0.071116	  0.009966	 -0.002618	 -0.007237	  0.028921	  0.097253	 -0.082415	  0.022296	  0.041213	  0.072129	 -0.001739	 -0.024604	 -0.035427	 -0.032321	  0.004470
  0.020803	 -0.008125	  0.085999	 -0.009580	  0.022634	  0.007467	  0.023937	  0.084881	 -0.061356	  0.016156	  0.007384	  0.097796	  0.009098	 -0.010111	 -0.067518	 -0.028469	  0.020981
  0.040748	 -0.011672	  0.096365	  0.000520	  0.035148	  0.016364	  0.030831	  0.078830	 -0.053213	  0.010505	  0.027594	  0.086017	  0.002337	 -0.048998	 -0.098149	 -0.051773	  0.003269
  0.020495	 -0.014787	  0.093598	  0.011036	  0.039481	  0.007075	  0.039812	  0.094377	 -0.059974	  0.013734	  0.045490	  0.079633	 -0.010406	 -0.023928	 -0.105080	 -0.039452	 -0.004494
 -0.012755	 -0.032158	  0.092993	  0.015071	  0.047056	  0.033286	  0.039882	  0.097114	 -0.070532	  0.012589	  0.036592	  0.084119	 -0.016908	  0.002378	 -0.108322	 -0.036709	 -0.002550
  0.015282	 -0.029110	  0.081100	  0.023136	  0.045903	  0.042062	  0.021790	  0.070454	 -0.077677	  0.019766	  0.034837	  0.071093	  0.018057	 -0.002051	 -0.104082	 -0.041728	 -0.002908
  0.029407	 -0.019734	  0.066845	  0.007535	  0.024202	  0.050565	  0.044202	  0.049352	 -0.061100	  0.040980	  0.027516	  0.097376	  0.022089	 -0.021027	 -0.076362	 -0.053948	 -0.016784
  0.012460	 -0.002314	  0.066492	  0.020545	  0.001155	  0.031062	  0.055065	  0.078909	 -0.079735	  0.011619	 -0.003847	  0.122615	  0.021765	 -0.018497	 -0.062840	 -0.058866	 -0.009811
 -0.016026	  0.005515	  0.072059	  0.020436	 -0.001301	  0.009270	  0.056772	  0.065741	 -0.081837	  0.005725	 -0.001681	  0.114323	  0.029908	 -0.007962	 -0.051700	 -0.064687	 -0.010743
 -0.023004	  0.036547	  0.055057	 -0.010265	  0.004654	  0.007702	  0.062909	  0.045979	 -0.060391	  0.031694	  0.018797	  0.081903	  0.016389	 -0.005553	 -0.048481	 -0.096437	  0.002065
 -0.002741	  0.010601	  0.057686	 -0.004188	  0.018401	 -0.022529	  0.053711	  0.039070	 -0.058816	  0.028684	  0.032158	  0.067606	 -0.005781	 -0.004823	 -0.060653	 -0.110909	  0.032672
 -0.008062	  0.036812	  0.072291	 -0.009626	  0.049868	 -0.043468	  0.027805	  0.074823	 -0.077508	  0.017065	  0.042911	  0.082016	 -0.034092	 -0.002607	 -0.069140	 -0.108197	  0.037483
 -0.017138	  0.033026	  0.051481	 -0.051253	  0.044612	 -0.045971	  0.016608	  0.070185	 -0.087024	  0.011785	  0.058577	  0.082627	 -0.034010	 -0.021368	 -0.056740	 -0.076901	  0.042196
 -0.022621	  0.021879	  0.033736	 -0.037547	  0.038325	 -0.020532	  0.013300	  0.075131	 -0.081399	  0.007987	  0.058664	  0.059919	 -0.028267	 -0.020930	 -0.072691	 -0.037352	  0.044551
 -0.036252	  0.012491	  0.024095	 -0.003105	  0.063110	 -0.027861	  0.000276	  0.090669	 -0.050893	  0.011501	  0.041588	  0.051105	 -0.043107	  0.002202	 -0.087741	 -0.011518	  0.042623
 -0.033384	  0.015416	  0.069610	 -0.002822	  0.082696	 -0.035708	 -0.001251	  0.090534	 -0.049271	  0.009646	  0.043673	  0.047229	 -0.020292	 -0.000386	 -0.095617	 -0.002212	  0.056182
 -0.006566	  0.035435	  0.089962	 -0.037241	  0.068443	 -0.029761	  0.020328	  0.101628	 -0.053120	 -0.009499	  0.036843	  0.042121	 -0.011975	  0.000799	 -0.092154	 -0.009956	  0.066819
 -0.027906	  0.009848	  0.085631	 -0.058342	  0.049891	 -0.034395	  0.032713	  0.075024	 -0.060002	 -0.007067	  0.041788	  0.052524	 -0.000179	  0.032942	 -0.078550	 -0.016429	  0.083287
 -0.045813	  0.023992	  0.097179	 -0.049182	  0.035383	 -0.025676	  0.046596	  0.055148	 -0.065208	  0.026724	  0.042405	  0.023223	  0.034140	  0.085604	 -0.102967	 -0.016351	  0.070446
 -0.049689	  0.031085	  0.047770	 -0.039759	  0.044785	  0.001719	  0.028363	  0.089905	 -0.074243	  0.007634	  0.072517	 -0.000138	  0.046901	  0.100120	 -0.113555	 -0.045807	  0.053343
 -0.050683	  0.028247	  0.012955	 -0.060151	  0.060297	  0.020590	  0.040515	  0.104743	 -0.075863	 -0.038659	  0.085397	  0.014462	  0.022133	  0.081021	 -0.097196	 -0.039442	  0.051390
 -0.059083	  0.011984	  0.019079	 -0.064163	  0.070173	  0.033115	  0.029527	  0.078324	 -0.052438	 -0.053049	  0.073333	  0.030716	 -0.007373	  0.071230	 -0.100566	 -0.049073	  0.040371
 -0.063376	  0.006837	  0.012379	 -0.050404	  0.060845	  0.009127	  0.017303	  0.074052	 -0.057284	 -0.047513	  0.069413	 -0.008840	  0.002970	  0.072337	 -0.091809	 -0.033994	  0.026225
 -0.042526	  0.006974	  0.018861	 -0.042597	  0.062412	  0.023892	  0.041578	  0.058848	 -0.074447	 -0.024704	  0.055879	 -0.028681	  0.013217	  0.075557	 -0.100735	 -0.001273	  0.023147
 -0.045629	  0.003928	  0.007667	 -0.069668	  0.075565	  0.033702	  0.052512	  0.048746	 -0.054835	 -0.035243	  0.059303	 -0.052645	  0.037518	  0.068598	 -0.119789	  0.009636	  0.055342
 -0.072007	  0.014032	 -0.013433	 -0.042996	  0.068733	  0.016123	  0.064629	  0.053099	 -0.057633	 -0.038279	  0.070010	 -0.052447	  0.033575	  0.054430	 -0.124025	 -0.020318	  0.045033
 -0.077382	  0.001469	 -0.025429	 -0.055492	  0.051532	  0.023495	  0.051516	  0.067114	 -0.069775	 -0.020626	  0.061960	 -0.016969	  0.041284	  0.053648	 -0.099858	  0.001756	  0.045815
 -0.079490	  0.002010	 -0.036319	 -0.069357	  0.039433	  0.024327	  0.062785	  0.052368	 -0.059176	 -0.024146	  0.027182	 -0.020644	  0.030273	  0.055708	 -0.070467	  0.012000	  0.039066
 -0.070644	 -0.015434	 -0.024305	 -0.063143	  0.033008	  0.002773	  0.086902	  0.065462	 -0.076612	 -0.036626	 -0.008185	 -0.004898	  0.046101	  0.053969	 -0.072511	 -0.008702	  0.034798
