:RUN-4	LEVEL SWEEP	TEMP:NaN	2/15/2024	4:08 PM	HR:NaN:SW EAR: L	SW FREQ: 32.00	# AVERAGES: 512	REP RATE (/sec): 39	DRIVER: 	SAMPLE (µsec): 40	MASKER dB: 0:Threshold: 30.3:NOTES-:CHAMBER-Bach:Avgs: 512;512;512;512;512;512;512;512;512;512;512;512;512;512;512
:Tries: 584;591;589;584;577;585;594;586;580;581;582;587;583;579;580
:Log: :Vary signal level: TRUE :Control: NaN:CFTS Version: V2.37.2 (R3379):LEVELS:30;35;40;45;50;55;60;65;70;75;80;85;90;95;100;:DATA  0.016808	  0.024039	  0.014861	 -0.020598	  0.050130	 -0.001047	  0.011846	  0.030383	  0.044666	  0.028374	 -0.000980	  0.032851	  0.078486	  0.123289	  0.149115
 -0.004316	  0.014045	  0.001139	 -0.038075	  0.000203	 -0.014526	  0.045841	  0.035663	  0.044248	  0.029404	  0.002043	  0.052417	  0.063254	  0.118060	  0.154438
 -0.015635	 -0.000888	  0.004742	 -0.033685	 -0.023038	 -0.013279	  0.038253	  0.016116	  0.040722	  0.029609	  0.033748	  0.042272	  0.061210	  0.105185	  0.164701
  0.004730	 -0.019637	  0.007113	  0.001245	 -0.025440	 -0.029433	 -0.008219	  0.008057	  0.050005	  0.040146	  0.023015	  0.043233	  0.065553	  0.096425	  0.144927
  0.013148	 -0.026172	  0.000661	  0.015400	 -0.000363	 -0.012923	 -0.000823	  0.019591	  0.042900	  0.067953	  0.017687	  0.050289	  0.051785	  0.112589	  0.115570
 -0.001643	 -0.009793	 -0.017273	  0.019242	  0.017029	 -0.043070	  0.037517	  0.021396	  0.026138	  0.065791	  0.024904	  0.057990	  0.053676	  0.119439	  0.103354
 -0.021593	  0.001794	 -0.034888	  0.038082	 -0.001757	 -0.035154	  0.037208	  0.001676	  0.015116	  0.067477	  0.028065	  0.067672	  0.062288	  0.096324	  0.104862
 -0.018428	  0.033301	 -0.033697	  0.008733	 -0.029615	  0.015299	  0.041740	  0.016771	  0.029682	  0.045517	  0.049891	  0.060345	  0.069205	  0.093655	  0.117632
  0.010532	  0.053347	 -0.023570	 -0.003163	 -0.039286	  0.001044	  0.025068	  0.000581	  0.028893	  0.027457	  0.061701	  0.067805	  0.071604	  0.093061	  0.128363
  0.042527	  0.043653	 -0.019464	 -0.016675	 -0.049842	 -0.015446	 -0.007896	 -0.008960	  0.021304	  0.028785	  0.043176	  0.056047	  0.089794	  0.093657	  0.138715
  0.027728	  0.016498	 -0.001753	  0.004576	 -0.039242	  0.007560	  0.009991	  0.011265	  0.002876	  0.029517	  0.053342	  0.052463	  0.078127	  0.076094	  0.095355
 -0.005695	 -0.002453	  0.023428	  0.011352	 -0.018266	  0.009735	  0.001030	  0.022359	 -0.018738	  0.009012	  0.050305	  0.063757	  0.068431	  0.030601	  0.013454
  0.000500	 -0.032468	  0.018838	  0.025617	 -0.015252	  0.017739	  0.023162	  0.037466	 -0.018389	  0.008461	  0.048904	  0.023532	  0.042310	 -0.033816	 -0.064944
 -0.007499	 -0.022779	  0.023528	  0.015709	  0.018723	  0.033814	  0.013917	  0.014508	 -0.021252	 -0.001393	  0.014479	 -0.012430	 -0.038597	 -0.104859	 -0.099000
  0.011306	  0.003199	  0.009327	  0.010916	  0.025603	  0.013005	 -0.015750	  0.009826	 -0.025104	 -0.065171	 -0.000971	 -0.050293	 -0.084490	 -0.150025	 -0.175261
  0.010282	  0.008755	  0.003980	  0.022351	  0.029022	  0.032845	 -0.043943	 -0.029007	 -0.040772	 -0.089084	 -0.038682	 -0.073274	 -0.128553	 -0.162004	 -0.216595
 -0.000341	 -0.014610	  0.021962	 -0.010659	  0.056822	  0.032541	 -0.041401	 -0.048252	 -0.039576	 -0.068204	 -0.081433	 -0.106430	 -0.140570	 -0.161319	 -0.238828
 -0.021855	 -0.018506	  0.004353	 -0.006999	  0.061975	  0.015849	 -0.027425	 -0.045786	 -0.067343	 -0.058503	 -0.099128	 -0.138539	 -0.134836	 -0.175254	 -0.242529
 -0.024287	 -0.020853	 -0.004464	 -0.022483	  0.014065	  0.009211	 -0.047089	 -0.055379	 -0.054624	 -0.086254	 -0.108090	 -0.152443	 -0.164978	 -0.187324	 -0.220375
 -0.016270	 -0.030473	  0.001176	 -0.020885	 -0.031472	 -0.023763	 -0.093028	 -0.058273	 -0.060751	 -0.108894	 -0.121976	 -0.137265	 -0.163698	 -0.183777	 -0.172954
 -0.013413	 -0.029983	 -0.015946	  0.012671	 -0.048723	 -0.040765	 -0.089993	 -0.048797	 -0.077313	 -0.135492	 -0.127383	 -0.149353	 -0.161483	 -0.169865	 -0.142696
 -0.007702	 -0.039871	 -0.017697	  0.022693	 -0.047491	 -0.034962	 -0.074235	 -0.076098	 -0.077633	 -0.148246	 -0.117191	 -0.176337	 -0.181636	 -0.163806	 -0.155861
 -0.012498	 -0.023300	 -0.017010	  0.019145	 -0.060810	 -0.033237	 -0.106025	 -0.086028	 -0.104077	 -0.146794	 -0.166251	 -0.188203	 -0.199633	 -0.197182	 -0.188983
 -0.032215	 -0.020274	 -0.018965	 -0.001502	 -0.015071	 -0.042317	 -0.134666	 -0.103305	 -0.115435	 -0.167524	 -0.191515	 -0.200450	 -0.235145	 -0.245413	 -0.234334
 -0.014439	  0.012402	  0.006810	 -0.021538	  0.015588	 -0.058506	 -0.135470	 -0.136481	 -0.134783	 -0.210382	 -0.240061	 -0.220116	 -0.302035	 -0.280489	 -0.255325
 -0.011093	  0.027971	  0.033339	 -0.025647	 -0.000272	 -0.052493	 -0.151982	 -0.126051	 -0.131887	 -0.228531	 -0.256084	 -0.243664	 -0.316674	 -0.299662	 -0.265904
 -0.018758	  0.001483	  0.020931	  0.006796	  0.013062	 -0.057016	 -0.178129	 -0.150584	 -0.128931	 -0.235738	 -0.254298	 -0.265530	 -0.305721	 -0.277632	 -0.248194
 -0.010047	  0.021467	 -0.019440	 -0.013994	 -0.005868	 -0.086993	 -0.177171	 -0.147747	 -0.144172	 -0.259027	 -0.229146	 -0.237536	 -0.283820	 -0.248050	 -0.225767
 -0.014082	  0.000508	 -0.008224	 -0.064524	 -0.013496	 -0.113341	 -0.141368	 -0.140554	 -0.140613	 -0.217566	 -0.253955	 -0.201872	 -0.230568	 -0.165406	 -0.178924
 -0.025861	 -0.022818	 -0.018666	 -0.075031	 -0.020283	 -0.110244	 -0.106368	 -0.128347	 -0.137788	 -0.184046	 -0.218523	 -0.153276	 -0.171861	 -0.101069	 -0.122217
 -0.027857	 -0.015303	 -0.054445	 -0.079639	 -0.040622	 -0.102044	 -0.086470	 -0.109282	 -0.131444	 -0.146633	 -0.191488	 -0.070495	 -0.128080	 -0.046547	 -0.089617
 -0.018211	 -0.031924	 -0.100347	 -0.071654	 -0.082769	 -0.091434	 -0.061010	 -0.056128	 -0.066218	 -0.083218	 -0.146206	 -0.045899	 -0.069019	 -0.006307	 -0.070068
 -0.025101	 -0.039817	 -0.106464	 -0.061823	 -0.084082	 -0.076680	 -0.027832	 -0.031162	 -0.031224	 -0.023280	 -0.070880	 -0.044048	 -0.040974	 -0.014826	 -0.053675
 -0.030716	 -0.036987	 -0.114756	 -0.040205	 -0.078061	 -0.042647	 -0.016030	 -0.039638	 -0.025969	 -0.010283	 -0.034936	 -0.002337	 -0.021231	 -0.021517	 -0.022340
 -0.042424	 -0.050331	 -0.133738	 -0.030235	 -0.093147	 -0.015081	 -0.018509	 -0.030242	 -0.037651	 -0.023027	 -0.006605	  0.022817	  0.032018	 -0.013619	  0.025119
 -0.038346	 -0.063680	 -0.112950	 -0.041785	 -0.068919	 -0.043335	 -0.038873	  0.032273	 -0.030100	 -0.010444	  0.019120	  0.065589	  0.099631	  0.086154	  0.110490
 -0.024722	 -0.069804	 -0.086153	 -0.028531	 -0.049047	 -0.031682	 -0.063076	  0.046581	  0.018991	  0.028544	  0.056628	  0.141142	  0.169478	  0.190541	  0.220625
 -0.004574	 -0.053599	 -0.066423	 -0.010302	 -0.041489	 -0.028369	 -0.075496	  0.056713	  0.070549	  0.065766	  0.083695	  0.212294	  0.264870	  0.253694	  0.331309
  0.000690	 -0.031786	 -0.046761	 -0.017820	 -0.047347	 -0.050552	 -0.048682	  0.071552	  0.084964	  0.068517	  0.113175	  0.262913	  0.314946	  0.270841	  0.415187
 -0.008087	 -0.008498	 -0.038078	 -0.012017	 -0.045174	 -0.037006	 -0.044720	  0.077559	  0.061322	  0.037863	  0.114777	  0.250960	  0.328354	  0.231055	  0.390393
  0.015028	 -0.006005	 -0.026612	 -0.002699	  0.002035	 -0.028778	 -0.034772	  0.037874	  0.027178	 -0.004794	  0.090711	  0.163572	  0.205719	  0.097082	  0.275652
  0.023754	  0.005038	 -0.016884	  0.019915	  0.028121	 -0.058079	 -0.047230	 -0.007070	 -0.039074	 -0.048911	  0.011780	  0.036955	 -0.023391	 -0.111806	  0.069809
  0.034043	  0.003369	  0.026563	  0.014509	  0.003268	 -0.101590	 -0.060629	 -0.101900	 -0.158410	 -0.124963	 -0.102977	 -0.150380	 -0.266543	 -0.347143	 -0.196818
  0.027710	  0.005811	  0.048595	 -0.008894	 -0.005732	 -0.105664	 -0.102134	 -0.191814	 -0.220024	 -0.201196	 -0.216839	 -0.389473	 -0.514441	 -0.597459	 -0.442390
  0.042869	  0.021424	  0.009671	 -0.021957	 -0.042297	 -0.113987	 -0.180560	 -0.269328	 -0.275272	 -0.265747	 -0.340558	 -0.568036	 -0.677779	 -0.746940	 -0.620665
  0.053055	  0.026823	 -0.038484	 -0.043942	 -0.092255	 -0.170166	 -0.204814	 -0.317710	 -0.335072	 -0.334614	 -0.485491	 -0.685861	 -0.734719	 -0.794745	 -0.718889
  0.041174	  0.029678	 -0.044317	 -0.079217	 -0.116824	 -0.203349	 -0.216656	 -0.359866	 -0.367964	 -0.401519	 -0.558803	 -0.703897	 -0.755107	 -0.774477	 -0.731363
  0.024949	 -0.013231	 -0.039281	 -0.103815	 -0.146839	 -0.230636	 -0.240715	 -0.343869	 -0.379720	 -0.389721	 -0.593177	 -0.673868	 -0.709414	 -0.734063	 -0.708427
  0.019015	 -0.028101	 -0.082349	 -0.138721	 -0.155184	 -0.261099	 -0.248070	 -0.293956	 -0.363644	 -0.352492	 -0.557147	 -0.590973	 -0.614430	 -0.658097	 -0.672610
  0.028843	 -0.032809	 -0.099399	 -0.168565	 -0.150118	 -0.246310	 -0.238983	 -0.270424	 -0.340503	 -0.307423	 -0.476048	 -0.482676	 -0.470777	 -0.531021	 -0.564797
  0.027076	 -0.057482	 -0.123095	 -0.179959	 -0.150683	 -0.227231	 -0.206454	 -0.228183	 -0.294380	 -0.267254	 -0.351341	 -0.356937	 -0.319634	 -0.380042	 -0.362267
  0.021285	 -0.078064	 -0.118647	 -0.167272	 -0.126030	 -0.188728	 -0.186397	 -0.166024	 -0.264375	 -0.200197	 -0.276478	 -0.212678	 -0.170864	 -0.186387	 -0.146110
  0.018112	 -0.100872	 -0.090678	 -0.165024	 -0.076252	 -0.144782	 -0.146417	 -0.109205	 -0.197881	 -0.103513	 -0.172577	 -0.105735	 -0.016876	  0.018151	  0.120847
  0.025831	 -0.076503	 -0.066203	 -0.158357	 -0.055744	 -0.149915	 -0.130340	 -0.078557	 -0.146014	 -0.032020	 -0.054141	  0.008026	  0.122509	  0.202914	  0.374317
  0.030546	 -0.048504	 -0.059329	 -0.109564	 -0.063847	 -0.130240	 -0.127494	 -0.029595	 -0.095639	  0.043249	  0.025070	  0.074591	  0.250842	  0.329329	  0.575390
  0.023196	 -0.054191	 -0.067695	 -0.082491	 -0.054934	 -0.123049	 -0.099314	 -0.018318	 -0.062889	  0.094753	  0.069278	  0.116492	  0.318109	  0.393891	  0.726810
  0.017422	 -0.034730	 -0.057959	 -0.088329	 -0.044330	 -0.114063	 -0.084111	  0.002397	 -0.027786	  0.073926	  0.072044	  0.164994	  0.316577	  0.448053	  0.768446
  0.011014	 -0.019519	 -0.025319	 -0.092898	 -0.039863	 -0.116734	 -0.049948	  0.019548	 -0.008290	  0.077210	  0.087026	  0.205929	  0.348471	  0.465589	  0.714613
 -0.001814	 -0.025394	 -0.020977	 -0.087177	 -0.078223	 -0.120708	 -0.037856	  0.052044	 -0.001078	  0.106611	  0.100591	  0.200789	  0.339808	  0.452393	  0.625492
 -0.020196	 -0.014017	 -0.013448	 -0.090640	 -0.106515	 -0.098376	 -0.032497	  0.061689	 -0.030951	  0.099619	  0.133534	  0.223988	  0.323161	  0.444742	  0.511405
 -0.048109	 -0.022367	 -0.005676	 -0.090288	 -0.113788	 -0.096469	 -0.014649	  0.072775	 -0.034741	  0.142938	  0.143927	  0.214567	  0.305414	  0.389255	  0.408420
 -0.065734	 -0.041988	 -0.002994	 -0.080963	 -0.116318	 -0.087769	  0.029949	  0.099696	  0.010065	  0.184622	  0.160261	  0.216282	  0.268192	  0.296218	  0.317283
 -0.067922	 -0.064359	 -0.022660	 -0.105079	 -0.106620	 -0.055383	  0.017265	  0.131393	  0.038396	  0.209038	  0.185798	  0.194293	  0.211700	  0.208757	  0.236494
 -0.058459	 -0.050920	 -0.037245	 -0.097727	 -0.077653	 -0.026173	  0.025038	  0.161206	  0.061322	  0.200827	  0.210518	  0.163578	  0.162297	  0.183416	  0.187457
 -0.054332	 -0.045873	 -0.029940	 -0.071806	 -0.026058	 -0.029277	  0.066958	  0.160259	  0.094100	  0.189975	  0.226021	  0.136035	  0.158483	  0.191712	  0.158570
 -0.046655	 -0.082673	 -0.019568	 -0.061339	  0.009859	 -0.013291	  0.083292	  0.110526	  0.079728	  0.199289	  0.211896	  0.156329	  0.184127	  0.202127	  0.147960
 -0.026175	 -0.070564	 -0.015206	 -0.034646	  0.043931	  0.000247	  0.095533	  0.090184	  0.070529	  0.192460	  0.205204	  0.170980	  0.214333	  0.240403	  0.177461
 -0.002685	 -0.045177	 -0.024863	 -0.026754	  0.066930	 -0.011535	  0.073897	  0.099076	  0.071372	  0.205654	  0.210806	  0.197317	  0.263392	  0.310451	  0.255658
 -0.008624	 -0.046902	 -0.003470	 -0.018819	  0.058464	 -0.011728	  0.041768	  0.091747	  0.090086	  0.192801	  0.227329	  0.249851	  0.347893	  0.378109	  0.332306
 -0.007438	 -0.061298	  0.007548	 -0.004461	  0.035840	  0.007478	  0.020837	  0.103546	  0.133817	  0.192081	  0.259009	  0.283332	  0.393394	  0.467649	  0.434397
  0.016487	 -0.041741	 -0.009021	 -0.014411	  0.055408	  0.026659	  0.018047	  0.121970	  0.159676	  0.231953	  0.306017	  0.329181	  0.417588	  0.538280	  0.556756
  0.041876	 -0.020391	 -0.028373	 -0.003559	  0.044457	  0.036235	  0.039287	  0.155407	  0.172450	  0.281503	  0.336286	  0.374471	  0.463097	  0.619189	  0.694304
  0.042551	 -0.016727	 -0.043721	  0.020972	  0.020068	  0.058165	  0.056934	  0.171989	  0.194976	  0.287317	  0.363582	  0.447536	  0.492909	  0.694866	  0.766642
  0.042418	 -0.004162	 -0.026583	  0.041274	  0.017066	  0.102949	  0.085462	  0.160362	  0.201983	  0.301779	  0.398924	  0.473930	  0.543505	  0.694803	  0.812036
  0.053460	 -0.015960	  0.003523	  0.048223	  0.039026	  0.157975	  0.111682	  0.187657	  0.227547	  0.355755	  0.403218	  0.435513	  0.576502	  0.684476	  0.809144
  0.063421	 -0.026858	  0.026125	  0.056954	  0.048621	  0.182525	  0.136514	  0.182050	  0.212580	  0.368466	  0.411177	  0.432818	  0.569186	  0.633295	  0.764761
  0.031521	 -0.047047	  0.061377	  0.066529	  0.040413	  0.212796	  0.141428	  0.163840	  0.216583	  0.395605	  0.373490	  0.421212	  0.508433	  0.544655	  0.631153
  0.030219	 -0.018330	  0.083898	  0.088346	  0.042818	  0.191836	  0.116871	  0.141799	  0.219698	  0.389093	  0.338631	  0.368247	  0.439772	  0.422402	  0.495780
  0.025109	  0.002249	  0.075856	  0.088102	  0.066901	  0.155191	  0.121526	  0.119050	  0.190898	  0.364147	  0.260262	  0.287776	  0.310906	  0.290921	  0.376032
  0.027369	 -0.002605	  0.120866	  0.114010	  0.073291	  0.138109	  0.123514	  0.095203	  0.145759	  0.312051	  0.171847	  0.181263	  0.201355	  0.173374	  0.247010
  0.023717	  0.021158	  0.123480	  0.136438	  0.074160	  0.130702	  0.118130	  0.086422	  0.088878	  0.223388	  0.062671	  0.074868	  0.086591	  0.068615	  0.091455
  0.021144	  0.031787	  0.105226	  0.126806	  0.069571	  0.121031	  0.077801	  0.071053	  0.055144	  0.125681	 -0.049283	 -0.055034	 -0.052059	 -0.034528	 -0.016048
  0.018139	  0.036031	  0.084577	  0.097549	  0.062104	  0.108549	  0.037900	  0.024945	 -0.002604	  0.005841	 -0.104482	 -0.129383	 -0.134021	 -0.108453	 -0.080218
  0.028249	  0.020888	  0.015611	  0.058635	  0.034070	  0.074740	 -0.013147	  0.002914	 -0.082328	 -0.080350	 -0.123239	 -0.166652	 -0.176973	 -0.137858	 -0.059342
  0.048445	 -0.005912	 -0.012791	  0.015606	  0.011399	  0.039870	 -0.072206	 -0.031737	 -0.126650	 -0.106174	 -0.152164	 -0.224229	 -0.178678	 -0.105760	 -0.013468
  0.028010	 -0.007381	  0.008210	 -0.029418	  0.013262	  0.008673	 -0.135392	 -0.057928	 -0.139271	 -0.070833	 -0.136700	 -0.209212	 -0.142213	 -0.050175	  0.050150
  0.019978	 -0.019595	 -0.023784	 -0.038656	  0.005547	 -0.053488	 -0.174780	 -0.074428	 -0.110562	 -0.027233	 -0.106307	 -0.151245	 -0.079322	  0.070830	  0.160983
  0.006349	 -0.016597	 -0.036568	 -0.026698	 -0.022745	 -0.097330	 -0.182987	 -0.056223	 -0.049374	  0.048187	 -0.042703	 -0.067818	  0.035633	  0.176463	  0.238954
  0.004281	 -0.009589	 -0.018437	 -0.036731	 -0.067937	 -0.117094	 -0.181902	 -0.029356	 -0.016724	  0.118037	  0.023736	  0.010920	  0.158162	  0.271499	  0.337035
 -0.005461	  0.011553	 -0.011720	 -0.082004	 -0.104339	 -0.113659	 -0.162505	 -0.000730	  0.055476	  0.185277	  0.076106	  0.092633	  0.255314	  0.405452	  0.439829
 -0.002430	  0.023535	 -0.004367	 -0.119713	 -0.112953	 -0.114735	 -0.097826	  0.064211	  0.113130	  0.251596	  0.162679	  0.185407	  0.341229	  0.493149	  0.477307
  0.006893	  0.034650	  0.013038	 -0.130542	 -0.089523	 -0.090096	 -0.032562	  0.106309	  0.175356	  0.292294	  0.236734	  0.219522	  0.390956	  0.533245	  0.501660
  0.016274	  0.032838	  0.002330	 -0.110312	 -0.058105	 -0.008811	  0.038899	  0.144344	  0.241775	  0.343297	  0.302071	  0.255650	  0.418031	  0.537529	  0.497540
  0.022488	  0.055939	 -0.014535	 -0.119588	 -0.011310	  0.064613	  0.085678	  0.209460	  0.274774	  0.362894	  0.320419	  0.279676	  0.412593	  0.513914	  0.423650
  0.032439	  0.046932	 -0.029635	 -0.093131	  0.031330	  0.110210	  0.089893	  0.251563	  0.258831	  0.343939	  0.310646	  0.249716	  0.375817	  0.464386	  0.325784
  0.051442	  0.054905	 -0.043432	 -0.030871	  0.076039	  0.141364	  0.082377	  0.256544	  0.233847	  0.319814	  0.279402	  0.225768	  0.291027	  0.363363	  0.242643
  0.058856	  0.070668	 -0.022226	  0.025286	  0.100927	  0.138557	  0.102100	  0.230882	  0.207737	  0.257643	  0.229650	  0.212560	  0.214677	  0.296628	  0.142019
  0.036501	  0.062529	  0.019145	  0.079020	  0.101061	  0.157590	  0.106780	  0.193266	  0.200314	  0.219948	  0.135195	  0.167887	  0.156190	  0.221453	  0.032880
  0.047807	  0.087983	  0.029231	  0.104817	  0.112590	  0.150259	  0.104707	  0.123989	  0.168919	  0.186872	  0.042741	  0.074487	  0.063649	  0.118987	 -0.085026
  0.057759	  0.104879	  0.030137	  0.135548	  0.108849	  0.121963	  0.102203	  0.082163	  0.135946	  0.135658	 -0.011863	  0.002526	 -0.044155	  0.022946	 -0.182334
  0.043936	  0.122304	  0.088342	  0.124113	  0.067532	  0.087864	  0.098918	  0.052710	  0.074734	  0.075365	 -0.054808	 -0.041957	 -0.097153	 -0.054209	 -0.250304
  0.037085	  0.135200	  0.112478	  0.120680	  0.039598	  0.083125	  0.057570	  0.004650	 -0.004603	  0.013790	 -0.098826	 -0.063866	 -0.116867	 -0.123590	 -0.307363
  0.027867	  0.141733	  0.114131	  0.088852	  0.019686	  0.055668	  0.011596	 -0.012326	 -0.052063	 -0.042104	 -0.162203	 -0.119518	 -0.158577	 -0.189956	 -0.379570
  0.028940	  0.104457	  0.127678	  0.064205	  0.006793	  0.013166	 -0.008968	 -0.025196	 -0.100999	 -0.074725	 -0.210051	 -0.178843	 -0.223941	 -0.260990	 -0.456003
 -0.000722	  0.133116	  0.136947	  0.035622	  0.009288	 -0.027930	 -0.038607	 -0.034273	 -0.103151	 -0.099442	 -0.212464	 -0.266218	 -0.285107	 -0.355767	 -0.497850
  0.011534	  0.148668	  0.115237	 -0.015696	  0.002269	 -0.078601	 -0.080349	 -0.081711	 -0.111367	 -0.107885	 -0.241113	 -0.348456	 -0.339444	 -0.402913	 -0.508344
  0.009416	  0.128794	  0.089942	 -0.036280	  0.012148	 -0.082501	 -0.132890	 -0.116755	 -0.145418	 -0.122247	 -0.284878	 -0.405886	 -0.382491	 -0.423153	 -0.483955
 -0.003587	  0.122902	  0.087253	 -0.070827	 -0.014860	 -0.095698	 -0.182486	 -0.131148	 -0.192696	 -0.164257	 -0.318941	 -0.408800	 -0.380365	 -0.426663	 -0.454733
  0.011258	  0.119057	  0.062105	 -0.098009	 -0.029367	 -0.103446	 -0.225034	 -0.195567	 -0.237605	 -0.187570	 -0.341337	 -0.379204	 -0.342845	 -0.405222	 -0.381621
  0.002071	  0.124097	  0.034492	 -0.108224	 -0.082681	 -0.143148	 -0.222567	 -0.252150	 -0.276580	 -0.191502	 -0.361166	 -0.381348	 -0.305159	 -0.326541	 -0.306927
  0.007242	  0.109064	  0.005878	 -0.113918	 -0.114607	 -0.153533	 -0.245628	 -0.292140	 -0.302460	 -0.243535	 -0.363069	 -0.393679	 -0.294245	 -0.269975	 -0.260253
  0.026278	  0.106540	 -0.026700	 -0.143635	 -0.140130	 -0.177795	 -0.247519	 -0.321437	 -0.295682	 -0.246082	 -0.325912	 -0.350844	 -0.246518	 -0.200775	 -0.194490
  0.021559	  0.031367	 -0.049403	 -0.153231	 -0.173425	 -0.176464	 -0.267077	 -0.324270	 -0.312020	 -0.223412	 -0.288755	 -0.309136	 -0.202769	 -0.120017	 -0.161735
  0.000221	 -0.014443	 -0.085266	 -0.143416	 -0.185953	 -0.160778	 -0.294935	 -0.287919	 -0.287557	 -0.165860	 -0.269481	 -0.287191	 -0.178265	 -0.076713	 -0.146479
 -0.034250	  0.013961	 -0.119326	 -0.160559	 -0.199304	 -0.166957	 -0.276119	 -0.277562	 -0.279375	 -0.127308	 -0.237780	 -0.256813	 -0.150810	 -0.027116	 -0.114793
 -0.070656	  0.031627	 -0.133987	 -0.188591	 -0.197259	 -0.171540	 -0.278128	 -0.256211	 -0.258619	 -0.107348	 -0.205430	 -0.211890	 -0.114409	  0.041702	 -0.071219
 -0.075185	  0.020889	 -0.145236	 -0.196601	 -0.196822	 -0.171726	 -0.244010	 -0.222815	 -0.206201	 -0.061306	 -0.131968	 -0.154516	 -0.068724	  0.095803	 -0.049189
 -0.071038	  0.017639	 -0.154831	 -0.231996	 -0.194812	 -0.151499	 -0.235980	 -0.212423	 -0.141223	 -0.046377	 -0.079629	 -0.131420	 -0.040912	  0.154397	 -0.034398
 -0.040716	  0.015849	 -0.155181	 -0.250027	 -0.176931	 -0.148415	 -0.187912	 -0.200388	 -0.107188	 -0.039336	 -0.040730	 -0.087106	 -0.022011	  0.191035	 -0.017837
 -0.007639	 -0.010906	 -0.150016	 -0.252352	 -0.156227	 -0.134986	 -0.199092	 -0.161783	 -0.070597	 -0.011529	 -0.002433	 -0.041221	 -0.003596	  0.200869	 -0.029527
 -0.019177	 -0.023383	 -0.137330	 -0.237154	 -0.151093	 -0.148280	 -0.182798	 -0.124359	 -0.036600	  0.017866	 -0.001620	 -0.029673	  0.009118	  0.186281	 -0.016315
 -0.026062	 -0.041225	 -0.115819	 -0.207383	 -0.132005	 -0.131759	 -0.134942	 -0.076890	 -0.005294	  0.049143	  0.024163	 -0.008328	  0.017434	  0.181342	  0.024171
 -0.010014	 -0.042684	 -0.116567	 -0.205591	 -0.123060	 -0.108415	 -0.091380	 -0.062050	  0.004247	  0.071323	  0.037927	  0.028158	  0.026896	  0.193608	  0.043826
 -0.028779	 -0.051763	 -0.139857	 -0.204723	 -0.098928	 -0.096677	 -0.070470	 -0.045068	  0.013867	  0.088243	  0.033556	  0.034855	  0.037749	  0.207069	  0.040666
 -0.066730	 -0.050046	 -0.123776	 -0.217639	 -0.099703	 -0.112990	 -0.070260	 -0.001497	  0.009633	  0.099479	  0.026783	  0.028630	  0.051929	  0.216771	  0.068060
 -0.063681	 -0.037864	 -0.101875	 -0.197256	 -0.072266	 -0.120536	 -0.054190	 -0.000743	 -0.011435	  0.105535	  0.036479	  0.016255	  0.074726	  0.230427	  0.088872
 -0.033283	 -0.036046	 -0.092586	 -0.161022	 -0.058473	 -0.101240	 -0.046498	  0.002081	 -0.017139	  0.117491	  0.055818	  0.056337	  0.105843	  0.237175	  0.116404
 -0.031470	 -0.021894	 -0.078289	 -0.139819	 -0.098355	 -0.097987	 -0.019035	  0.005648	  0.001117	  0.120161	  0.069790	  0.070629	  0.099254	  0.221229	  0.114567
 -0.051718	 -0.032306	 -0.089270	 -0.122362	 -0.118616	 -0.096349	 -0.014414	 -0.005941	  0.008023	  0.084565	  0.104863	  0.045910	  0.127786	  0.219953	  0.150117
 -0.029918	 -0.015415	 -0.069669	 -0.143005	 -0.105566	 -0.112312	 -0.038188	 -0.023366	  0.002905	  0.087939	  0.102920	  0.032947	  0.146969	  0.230837	  0.179856
 -0.036601	 -0.003241	 -0.046962	 -0.148154	 -0.094509	 -0.090461	 -0.037052	 -0.028283	  0.021477	  0.083160	  0.096643	  0.018154	  0.141552	  0.246402	  0.183626
 -0.036270	 -0.011360	 -0.036995	 -0.141140	 -0.067777	 -0.080580	 -0.050556	 -0.022201	  0.039912	  0.072762	  0.074424	  0.051148	  0.130299	  0.237313	  0.179658
 -0.024465	 -0.011434	 -0.044736	 -0.140154	 -0.079437	 -0.071416	 -0.047502	 -0.029949	  0.046378	  0.074997	  0.072063	  0.087495	  0.128605	  0.214310	  0.165908
 -0.022148	  0.004225	 -0.029997	 -0.137040	 -0.105629	 -0.061873	 -0.042300	 -0.058651	  0.055340	  0.079857	  0.044542	  0.071493	  0.113711	  0.170652	  0.147518
 -0.015294	 -0.015442	 -0.052621	 -0.147815	 -0.090192	 -0.081646	 -0.020335	 -0.089197	  0.027343	  0.075391	  0.032463	  0.041113	  0.085945	  0.149269	  0.112930
 -0.009359	 -0.030677	 -0.032871	 -0.130609	 -0.073858	 -0.080282	  0.015955	 -0.060282	  0.026033	  0.075874	  0.033102	  0.047772	  0.079291	  0.145835	  0.107414
  0.009382	 -0.036695	 -0.000378	 -0.083158	 -0.068926	 -0.057420	  0.031884	 -0.026620	  0.026642	  0.079215	  0.032141	  0.056448	  0.087399	  0.155098	  0.093558
  0.031935	 -0.032462	  0.021406	 -0.067683	 -0.054766	 -0.051165	  0.039153	 -0.005195	  0.025132	  0.110244	  0.014632	  0.047526	  0.104634	  0.131342	  0.052426
  0.028220	 -0.011045	  0.034406	 -0.081582	 -0.040340	 -0.031720	  0.018609	  0.008635	  0.026384	  0.118936	  0.026150	  0.030485	  0.109751	  0.118950	  0.049282
  0.014198	  0.012793	  0.045442	 -0.065207	 -0.012850	 -0.013652	  0.019662	  0.004616	  0.048217	  0.107062	  0.037575	  0.039784	  0.114925	  0.131812	  0.051071
  0.000274	  0.015344	  0.029359	 -0.056257	 -0.016844	  0.012411	  0.069057	  0.021715	  0.051004	  0.102446	  0.054596	  0.063629	  0.140556	  0.151450	  0.051438
  0.000105	  0.015235	  0.037876	 -0.049914	 -0.005277	  0.020069	  0.081080	  0.008028	  0.051716	  0.095320	  0.087689	  0.116149	  0.147236	  0.143668	  0.061907
 -0.017657	  0.037427	  0.044557	 -0.053582	  0.003351	  0.039985	  0.071515	  0.029590	  0.052290	  0.110731	  0.123329	  0.141296	  0.162509	  0.103622	  0.059718
  0.009020	  0.056921	  0.034687	 -0.048869	 -0.000602	  0.030106	  0.057924	  0.055971	  0.049489	  0.078806	  0.139820	  0.141481	  0.188067	  0.067914	  0.070774
  0.026860	  0.052911	  0.031153	 -0.064080	 -0.028596	  0.039155	  0.059423	  0.060542	  0.036625	  0.076383	  0.137373	  0.119799	  0.175636	  0.051151	  0.073113
 -0.005303	  0.052443	  0.035086	 -0.088704	 -0.024882	  0.048788	  0.048659	  0.055659	  0.057175	  0.094509	  0.100839	  0.085397	  0.175674	  0.058621	  0.064192
 -0.004320	  0.052420	  0.030883	 -0.096391	  0.001554	  0.036018	  0.037898	  0.048801	  0.079341	  0.083532	  0.095157	  0.087137	  0.180152	  0.083991	  0.090850
  0.018179	  0.054086	  0.017475	 -0.083541	  0.012959	  0.044181	  0.047825	  0.032751	  0.068135	  0.071696	  0.129989	  0.101587	  0.172045	  0.106750	  0.120111
  0.025623	  0.045092	  0.032160	 -0.053976	  0.024364	  0.048608	  0.048332	  0.043641	  0.066466	  0.074477	  0.124048	  0.100903	  0.163423	  0.110998	  0.162248
 -0.006968	  0.050528	  0.059711	 -0.026331	  0.015712	  0.044574	  0.039218	  0.039154	  0.085574	  0.084888	  0.101543	  0.113731	  0.169215	  0.143305	  0.205375
 -0.007524	  0.089827	  0.059299	 -0.031776	  0.001975	  0.029837	  0.034324	  0.017736	  0.082996	  0.081198	  0.102698	  0.129073	  0.185180	  0.190509	  0.255586
 -0.003674	  0.069281	  0.035391	 -0.058183	 -0.006931	  0.011205	  0.012358	  0.008009	  0.083500	  0.058897	  0.125764	  0.174964	  0.193935	  0.251993	  0.306675
 -0.010922	  0.054974	 -0.005745	 -0.010659	  0.005210	 -0.004006	  0.021414	  0.017780	  0.102846	  0.044733	  0.151626	  0.175265	  0.234859	  0.273960	  0.333781
  0.001018	  0.031862	 -0.027947	 -0.006979	  0.002895	 -0.007307	  0.022416	  0.029091	  0.107435	  0.067032	  0.151436	  0.172610	  0.241857	  0.269439	  0.340381
  0.010205	  0.018225	 -0.025162	 -0.019014	  0.000253	 -0.013182	 -0.002994	  0.044074	  0.109227	  0.084577	  0.173610	  0.186472	  0.226763	  0.300804	  0.325191
  0.030121	  0.011892	 -0.005004	 -0.026194	  0.047774	 -0.017555	  0.015437	  0.070243	  0.121196	  0.108573	  0.189441	  0.205404	  0.241877	  0.318712	  0.307012
  0.022488	  0.026864	  0.015468	 -0.059797	  0.070751	 -0.006436	  0.030521	  0.081865	  0.119585	  0.111792	  0.164483	  0.231034	  0.219980	  0.315139	  0.279052
  0.013360	  0.041960	  0.043429	 -0.057358	  0.093674	  0.034440	  0.049236	  0.077225	  0.115591	  0.115138	  0.172573	  0.255493	  0.216027	  0.300227	  0.237830
  0.019535	  0.048147	  0.047940	 -0.042580	  0.097698	  0.044781	  0.050476	  0.077003	  0.154481	  0.134850	  0.189370	  0.271179	  0.198138	  0.265155	  0.160589
  0.025580	  0.090824	  0.031832	 -0.022801	  0.086745	  0.088413	  0.073805	  0.067265	  0.191939	  0.167084	  0.183625	  0.261234	  0.155553	  0.255241	  0.090994
  0.043727	  0.103250	  0.018351	 -0.029650	  0.094771	  0.106460	  0.077727	  0.081016	  0.198332	  0.165149	  0.198911	  0.244421	  0.113526	  0.242900	  0.011792
  0.056466	  0.090377	  0.013595	 -0.008127	  0.128524	  0.074482	  0.098627	  0.113298	  0.148068	  0.150706	  0.166851	  0.211693	  0.100372	  0.255046	 -0.019526
  0.065515	  0.083853	  0.016377	  0.033477	  0.124760	  0.041434	  0.110144	  0.109776	  0.156853	  0.143203	  0.149843	  0.181030	  0.085217	  0.257510	  0.010050
  0.044328	  0.087801	  0.017712	  0.043997	  0.126816	  0.020180	  0.108309	  0.079817	  0.156193	  0.115297	  0.152062	  0.179478	  0.072644	  0.232948	  0.032597
  0.021239	  0.099921	  0.013572	  0.069522	  0.135178	  0.013102	  0.106205	  0.069378	  0.144657	  0.087594	  0.115057	  0.176095	  0.105181	  0.233776	  0.067014
  0.000550	  0.089820	  0.025595	  0.058938	  0.139794	  0.032913	  0.111893	  0.079385	  0.161924	  0.078734	  0.085055	  0.156310	  0.122405	  0.259378	  0.125167
  0.010698	  0.084070	  0.025402	  0.039352	  0.120958	  0.061106	  0.125061	  0.084726	  0.167753	  0.080506	  0.074421	  0.148469	  0.133378	  0.295519	  0.187385
  0.019267	  0.084360	  0.005928	  0.043832	  0.108855	  0.019454	  0.134944	  0.100854	  0.162383	  0.102599	  0.089621	  0.142790	  0.174424	  0.311037	  0.223656
  0.008645	  0.105266	  0.018196	  0.049815	  0.090451	  0.001330	  0.147170	  0.100766	  0.130408	  0.093037	  0.086470	  0.165354	  0.200530	  0.336434	  0.258201
 -0.018647	  0.126852	 -0.000292	  0.043658	  0.085313	  0.029280	  0.121255	  0.091819	  0.134705	  0.069874	  0.094356	  0.188995	  0.225072	  0.351289	  0.307200
 -0.031259	  0.122859	  0.005591	  0.044055	  0.074061	  0.023297	  0.155756	  0.074642	  0.122950	  0.059374	  0.096251	  0.222594	  0.249132	  0.333692	  0.298134
 -0.028745	  0.112896	  0.024711	  0.025098	  0.098168	 -0.004702	  0.167409	  0.083634	  0.128047	  0.059598	  0.101263	  0.232091	  0.234934	  0.277417	  0.263141
 -0.031788	  0.119332	  0.036018	  0.016532	  0.118447	  0.015432	  0.162903	  0.090542	  0.141167	  0.057909	  0.099441	  0.214604	  0.235335	  0.283017	  0.261378
 -0.007367	  0.099661	  0.023869	  0.035480	  0.109790	  0.019046	  0.129416	  0.085841	  0.144799	  0.054451	  0.079538	  0.172047	  0.226504	  0.281043	  0.220398
 -0.010571	  0.106630	  0.009351	  0.032135	  0.129925	 -0.001552	  0.101832	  0.072814	  0.129221	  0.077812	  0.091997	  0.173873	  0.241404	  0.292720	  0.204135
 -0.026316	  0.097949	  0.026158	  0.009862	  0.132433	 -0.002652	  0.104782	  0.080868	  0.103656	  0.074172	  0.097013	  0.160622	  0.248916	  0.307628	  0.237162
 -0.035816	  0.078856	  0.043143	  0.014484	  0.121000	  0.032483	  0.094580	  0.077402	  0.061130	  0.059905	  0.096307	  0.161307	  0.268278	  0.318136	  0.248432
 -0.006167	  0.057016	  0.044999	  0.049352	  0.128719	  0.015826	  0.106273	  0.064541	  0.046308	  0.047334	  0.093929	  0.177422	  0.279787	  0.330826	  0.267352
  0.004147	  0.055166	  0.042932	  0.043366	  0.148851	  0.022126	  0.093127	  0.054923	  0.047477	  0.049651	  0.065184	  0.183098	  0.254194	  0.324369	  0.315607
  0.005220	  0.078236	  0.050990	  0.042555	  0.139673	  0.007183	  0.069355	  0.043448	  0.025044	  0.018556	  0.050127	  0.196003	  0.245905	  0.321035	  0.332148
  0.000690	  0.112367	  0.037533	  0.030330	  0.118556	 -0.023683	  0.049022	  0.042964	 -0.007875	 -0.010985	  0.053678	  0.188018	  0.238859	  0.331677	  0.323291
 -0.001966	  0.110671	  0.027925	  0.009146	  0.095968	 -0.056637	  0.050043	  0.039667	  0.000085	  0.016131	  0.033145	  0.160980	  0.268346	  0.332382	  0.296556
 -0.001895	  0.108016	  0.032050	  0.013368	  0.076425	 -0.066137	  0.037099	  0.020351	  0.012681	  0.017646	  0.023762	  0.128333	  0.266457	  0.318116	  0.323823
 -0.035566	  0.107295	  0.029261	 -0.005752	  0.064423	 -0.057639	  0.039968	 -0.016665	  0.047833	  0.001028	  0.014305	  0.147182	  0.267930	  0.333260	  0.344901
 -0.042216	  0.058541	  0.017505	 -0.019760	  0.063650	 -0.031281	  0.049145	 -0.031098	  0.064940	 -0.002017	 -0.011961	  0.133504	  0.274549	  0.338579	  0.353078
 -0.050757	  0.034581	 -0.003079	 -0.027923	  0.045719	 -0.024262	  0.036989	 -0.020588	  0.099853	 -0.010357	 -0.025430	  0.130819	  0.270100	  0.304277	  0.382856
 -0.032994	  0.067117	  0.011822	 -0.036585	  0.012294	  0.000456	  0.006075	 -0.009436	  0.121194	 -0.008772	 -0.009692	  0.128244	  0.265295	  0.298125	  0.404324
 -0.034156	  0.077530	  0.031176	 -0.031682	  0.003357	  0.019603	 -0.002736	  0.011715	  0.107760	 -0.021004	  0.023744	  0.130899	  0.284778	  0.286991	  0.408683
 -0.057246	  0.088869	  0.037562	 -0.015641	  0.008474	  0.016638	 -0.016263	  0.002840	  0.100221	 -0.033643	  0.059381	  0.113640	  0.280822	  0.318448	  0.394429
 -0.039860	  0.090171	  0.042043	  0.026888	  0.019956	  0.002259	 -0.022226	 -0.003290	  0.081956	 -0.055461	  0.065913	  0.086166	  0.284481	  0.325821	  0.384089
 -0.058725	  0.078930	  0.042994	  0.020860	  0.057285	 -0.014006	 -0.032758	 -0.004214	  0.049957	 -0.057785	  0.068308	  0.090337	  0.270775	  0.329460	  0.329549
 -0.062425	  0.057253	  0.053379	  0.014185	  0.046168	 -0.027531	 -0.011090	 -0.027006	  0.053799	 -0.012209	  0.051866	  0.105724	  0.246019	  0.309118	  0.291460
 -0.069203	  0.033503	  0.093325	 -0.009851	  0.031439	 -0.004316	 -0.012931	 -0.041818	  0.067751	  0.002133	  0.040068	  0.069060	  0.240198	  0.288881	  0.278444
 -0.076297	  0.033628	  0.086827	 -0.024322	  0.019132	 -0.013967	 -0.029896	 -0.037901	  0.070826	 -0.016715	  0.046808	  0.052726	  0.235849	  0.273216	  0.257538
 -0.077505	  0.040619	  0.082182	  0.003926	  0.012037	 -0.037506	 -0.048075	 -0.048522	  0.068690	 -0.031285	  0.076649	  0.070231	  0.218275	  0.238530	  0.243813
 -0.038675	  0.063776	  0.092280	  0.008853	  0.022823	 -0.037870	 -0.061179	 -0.028216	  0.035986	 -0.023088	  0.061691	  0.088565	  0.190149	  0.233112	  0.199276
 -0.033107	  0.057429	  0.097103	 -0.026648	  0.044393	 -0.052529	 -0.051426	  0.001050	  0.014701	  0.017477	  0.026827	  0.102815	  0.155986	  0.227812	  0.171689
 -0.023312	  0.068058	  0.081327	  0.004159	  0.044666	 -0.034064	 -0.050116	 -0.004289	  0.019274	  0.057599	  0.009283	  0.104782	  0.126273	  0.227467	  0.147341
 -0.013321	  0.060277	  0.055164	  0.034870	  0.021827	 -0.031933	 -0.054387	 -0.004902	  0.010965	  0.086506	  0.022833	  0.095474	  0.123602	  0.249409	  0.113043
 -0.012097	  0.067450	  0.067811	  0.067789	  0.009932	 -0.030796	 -0.045351	 -0.020669	  0.034897	  0.077671	  0.013456	  0.068011	  0.112205	  0.233343	  0.118462
 -0.020865	  0.080817	  0.070053	  0.089623	  0.023203	 -0.013391	 -0.018436	 -0.025708	  0.058824	  0.054736	  0.019639	  0.039292	  0.111591	  0.204110	  0.092188
 -0.027519	  0.090214	  0.021295	  0.051750	  0.030070	 -0.009263	 -0.032902	 -0.000252	  0.065550	  0.062949	  0.018644	  0.013567	  0.117561	  0.186872	  0.070695
 -0.009894	  0.092348	  0.011440	  0.014762	  0.005782	 -0.013653	  0.011554	 -0.018367	  0.070185	  0.074628	  0.002865	  0.021883	  0.124043	  0.163249	  0.064919
  0.011433	  0.078893	  0.037291	  0.003737	  0.019581	 -0.018646	  0.003024	 -0.000387	  0.060881	  0.069458	  0.029765	 -0.009620	  0.149694	  0.147462	  0.070003
 -0.000914	  0.074942	  0.017040	  0.057982	  0.009829	 -0.028083	 -0.050631	  0.005805	  0.081668	  0.074744	  0.039766	 -0.060500	  0.156566	  0.144039	  0.066285
 -0.002708	  0.094921	 -0.003377	  0.098185	  0.020116	 -0.031003	 -0.030766	  0.012781	  0.093340	  0.074445	  0.040642	 -0.098846	  0.167617	  0.140924	  0.089733
 -0.028255	  0.106278	  0.018725	  0.089230	  0.013436	 -0.045968	 -0.025064	  0.007283	  0.089952	  0.069285	  0.037388	 -0.092454	  0.163047	  0.177477	  0.111457
 -0.061800	  0.100361	  0.036088	  0.084215	  0.021076	 -0.012698	 -0.017555	  0.031286	  0.103840	  0.041437	  0.035635	 -0.094868	  0.158314	  0.223338	  0.143045
 -0.027300	  0.116434	  0.018870	  0.059477	  0.034730	 -0.012031	 -0.025630	  0.045565	  0.099835	  0.023376	  0.033610	 -0.083065	  0.178085	  0.241641	  0.181827
 -0.019355	  0.124813	  0.033947	  0.043938	  0.013434	 -0.041898	 -0.003772	  0.016006	  0.075454	  0.014517	  0.041839	 -0.058773	  0.180982	  0.232106	  0.216109
 -0.041972	  0.122323	  0.051047	  0.038064	  0.034602	 -0.056690	 -0.024039	  0.008865	  0.058619	  0.045561	  0.030012	 -0.029416	  0.176202	  0.234540	  0.277755
 -0.031431	  0.109604	  0.067051	 -0.000795	  0.031836	 -0.054989	 -0.027759	  0.019152	  0.044346	  0.067126	  0.019653	 -0.007051	  0.186015	  0.256233	  0.279975
 -0.016214	  0.113129	  0.064299	  0.005069	  0.002651	 -0.053016	 -0.030489	  0.028474	  0.023725	  0.056939	 -0.005348	 -0.006945	  0.193437	  0.247810	  0.253933
  0.000540	  0.020817	  0.029962	  0.013798	  0.024474	 -0.009830	 -0.016725	 -0.041633	 -0.006357	  0.033321	 -0.010143	 -0.013149	 -0.005845	  0.040134	  0.006112
  0.044001	  0.030650	  0.042619	  0.026650	  0.024615	 -0.023429	 -0.004376	 -0.037109	 -0.015583	  0.019968	  0.005649	 -0.018749	 -0.007820	  0.039861	  0.009949
  0.041495	  0.021529	  0.052790	  0.020607	  0.015323	 -0.005264	 -0.000635	 -0.015342	 -0.012432	  0.006398	  0.023814	 -0.011531	  0.016284	  0.003553	  0.006396
  0.046528	  0.021811	  0.042164	  0.016626	  0.005530	  0.001106	 -0.001739	 -0.018151	 -0.033695	 -0.017757	 -0.002403	 -0.008090	  0.014801	 -0.027430	 -0.000878
  0.017643	  0.021595	  0.029448	  0.035276	  0.000509	  0.020116	 -0.029753	 -0.013524	 -0.055694	 -0.031515	  0.006942	  0.004357	  0.012981	 -0.049679	  0.003666
 -0.011496	  0.030741	  0.016308	  0.020060	 -0.020328	  0.023781	 -0.026581	  0.001134	 -0.025841	 -0.055289	  0.023352	 -0.002332	  0.016200	 -0.054042	  0.003650
 -0.019620	 -0.000546	 -0.001801	  0.002954	 -0.012458	  0.024816	 -0.014011	  0.018749	 -0.000394	 -0.028597	  0.010068	 -0.003565	 -0.009069	 -0.038068	  0.004931
 -0.054924	 -0.034603	 -0.005923	  0.002192	  0.026115	  0.002706	  0.019512	  0.007219	  0.005069	 -0.007837	 -0.002424	  0.023064	 -0.039499	 -0.032888	  0.017706
 -0.044520	 -0.008634	  0.002574	 -0.003214	  0.008442	 -0.008940	  0.005589	  0.003373	  0.016405	 -0.008970	 -0.012584	  0.030880	 -0.053997	 -0.029850	  0.019995
 -0.003229	  0.006176	 -0.022241	 -0.015575	 -0.004016	 -0.017134	 -0.001616	  0.035238	 -0.004585	 -0.025198	 -0.039740	  0.021489	 -0.035141	 -0.006091	  0.004014
  0.011723	 -0.012245	 -0.025300	 -0.022729	 -0.013885	 -0.011057	  0.011864	  0.040990	  0.011516	  0.002591	 -0.026873	  0.002874	 -0.015053	  0.001015	  0.029241
  0.001710	 -0.033129	 -0.014643	 -0.037415	 -0.041369	  0.003208	  0.005425	  0.045260	  0.035522	 -0.011477	 -0.015841	 -0.008513	  0.005672	  0.004316	  0.032991
 -0.001381	 -0.015767	 -0.003479	 -0.030060	 -0.038974	 -0.003043	 -0.001753	  0.039961	  0.002726	 -0.017812	  0.001147	  0.004953	 -0.006058	  0.022823	  0.021600
  0.012599	  0.002672	  0.004842	 -0.016187	 -0.024853	 -0.010076	  0.027058	  0.016128	  0.033896	  0.002625	  0.008744	  0.006754	  0.001622	  0.018220	  0.005239
  0.023931	  0.003717	 -0.024899	 -0.047195	 -0.009269	 -0.003019	  0.038248	 -0.006533	  0.051837	  0.036884	  0.003109	 -0.018697	  0.022816	  0.005495	 -0.020170
  0.003150	 -0.013797	 -0.040028	 -0.027831	  0.030037	  0.002983	  0.008824	 -0.031995	  0.040050	  0.043279	 -0.001227	 -0.035372	  0.023367	  0.008117	 -0.014330
 -0.019083	 -0.008685	 -0.033461	 -0.002584	  0.035176	 -0.000343	  0.016307	  0.003131	  0.019012	  0.034223	 -0.012564	  0.000593	  0.020554	  0.021991	 -0.026523
 -0.018718	  0.009204	 -0.032843	  0.015016	 -0.000352	 -0.006452	  0.017543	  0.001132	 -0.001597	  0.013610	  0.012872	  0.004531	  0.013637	  0.034517	 -0.047924
 -0.018489	 -0.017575	 -0.022108	  0.023406	 -0.006892	 -0.008207	 -0.007995	 -0.014398	 -0.018686	 -0.017583	  0.021498	  0.014255	  0.014853	  0.028115	 -0.040566
 -0.011858	 -0.023930	  0.006017	  0.026205	  0.002174	  0.028079	 -0.045185	 -0.033630	 -0.041168	  0.029137	  0.006604	  0.006250	  0.009695	  0.009891	 -0.015098
  0.003218	 -0.002055	  0.000366	  0.010377	  0.009722	  0.038935	 -0.072332	 -0.042059	 -0.029453	  0.018097	 -0.004616	  0.008939	 -0.003208	  0.023944	 -0.008841
  0.004941	  0.010351	  0.001074	  0.009697	  0.005024	  0.042520	 -0.070700	 -0.045464	 -0.000263	  0.006512	  0.012133	  0.004751	 -0.037923	  0.040208	 -0.011119
 -0.023164	  0.000666	 -0.006082	  0.005738	  0.006213	  0.041603	 -0.043872	 -0.031669	  0.018916	 -0.030671	  0.002186	 -0.048130	 -0.058486	  0.045758	 -0.008336
 -0.019035	 -0.012414	 -0.008875	 -0.005043	  0.007847	  0.022226	 -0.006188	 -0.035118	 -0.000668	 -0.037101	 -0.026577	 -0.042265	 -0.039165	  0.032020	  0.016312
 -0.008844	 -0.021554	 -0.016997	 -0.001556	 -0.000134	  0.018954	 -0.014312	 -0.047765	 -0.023040	 -0.001379	 -0.046780	 -0.031796	 -0.025936	  0.018662	  0.014238
 -0.012644	 -0.014883	  0.020897	 -0.018352	 -0.004716	  0.007390	 -0.014134	 -0.025341	 -0.022344	  0.000598	 -0.042509	  0.006816	 -0.031962	  0.016915	 -0.017205
 -0.005576	  0.030246	  0.039538	 -0.025022	  0.003332	  0.022118	 -0.022027	 -0.031096	 -0.014888	 -0.034237	 -0.024491	 -0.006828	 -0.034777	  0.032236	 -0.034549
  0.009388	  0.026173	  0.015487	 -0.006664	  0.014899	  0.034125	 -0.053238	 -0.021013	 -0.014744	 -0.062248	 -0.006338	 -0.016761	 -0.021708	  0.032118	 -0.034008
  0.003818	  0.023860	  0.024902	 -0.007156	  0.002715	  0.012703	 -0.052153	 -0.014083	 -0.019175	 -0.053181	 -0.025410	 -0.023317	 -0.002887	  0.057586	 -0.031979
  0.004096	 -0.009593	  0.015933	 -0.005203	 -0.003480	  0.035998	 -0.048043	  0.013758	 -0.027191	 -0.034628	 -0.041935	 -0.008978	 -0.022339	  0.043478	 -0.036120
 -0.005892	 -0.020534	 -0.011473	  0.027440	 -0.024892	  0.068702	 -0.036012	  0.025886	 -0.058897	 -0.025246	 -0.005713	  0.007800	 -0.036300	  0.007973	 -0.028759
 -0.039252	 -0.040641	 -0.048521	  0.015767	 -0.023742	  0.093654	 -0.001552	  0.009557	 -0.087699	 -0.030186	  0.001932	  0.016333	 -0.024582	  0.004287	 -0.041668
 -0.047492	 -0.067521	 -0.057939	  0.022937	 -0.033074	  0.078361	  0.017912	  0.031168	 -0.096525	 -0.013202	 -0.020185	 -0.040757	 -0.014507	 -0.032020	 -0.055310
 -0.021615	 -0.065679	 -0.069745	  0.034021	 -0.035204	  0.054138	  0.008919	  0.049972	 -0.094030	 -0.010583	  0.007608	 -0.057761	 -0.020058	 -0.019182	 -0.065713
 -0.019855	 -0.073908	 -0.042139	  0.009266	 -0.030301	  0.066148	 -0.025085	  0.056480	 -0.084924	 -0.016353	 -0.013860	 -0.045136	 -0.013944	  0.010839	 -0.048642
 -0.007170	 -0.053366	 -0.039386	  0.017614	 -0.015312	  0.060727	 -0.061064	  0.072454	 -0.079841	 -0.016955	 -0.021616	 -0.014233	 -0.012491	  0.015543	 -0.041316
 -0.007555	 -0.043241	 -0.049947	  0.033832	  0.032259	  0.056728	 -0.042525	  0.066471	 -0.063867	 -0.015373	 -0.025694	 -0.006454	 -0.002979	  0.024684	 -0.029388
  0.006795	 -0.042781	 -0.052399	  0.045136	  0.084137	  0.037146	 -0.040913	  0.042322	 -0.083463	 -0.013349	 -0.019106	  0.001742	  0.027206	  0.017019	  0.013613
  0.008027	 -0.065370	 -0.059025	  0.070142	  0.078349	  0.023000	 -0.035050	  0.029545	 -0.069176	 -0.025393	 -0.002531	  0.020105	  0.057695	  0.019225	  0.026811
  0.013812	 -0.070309	 -0.062047	  0.083168	  0.077804	  0.039471	 -0.035492	  0.065126	 -0.070526	 -0.036341	 -0.022298	  0.034635	  0.067699	  0.002780	  0.028966
  0.002670	 -0.065743	 -0.064076	  0.067311	  0.041895	  0.056815	 -0.047154	  0.055359	 -0.069189	 -0.009119	 -0.024920	  0.024417	  0.073055	  0.005066	  0.000582
  0.006910	 -0.041598	 -0.070308	  0.065043	  0.018036	  0.059810	 -0.055217	  0.048096	 -0.054102	  0.019796	 -0.020343	  0.010208	  0.046937	  0.007543	 -0.018338
  0.023800	 -0.040590	 -0.062744	  0.065559	  0.035448	  0.037105	 -0.047417	  0.043202	 -0.042856	  0.018874	 -0.034929	  0.048498	  0.029872	  0.039317	 -0.028202
 -0.019588	 -0.036552	 -0.055029	  0.036598	  0.035756	  0.005013	 -0.018017	  0.061745	 -0.032866	  0.011613	 -0.029475	  0.037437	  0.041210	  0.060494	 -0.023983
 -0.023446	 -0.006736	 -0.041622	  0.012546	  0.066131	 -0.006837	 -0.018943	  0.071355	 -0.029760	  0.006643	 -0.048151	  0.021889	  0.020333	  0.042497	 -0.034118
 -0.024745	 -0.005753	  0.009658	  0.016318	  0.033943	 -0.005613	 -0.021939	  0.075705	 -0.007311	  0.026028	 -0.062619	  0.009446	  0.029119	  0.057747	 -0.041530
 -0.029899	 -0.014798	 -0.011496	  0.023890	  0.013386	  0.013718	 -0.025130	  0.083213	 -0.014906	  0.012764	 -0.048552	 -0.006940	  0.026620	  0.077920	 -0.018042
 -0.029424	 -0.007279	 -0.042053	  0.017799	  0.007549	  0.015659	 -0.024664	  0.075413	 -0.033361	  0.002886	 -0.054889	 -0.017708	  0.022826	  0.089908	  0.001845
 -0.022916	 -0.007837	 -0.016792	  0.000391	 -0.010819	  0.022813	 -0.023865	  0.081053	 -0.028282	 -0.003695	 -0.036154	 -0.041279	  0.005054	  0.077987	  0.039760
 -0.020498	 -0.011435	 -0.021135	 -0.000010	  0.019147	  0.017835	 -0.003946	  0.091021	 -0.031335	 -0.019275	 -0.016588	 -0.046156	  0.004387	  0.073009	  0.037380
 -0.021859	  0.001917	 -0.036707	 -0.022570	  0.009039	  0.021713	 -0.002664	  0.066954	 -0.039858	 -0.002019	 -0.002715	 -0.020346	  0.014348	  0.062501	  0.005831
 -0.031477	 -0.030995	 -0.032452	 -0.017675	  0.005691	  0.003252	 -0.001353	  0.049110	 -0.040603	  0.014798	 -0.021989	 -0.003750	  0.026933	  0.074764	 -0.016066
 -0.036525	 -0.064544	 -0.018961	 -0.023201	  0.000455	 -0.000341	 -0.000100	  0.054726	 -0.022720	  0.030175	 -0.029543	  0.011353	  0.031392	  0.095183	 -0.024122
 -0.035571	 -0.060012	 -0.017569	 -0.030236	  0.003283	 -0.001606	 -0.034116	  0.067727	 -0.023369	  0.024160	 -0.028674	  0.014401	  0.017513	  0.099940	 -0.032362
 -0.012988	 -0.055845	 -0.020735	 -0.026641	 -0.012422	 -0.002083	 -0.046396	  0.054087	 -0.020254	  0.006978	 -0.027716	  0.009804	 -0.004851	  0.089554	 -0.054289
  0.006259	 -0.071426	  0.003611	 -0.006959	 -0.006378	 -0.005262	 -0.033388	  0.045261	 -0.014038	  0.010416	 -0.010208	  0.028456	  0.001654	  0.101037	 -0.058189
 -0.005961	 -0.071032	  0.036998	 -0.002880	  0.023023	  0.014500	 -0.031268	  0.040103	 -0.007397	 -0.010142	 -0.004429	  0.031456	  0.012698	  0.124670	 -0.023282
 -0.030701	 -0.079020	  0.084238	  0.000095	 -0.003827	  0.007693	 -0.024294	  0.046620	 -0.021880	 -0.011113	 -0.018591	  0.010576	  0.004548	  0.104340	 -0.021032
 -0.051223	 -0.091234	  0.081374	  0.048614	 -0.006916	 -0.005677	 -0.008178	  0.064657	  0.001648	  0.016161	 -0.032494	  0.029713	  0.005859	  0.114767	 -0.011315
 -0.065298	 -0.093946	  0.046538	  0.056896	 -0.026804	 -0.007854	  0.006843	  0.038412	  0.026384	  0.017651	 -0.071843	  0.036534	 -0.002816	  0.118990	  0.005456
 -0.041129	 -0.078026	  0.049847	  0.035866	 -0.033426	 -0.011040	  0.012491	  0.031133	  0.017804	  0.022713	 -0.068274	  0.075103	 -0.019648	  0.087941	  0.033674
 -0.045945	 -0.060652	  0.037691	  0.021839	 -0.004599	 -0.021732	  0.006804	  0.019476	  0.012667	  0.020848	 -0.047363	  0.098351	 -0.024890	  0.082900	  0.057841
 -0.006856	 -0.071444	  0.002270	  0.031723	 -0.007211	 -0.020533	  0.012179	  0.038861	 -0.011428	  0.020733	 -0.011417	  0.064247	 -0.027287	  0.072797	  0.024795
  0.002091	 -0.048649	 -0.013772	  0.028426	 -0.044637	 -0.024404	 -0.001275	  0.037413	 -0.033491	 -0.015727	 -0.002027	  0.050683	 -0.047379	  0.075039	  0.013838
 -0.005124	 -0.056050	 -0.006130	  0.002282	 -0.055516	  0.001120	 -0.014435	  0.033875	 -0.070585	 -0.035921	 -0.000276	  0.017671	 -0.055373	  0.066888	  0.018465
  0.004690	 -0.069535	  0.015274	 -0.012414	 -0.036350	  0.010358	 -0.018998	  0.034529	 -0.080970	 -0.029604	  0.010819	 -0.000017	 -0.008840	  0.074753	  0.011231
  0.002999	 -0.046242	  0.022533	 -0.022998	 -0.012570	  0.011848	 -0.005732	  0.033886	 -0.061932	 -0.026483	 -0.009904	 -0.004716	 -0.005648	  0.079553	  0.010544
 -0.006479	 -0.029020	  0.036535	  0.012881	 -0.031304	  0.001552	 -0.012647	  0.040534	 -0.055005	 -0.027936	 -0.024535	  0.010043	 -0.026232	  0.114659	  0.018267
 -0.028416	 -0.018441	  0.043721	  0.022594	 -0.044067	  0.014111	  0.000155	  0.045492	 -0.066549	 -0.044545	 -0.059807	  0.022326	 -0.021779	  0.138117	  0.031084
 -0.030770	 -0.013955	  0.046358	  0.028927	 -0.038593	  0.001440	  0.013704	  0.062902	 -0.076893	 -0.045267	 -0.085984	  0.023668	 -0.045697	  0.137060	 -0.005310
 -0.006751	 -0.020744	  0.046026	  0.050867	 -0.027993	 -0.035002	  0.009379	  0.067096	 -0.104293	 -0.048940	 -0.080011	  0.041743	 -0.043297	  0.135776	 -0.025502
  0.020319	 -0.019744	  0.030081	  0.013867	 -0.027320	 -0.028938	  0.017817	  0.080735	 -0.096813	 -0.053468	 -0.077184	  0.069411	 -0.050283	  0.137214	 -0.026418
 -0.001360	 -0.051526	  0.032814	 -0.019808	 -0.040876	 -0.034797	  0.021769	  0.068609	 -0.098629	 -0.038301	 -0.085866	  0.065544	 -0.045153	  0.098845	 -0.015066
 -0.022141	 -0.057832	  0.047947	 -0.028814	 -0.059016	 -0.020030	  0.023005	  0.046670	 -0.071757	 -0.027762	 -0.095339	  0.056962	 -0.044663	  0.068828	 -0.027420
  0.002266	 -0.047969	  0.043665	 -0.041843	 -0.028186	 -0.025370	  0.019501	  0.049699	 -0.061126	 -0.033447	 -0.118368	  0.040539	 -0.022869	  0.045683	 -0.044859
  0.028149	 -0.067270	  0.060274	 -0.041184	 -0.017980	 -0.021501	  0.028142	  0.046012	 -0.078750	 -0.037508	 -0.127678	  0.043141	  0.003543	  0.035417	 -0.050793
  0.032702	 -0.054270	  0.039230	 -0.039372	 -0.036797	 -0.011842	  0.025373	  0.022689	 -0.073907	 -0.033546	 -0.102068	  0.049127	  0.012012	  0.016217	 -0.034132
  0.022237	 -0.040999	  0.003577	 -0.002538	 -0.035748	  0.009404	  0.048690	  0.009028	 -0.085607	 -0.050529	 -0.080762	  0.071062	  0.021274	 -0.013422	 -0.000004
 -0.003244	 -0.034945	  0.013498	  0.034293	 -0.025630	  0.009215	  0.047603	  0.018112	 -0.100281	 -0.038371	 -0.064508	  0.064528	  0.032303	  0.009566	  0.006555
 -0.028523	 -0.050044	  0.037239	  0.042090	 -0.016504	 -0.005649	  0.014776	  0.034055	 -0.101815	 -0.032209	 -0.064011	  0.072931	  0.026252	  0.006500	 -0.023067
 -0.061383	 -0.063307	  0.046534	  0.020597	 -0.026628	 -0.020142	 -0.039882	  0.034266	 -0.109474	 -0.006524	 -0.091152	  0.071839	  0.027317	  0.027747	 -0.011393
 -0.043198	 -0.043980	  0.074913	  0.002982	 -0.022541	 -0.022526	 -0.043274	  0.035854	 -0.124314	 -0.025890	 -0.102921	  0.084812	  0.003977	  0.057652	  0.010476
 -0.029575	 -0.038463	  0.121974	 -0.027462	 -0.001064	 -0.005505	 -0.005028	  0.030662	 -0.111952	 -0.041837	 -0.088171	  0.063489	  0.001131	  0.063117	 -0.011401
 -0.020791	 -0.044200	  0.137842	 -0.013735	 -0.002428	  0.008440	 -0.008919	  0.042271	 -0.120788	 -0.040935	 -0.078107	  0.051251	  0.020168	  0.038103	 -0.000734
 -0.051288	 -0.052315	  0.096060	  0.005686	 -0.032038	  0.018850	 -0.016927	  0.045195	 -0.129150	  0.000613	 -0.075135	  0.048247	  0.017019	  0.040968	  0.013311
 -0.048944	 -0.068450	  0.082063	 -0.019683	 -0.071950	  0.038084	 -0.030670	  0.039726	 -0.124779	  0.029148	 -0.068055	  0.065800	  0.005297	  0.023285	 -0.010643
 -0.034958	 -0.062174	  0.058936	 -0.033189	 -0.076436	  0.026270	 -0.026074	  0.027992	 -0.119697	  0.006000	 -0.075158	  0.077005	  0.002291	 -0.002308	  0.004001
 -0.002012	 -0.070675	  0.097490	 -0.016512	 -0.064240	  0.021897	 -0.018137	  0.019932	 -0.106494	  0.003081	 -0.056498	  0.092712	  0.016826	  0.004910	 -0.003609
 -0.002589	 -0.059792	  0.096878	 -0.006381	 -0.039980	  0.025792	 -0.041784	  0.049211	 -0.082597	  0.027792	 -0.050266	  0.081992	  0.009323	  0.016558	 -0.003160
  0.006967	 -0.041366	  0.066923	  0.004368	 -0.009269	  0.018078	 -0.064782	  0.045183	 -0.080464	  0.023081	 -0.054728	  0.071590	 -0.014375	  0.040384	  0.014016
  0.033498	 -0.052685	  0.069070	  0.028631	  0.010968	 -0.010855	 -0.076933	  0.027374	 -0.105820	  0.007926	 -0.084916	  0.057127	 -0.026782	  0.052348	  0.009499
  0.034832	 -0.060150	  0.081246	  0.062045	  0.035435	  0.013238	 -0.059170	  0.015330	 -0.118309	  0.002110	 -0.089005	  0.080336	 -0.024668	  0.069484	  0.005272
  0.029030	 -0.070224	  0.087623	  0.069657	  0.052233	  0.071970	 -0.015432	  0.022134	 -0.128356	  0.004967	 -0.072261	  0.092602	  0.009729	  0.069973	  0.030060
  0.008140	 -0.051374	  0.052382	  0.043986	  0.049884	  0.044726	 -0.004026	  0.039493	 -0.128726	  0.019303	 -0.088018	  0.125408	  0.008412	  0.050864	  0.045334
  0.010638	 -0.040685	  0.045255	  0.038005	  0.061180	  0.025886	  0.004107	  0.062987	 -0.113932	  0.035037	 -0.077598	  0.117756	 -0.003726	  0.003586	  0.027990
  0.016749	 -0.076977	  0.066730	  0.036537	  0.068699	  0.002770	 -0.019696	  0.076120	 -0.105419	  0.019516	 -0.055967	  0.098647	  0.001556	  0.020818	  0.004157
  0.007801	 -0.103983	  0.098351	  0.032468	  0.068357	 -0.032723	 -0.032252	  0.088545	 -0.102850	 -0.008657	 -0.059606	  0.118412	 -0.000454	  0.060632	  0.001348
 -0.005390	 -0.100536	  0.112924	  0.058371	  0.079317	 -0.042456	 -0.017119	  0.092988	 -0.106581	  0.008841	 -0.063094	  0.116981	 -0.011693	  0.073073	  0.012313
  0.020008	 -0.087285	  0.152956	  0.053633	  0.066206	 -0.043401	 -0.002801	  0.089024	 -0.104175	  0.023414	 -0.072917	  0.108252	 -0.007263	  0.069722	  0.013617
  0.025944	 -0.072227	  0.107578	  0.050258	  0.038319	 -0.028435	 -0.000561	  0.083561	 -0.083455	  0.016483	 -0.078015	  0.106582	 -0.006557	  0.055893	 -0.020328
  0.012796	 -0.069466	  0.068356	  0.014563	  0.028707	 -0.029568	  0.010545	  0.080414	 -0.071451	  0.007886	 -0.114152	  0.105822	 -0.018552	  0.062284	 -0.020829
 -0.000503	 -0.066570	  0.076252	 -0.011839	  0.013848	 -0.034851	 -0.001835	  0.096324	 -0.101875	 -0.010756	 -0.129699	  0.055067	 -0.005909	  0.070977	  0.009874
  0.013536	 -0.051816	  0.068496	 -0.010889	  0.015788	 -0.044068	 -0.039860	  0.117006	 -0.105694	 -0.031142	 -0.139164	  0.045211	  0.002621	  0.062878	 -0.002002
  0.036411	 -0.028821	  0.070184	 -0.018674	  0.015863	 -0.041379	 -0.058476	  0.094006	 -0.102909	 -0.038298	 -0.139947	  0.035692	  0.005481	  0.083826	  0.004418
  0.028693	 -0.032444	  0.052447	 -0.015878	  0.040375	 -0.024291	 -0.038444	  0.069045	 -0.085341	 -0.028896	 -0.119776	  0.011588	 -0.002692	  0.084031	  0.006617
  0.037079	 -0.030179	  0.037710	 -0.017762	  0.054994	 -0.013726	 -0.003374	  0.068733	 -0.058931	 -0.030006	 -0.083238	  0.019398	  0.027752	  0.076515	  0.004188
  0.042087	 -0.034658	  0.039084	 -0.024731	  0.071562	 -0.013142	  0.009237	  0.112401	 -0.044743	 -0.016328	 -0.034088	  0.007532	  0.020798	  0.074281	  0.008115
  0.060201	 -0.025847	  0.047632	 -0.041952	  0.053518	 -0.034315	  0.003970	  0.095785	 -0.049226	  0.012326	 -0.036631	  0.007110	 -0.003759	  0.082380	  0.003797
  0.067375	 -0.006483	  0.075090	 -0.048102	  0.023364	 -0.016426	 -0.000346	  0.091000	 -0.075706	  0.019396	 -0.057850	  0.031378	 -0.039756	  0.076523	 -0.009083
  0.046371	  0.043212	  0.095725	 -0.061986	  0.007539	 -0.003333	 -0.019249	  0.080642	 -0.081091	  0.017068	 -0.040753	  0.031279	 -0.046735	  0.066975	 -0.018235
  0.016885	  0.051444	  0.107044	 -0.049148	 -0.015102	 -0.018484	 -0.040132	  0.075116	 -0.107873	 -0.007392	 -0.029983	  0.017378	 -0.035194	  0.091372	 -0.015648
  0.011912	  0.018520	  0.084045	 -0.030555	 -0.005811	 -0.027600	 -0.056299	  0.105290	 -0.119295	 -0.022486	 -0.037501	  0.004318	 -0.044828	  0.081269	 -0.005199
  0.033045	  0.005891	  0.063020	 -0.031348	 -0.000445	 -0.060491	 -0.050745	  0.099494	 -0.090360	 -0.000087	 -0.047821	  0.020345	 -0.021512	  0.071566	 -0.002641
  0.026514	  0.014127	  0.067367	 -0.026612	  0.023220	 -0.060539	 -0.000684	  0.084518	 -0.060388	 -0.027158	 -0.036733	  0.006750	 -0.017163	  0.066673	  0.015272
  0.022541	  0.005760	  0.082153	 -0.003226	  0.035803	 -0.070235	  0.017025	  0.075912	 -0.055297	 -0.016226	 -0.007024	  0.037469	 -0.019983	  0.085369	  0.016450
  0.013998	 -0.011273	  0.083076	 -0.003408	  0.017352	 -0.073670	  0.016246	  0.098711	 -0.078333	 -0.006957	 -0.009117	  0.039594	 -0.017205	  0.086681	  0.011287
  0.023273	 -0.000351	  0.104595	 -0.026909	 -0.003766	 -0.058175	 -0.015233	  0.081009	 -0.061309	  0.005632	 -0.024915	  0.013607	 -0.025456	  0.087388	  0.014486
  0.014475	  0.019402	  0.110523	 -0.035128	 -0.019501	 -0.074518	 -0.033674	  0.064673	 -0.052072	 -0.022408	 -0.036594	  0.047499	 -0.053498	  0.096381	  0.019551
  0.008287	  0.010718	  0.095325	 -0.013121	 -0.028448	 -0.074358	 -0.030306	  0.036957	 -0.090275	 -0.027177	 -0.024757	  0.055289	 -0.049544	  0.085134	  0.035719
 -0.000755	  0.000002	  0.076582	 -0.017243	 -0.022084	 -0.061171	 -0.020890	  0.031027	 -0.091848	 -0.008381	 -0.027326	  0.077211	 -0.052474	  0.077967	  0.029986
 -0.015816	  0.002744	  0.096546	 -0.016308	 -0.006048	 -0.065288	 -0.004561	  0.004924	 -0.099061	 -0.029714	 -0.028286	  0.065409	 -0.073269	  0.048994	  0.049045
 -0.008065	 -0.007214	  0.112200	 -0.006427	  0.011935	 -0.066764	 -0.028124	 -0.019177	 -0.093419	  0.001714	 -0.022529	  0.036751	 -0.069237	  0.017359	  0.049066
  0.005183	 -0.006540	  0.125759	  0.003835	  0.010578	 -0.027246	 -0.049445	  0.010591	 -0.089001	  0.034994	 -0.048423	  0.027038	 -0.050870	  0.010827	  0.021444
  0.025057	  0.008164	  0.112995	  0.017758	  0.031841	 -0.020103	 -0.104248	  0.015333	 -0.122075	  0.035375	 -0.059700	  0.026677	 -0.047102	  0.006063	  0.044425
  0.016294	  0.004409	  0.062844	  0.020068	  0.022095	 -0.016029	 -0.108490	 -0.007592	 -0.156814	  0.005223	 -0.037131	  0.045968	 -0.059998	  0.028096	  0.071335
 -0.007815	 -0.006064	  0.045431	  0.029675	  0.038635	 -0.006572	 -0.096233	 -0.028419	 -0.167769	 -0.012551	 -0.062943	  0.076472	 -0.043439	  0.054620	  0.101285
  0.005107	 -0.028899	  0.039819	  0.060312	  0.031438	  0.007390	 -0.106581	 -0.023500	 -0.145285	 -0.012933	 -0.034301	  0.100996	 -0.011377	  0.040399	  0.081697
 -0.004216	 -0.033018	  0.050781	  0.072477	  0.040923	 -0.022606	 -0.101813	 -0.003226	 -0.164102	  0.007304	 -0.016239	  0.095854	  0.007598	  0.025764	  0.044715
 -0.012080	 -0.009669	  0.049388	  0.062748	  0.042530	 -0.035639	 -0.113622	  0.022447	 -0.146331	  0.022450	 -0.024508	  0.090949	  0.009190	  0.019735	  0.043779
 -0.010506	 -0.009289	  0.080842	  0.045867	  0.038031	 -0.014604	 -0.132928	  0.037304	 -0.136156	  0.034621	 -0.023453	  0.088271	 -0.010586	  0.032959	  0.027235
  0.009977	  0.003632	  0.079025	  0.056136	  0.022030	 -0.015891	 -0.117982	  0.026558	 -0.151543	  0.035706	 -0.020208	  0.070127	  0.000618	  0.036555	  0.030990
  0.044678	  0.006719	  0.077285	  0.060697	  0.033677	 -0.040022	 -0.094282	  0.015422	 -0.174233	  0.011346	 -0.030481	  0.076636	  0.013607	  0.047465	  0.021706
  0.038743	 -0.017993	  0.062251	  0.056938	  0.022758	 -0.048916	 -0.080311	  0.022790	 -0.182452	  0.000905	 -0.025865	  0.083567	  0.022500	  0.039549	  0.020800
  0.021444	 -0.023952	  0.058134	  0.021041	  0.020254	 -0.032236	 -0.058150	  0.020331	 -0.184502	  0.002584	 -0.038760	  0.082681	  0.030956	  0.036260	  0.029025
  0.038928	 -0.012892	  0.073732	  0.039899	  0.052257	 -0.018514	 -0.035445	  0.044478	 -0.141704	  0.018162	 -0.050482	  0.077641	  0.033581	  0.062991	  0.040121
  0.039686	 -0.030593	  0.069196	  0.038222	  0.060969	 -0.007113	 -0.037534	  0.029788	 -0.097161	  0.039572	 -0.054553	  0.043664	  0.025078	  0.077062	  0.044448
  0.026502	 -0.040871	  0.051668	  0.010301	  0.029576	  0.000075	 -0.035547	  0.032610	 -0.085745	  0.009920	 -0.051026	  0.039503	  0.026815	  0.059645	  0.044673
  0.027530	 -0.049013	  0.037193	 -0.014854	  0.006005	  0.026846	 -0.020308	  0.042505	 -0.105295	  0.015677	 -0.034483	  0.052501	  0.019817	  0.066505	  0.042173
  0.020331	 -0.060828	  0.032203	 -0.018344	  0.031999	  0.016786	 -0.005611	  0.063006	 -0.119378	  0.029673	 -0.021972	  0.071835	  0.005173	  0.065963	  0.016000
  0.010113	 -0.053907	  0.024263	 -0.036549	  0.037707	  0.026589	 -0.037716	  0.083552	 -0.093365	  0.020974	 -0.039550	  0.080325	  0.005148	  0.063246	  0.008056
  0.009689	 -0.068102	  0.040295	 -0.031375	  0.027563	  0.038685	 -0.070797	  0.071808	 -0.082876	  0.011069	 -0.080727	  0.110741	 -0.016464	  0.060647	 -0.004452
 -0.001569	 -0.068130	  0.022855	  0.029722	  0.021981	  0.006652	 -0.062331	  0.054785	 -0.060445	 -0.002499	 -0.097369	  0.109138	 -0.032339	  0.061769	  0.013906
  0.018006	 -0.039898	  0.010275	  0.047989	  0.046233	 -0.002749	 -0.045973	  0.032293	 -0.064661	  0.015596	 -0.095748	  0.101274	 -0.013905	  0.057241	  0.029960
  0.008460	 -0.023200	  0.009183	  0.018570	  0.036837	 -0.035533	 -0.034025	  0.013840	 -0.081136	  0.050351	 -0.079438	  0.089152	 -0.007562	  0.048155	 -0.009474
  0.008063	 -0.019763	  0.039169	 -0.015677	  0.010592	 -0.040745	 -0.003098	 -0.008068	 -0.063323	  0.053715	 -0.065773	  0.064125	 -0.008130	  0.039634	 -0.021090
 -0.006308	 -0.043210	  0.025496	 -0.004540	  0.012435	 -0.026503	  0.004278	  0.018155	 -0.057103	  0.033123	 -0.093411	  0.068691	 -0.016945	  0.044292	 -0.023219
 -0.009332	 -0.039540	  0.022907	  0.025132	  0.031937	 -0.016275	  0.043639	  0.043609	 -0.067726	  0.001216	 -0.093025	  0.051162	 -0.028087	  0.069148	  0.001137
 -0.019659	 -0.051153	  0.015446	  0.029923	  0.007320	 -0.008564	  0.018144	  0.034498	 -0.098796	  0.008277	 -0.089359	  0.033850	 -0.015523	  0.060744	  0.016852
 -0.008862	 -0.050074	  0.009337	  0.025717	 -0.012040	 -0.026131	 -0.001110	  0.023686	 -0.089666	  0.037488	 -0.088164	  0.051624	 -0.015106	  0.026212	  0.006925
 -0.002882	 -0.034754	  0.037187	  0.036448	  0.000426	 -0.017865	 -0.011040	  0.041747	 -0.086638	  0.042560	 -0.073865	  0.060533	 -0.011553	  0.013905	  0.040608
 -0.006816	 -0.044123	  0.014588	  0.040331	 -0.006120	 -0.015193	 -0.021372	  0.032887	 -0.087205	  0.064692	 -0.046651	  0.063205	 -0.022287	 -0.008068	  0.059428
 -0.011723	 -0.053312	 -0.000672	  0.042299	 -0.007872	  0.011680	 -0.012439	  0.030712	 -0.087358	  0.083106	 -0.054857	  0.066991	  0.004426	 -0.030751	  0.049851
 -0.016757	 -0.022720	  0.010857	  0.033652	 -0.003340	  0.023011	 -0.007806	  0.028301	 -0.102912	  0.076603	 -0.071033	  0.079889	  0.018475	 -0.048900	  0.048553
 -0.011212	 -0.005553	  0.016937	  0.018814	 -0.009191	  0.037608	  0.004862	  0.009101	 -0.113482	  0.072379	 -0.080050	  0.055615	 -0.010754	 -0.022986	  0.025306
  0.009024	 -0.025803	  0.023622	  0.026672	  0.017308	  0.022680	 -0.020353	  0.006923	 -0.106457	  0.071759	 -0.081604	  0.028054	  0.012817	  0.005953	  0.021637
  0.023934	 -0.004252	  0.036972	  0.016353	  0.033457	 -0.000983	 -0.014006	  0.033856	 -0.095978	  0.083590	 -0.091026	  0.029900	  0.013070	  0.000286	  0.020354
 -0.001061	 -0.010730	  0.049276	 -0.009216	  0.033604	 -0.015723	 -0.003430	  0.041106	 -0.098120	  0.116192	 -0.071150	  0.018548	 -0.001431	  0.007870	  0.046809
 -0.041055	 -0.011202	  0.065735	 -0.026814	  0.005522	 -0.046450	  0.008962	  0.024007	 -0.104262	  0.139017	 -0.035306	  0.011569	 -0.010018	 -0.023540	  0.032794
 -0.070399	 -0.005182	  0.071564	 -0.025459	 -0.018230	 -0.057506	 -0.005458	  0.030855	 -0.126945	  0.095308	 -0.043196	  0.026372	  0.008264	 -0.013926	  0.032057
 -0.076417	 -0.037033	  0.057624	 -0.036144	 -0.027100	 -0.042641	 -0.002144	  0.033019	 -0.153434	  0.062572	 -0.065925	  0.030619	 -0.003010	  0.026836	  0.028522
 -0.098526	 -0.067432	  0.050354	 -0.036750	 -0.044439	 -0.022019	  0.027829	  0.028351	 -0.127909	  0.059419	 -0.088841	  0.012822	  0.002958	  0.044112	  0.000033
 -0.070717	 -0.054081	  0.056860	 -0.034484	 -0.068551	 -0.017309	  0.009298	  0.037044	 -0.071170	  0.054793	 -0.098293	  0.030751	  0.013423	  0.055079	  0.025207
 -0.039286	 -0.056176	  0.031194	 -0.044287	 -0.062357	 -0.001927	  0.012364	  0.040773	 -0.053968	  0.027646	 -0.101277	  0.020333	  0.036279	  0.043005	  0.047367
 -0.036272	 -0.022008	  0.016635	 -0.053523	 -0.069770	  0.014491	  0.029346	  0.006880	 -0.070230	  0.000469	 -0.063994	  0.037764	  0.041341	  0.046784	  0.041528
 -0.039780	 -0.007401	  0.013339	 -0.051384	 -0.034447	  0.009935	  0.031077	 -0.039182	 -0.069464	  0.008170	 -0.017741	  0.037168	  0.030840	  0.058645	  0.014693
 -0.018488	 -0.026421	  0.028835	 -0.009937	  0.011100	  0.000009	  0.024620	 -0.067791	 -0.068284	 -0.010072	 -0.010943	  0.024862	  0.029169	  0.063017	  0.038522
 -0.000331	 -0.032408	  0.025731	  0.008765	  0.027154	 -0.010194	  0.000869	 -0.071044	 -0.109205	  0.007509	 -0.019367	  0.043176	  0.015899	  0.045894	  0.061391
  0.004827	 -0.046041	  0.063208	 -0.004489	  0.031505	 -0.003153	 -0.040151	 -0.045660	 -0.145523	  0.011271	 -0.016380	  0.037350	  0.020412	  0.035192	  0.051853
 -0.015408	 -0.032372	  0.054493	  0.012590	  0.038497	  0.018085	 -0.033548	 -0.024099	 -0.141857	  0.017650	 -0.023960	  0.022434	  0.006811	  0.043173	  0.033146
 -0.001475	 -0.039453	  0.048532	  0.003879	  0.053624	  0.019869	 -0.018852	 -0.033180	 -0.131816	  0.013320	 -0.024000	  0.042579	  0.005244	  0.037964	  0.020662
  0.007831	 -0.054882	  0.053973	  0.005287	  0.041779	  0.005201	 -0.018966	 -0.023140	 -0.147705	  0.003624	 -0.018465	  0.058437	 -0.012020	  0.012937	  0.012690
 -0.012402	 -0.060752	  0.072936	  0.026375	  0.029846	 -0.012618	 -0.002424	 -0.017006	 -0.157997	 -0.012065	 -0.016156	  0.052731	 -0.046760	 -0.014263	 -0.012705
 -0.048294	 -0.051111	  0.067736	 -0.001848	  0.058803	 -0.019755	 -0.028592	 -0.029970	 -0.149690	 -0.010342	 -0.044237	  0.023861	 -0.047386	 -0.030510	 -0.044358
 -0.029454	 -0.044900	  0.058172	 -0.015245	  0.088687	 -0.001146	 -0.013005	 -0.011893	 -0.113991	  0.012057	 -0.075211	  0.014255	 -0.054901	 -0.031332	 -0.041726
  0.002194	 -0.025314	  0.025547	 -0.015182	  0.071437	  0.005998	 -0.013566	 -0.016343	 -0.078408	  0.032507	 -0.071642	  0.048350	 -0.041905	  0.001782	 -0.047208
  0.007949	 -0.044697	  0.022424	 -0.009974	  0.051448	  0.004227	 -0.019242	 -0.021448	 -0.068282	  0.058986	 -0.051125	  0.062696	 -0.020615	  0.022398	 -0.052828
  0.006327	 -0.052346	  0.052302	 -0.007460	  0.028364	 -0.031158	  0.004412	 -0.020238	 -0.036493	  0.061022	 -0.048422	  0.075299	 -0.029384	  0.041861	 -0.017714
  0.001643	 -0.047183	  0.055386	  0.002281	  0.017512	 -0.048453	  0.008999	 -0.024974	 -0.037095	  0.070033	 -0.024007	  0.094347	 -0.023097	  0.040860	 -0.025687
 -0.004544	 -0.067179	  0.050570	  0.038131	  0.011194	 -0.057500	 -0.008387	 -0.036522	 -0.036299	  0.086106	 -0.006632	  0.100235	 -0.001031	  0.014144	 -0.041339
 -0.034969	 -0.032133	  0.044626	  0.067851	  0.017929	 -0.056172	 -0.009109	  0.002378	 -0.041420	  0.073144	 -0.017897	  0.109170	  0.012132	  0.044916	 -0.015637
 -0.038359	 -0.019425	  0.031049	  0.056358	 -0.002112	 -0.013356	 -0.011706	  0.012892	 -0.041015	  0.060580	 -0.015916	  0.100914	  0.039507	  0.058602	 -0.022108
 -0.041744	 -0.003451	  0.006365	  0.033098	  0.005968	  0.004152	 -0.007577	  0.026965	 -0.037517	  0.058256	 -0.007674	  0.069873	  0.050271	  0.053310	 -0.036950
 -0.048253	 -0.009315	  0.021213	  0.034173	  0.036283	  0.001852	  0.007769	  0.016359	 -0.054391	  0.065832	 -0.011762	  0.075756	  0.062507	  0.056120	 -0.039916
 -0.085267	  0.023492	  0.021470	  0.033257	  0.047691	 -0.026392	  0.011450	 -0.007025	 -0.022687	  0.096893	 -0.026372	  0.100201	  0.056631	  0.053028	 -0.037127
 -0.081123	 -0.009791	 -0.022418	  0.044901	  0.030498	 -0.035881	  0.007975	 -0.004046	  0.009670	  0.117742	 -0.003378	  0.082429	  0.032291	  0.058248	 -0.037740
 -0.095569	 -0.040422	 -0.032242	  0.053035	  0.014390	 -0.029213	  0.001325	 -0.032147	  0.020822	  0.106209	 -0.012864	  0.065761	  0.008353	  0.081124	 -0.013219
 -0.072141	 -0.062830	 -0.032874	  0.042649	  0.025037	  0.003275	  0.001192	 -0.021193	  0.031142	  0.083119	 -0.015800	  0.083077	 -0.022592	  0.055525	 -0.006038
 -0.054880	 -0.062215	 -0.023736	  0.005874	  0.039003	  0.020238	  0.008813	 -0.039961	  0.026318	  0.093272	 -0.006200	  0.111362	 -0.014257	  0.030769	 -0.005692
 -0.056426	 -0.068611	 -0.012763	  0.019564	  0.013635	  0.049738	  0.011424	 -0.040426	  0.002766	  0.100019	 -0.028966	  0.081493	 -0.007128	  0.023758	  0.008227
 -0.029134	 -0.068156	  0.005755	  0.029662	  0.031189	  0.033792	 -0.010101	 -0.021742	 -0.031495	  0.074628	 -0.036138	  0.048620	 -0.007890	  0.030423	 -0.003007
  0.001961	 -0.071303	  0.002926	  0.040140	  0.051371	  0.006686	  0.010514	  0.002448	 -0.050181	  0.061603	 -0.022073	  0.046807	 -0.008005	  0.033613	  0.001973
  0.000271	 -0.068538	 -0.017846	  0.064351	  0.025207	 -0.008617	  0.027694	  0.012296	 -0.030858	  0.083252	 -0.011266	  0.067344	  0.014715	  0.042952	  0.001924
 -0.008710	 -0.069365	  0.015412	  0.054943	  0.020901	 -0.021779	  0.032883	  0.017182	 -0.039222	  0.063019	 -0.004697	  0.071780	  0.033556	  0.045117	  0.016325
 -0.034897	 -0.049555	  0.026217	  0.032404	  0.026893	  0.001842	  0.038663	 -0.002321	 -0.013081	  0.072042	 -0.010286	  0.041644	  0.035468	  0.066500	  0.019904
 -0.087182	 -0.047316	  0.021453	  0.043145	  0.007429	  0.000950	  0.058904	 -0.032920	 -0.008412	  0.062007	 -0.015529	  0.019989	  0.013227	  0.054913	  0.017673
 -0.107141	 -0.043461	  0.025138	  0.031878	  0.014746	 -0.010390	  0.063609	 -0.044583	 -0.041902	  0.064753	 -0.002154	  0.032324	 -0.003838	  0.035168	 -0.008217
 -0.112203	 -0.022274	  0.014038	  0.035880	  0.030329	 -0.012373	  0.056165	 -0.030369	 -0.044811	  0.073838	 -0.034015	  0.035935	 -0.004228	  0.031841	 -0.041901
 -0.122632	 -0.044668	  0.025820	  0.045049	  0.053415	  0.006744	  0.057409	  0.002032	 -0.035257	  0.062891	 -0.010219	  0.047351	  0.007202	  0.017062	 -0.045733
 -0.120178	 -0.051884	  0.025436	  0.028043	  0.050308	  0.004457	  0.054426	  0.030372	 -0.002215	  0.040404	  0.007372	  0.063310	  0.002560	  0.040994	 -0.064999
 -0.075371	 -0.036298	  0.043289	  0.017800	  0.033558	  0.021429	  0.044601	  0.027538	 -0.007627	  0.044855	  0.012822	  0.037938	 -0.015461	  0.054876	 -0.075950
 -0.044268	 -0.027099	  0.025406	  0.026188	  0.052414	  0.024800	  0.021603	  0.030004	 -0.021269	  0.040123	 -0.005855	  0.055907	 -0.014457	  0.058564	 -0.042471
 -0.036771	 -0.015597	 -0.014960	  0.036051	  0.054063	  0.055716	  0.028001	  0.021035	 -0.041826	  0.043090	  0.014501	  0.062109	 -0.024182	  0.080968	 -0.011306
 -0.034885	 -0.028524	 -0.019859	  0.038801	  0.041524	  0.090213	  0.030551	 -0.017441	 -0.038363	  0.043511	  0.008313	  0.058387	  0.004075	  0.087834	 -0.019194
 -0.035722	 -0.019081	 -0.031782	  0.045985	  0.043610	  0.079993	  0.023655	 -0.029295	 -0.018212	  0.032717	  0.010117	  0.074615	  0.025737	  0.081399	 -0.037631
 -0.003093	 -0.040774	 -0.017457	  0.054780	  0.051545	  0.066871	  0.014381	 -0.023395	 -0.003956	  0.054355	 -0.005869	  0.079438	  0.033239	  0.058254	 -0.069405
 -0.010671	 -0.034049	 -0.017469	  0.048086	  0.028028	  0.059040	 -0.002266	 -0.031299	  0.009710	  0.075462	 -0.016391	  0.084422	  0.058223	  0.039360	 -0.078813
 -0.056844	 -0.009516	 -0.000182	  0.034010	  0.029795	  0.061021	 -0.016082	 -0.041683	  0.023558	  0.048784	 -0.008269	  0.085149	  0.082585	  0.041028	 -0.094871
 -0.045311	 -0.004190	 -0.004471	  0.050345	  0.066219	  0.048162	 -0.009309	 -0.062644	  0.032110	  0.017161	 -0.003179	  0.091147	  0.085078	  0.055354	 -0.096536
 -0.046492	 -0.016280	 -0.019809	  0.046326	  0.070878	  0.026994	  0.005878	 -0.057200	  0.034725	  0.020042	  0.015556	  0.099267	  0.108474	  0.062374	 -0.083474
 -0.055952	 -0.028095	 -0.019875	  0.047587	  0.077325	  0.014678	  0.011753	 -0.042755	  0.015030	  0.017457	  0.007055	  0.115301	  0.107683	  0.057056	 -0.106296
 -0.055109	 -0.027000	 -0.028054	  0.058042	  0.091034	  0.016607	 -0.003099	 -0.019482	  0.011853	 -0.012134	  0.007431	  0.103145	  0.070801	  0.044496	 -0.105961
 -0.057531	  0.002726	 -0.053757	  0.079727	  0.110497	 -0.013800	  0.025820	 -0.000237	  0.006580	 -0.001998	  0.016017	  0.122295	  0.052616	  0.059178	 -0.111308
 -0.066009	 -0.013793	 -0.059821	  0.061353	  0.097249	 -0.030455	  0.021121	 -0.030623	  0.021252	  0.026756	  0.010028	  0.147478	  0.047613	  0.048942	 -0.083621
