:RUN-5	LEVEL SWEEP	TEMP:NaN	2/15/2024	4:17 PM	HR:NaN:SW EAR: L	SW FREQ: 45.30	# AVERAGES: 512	REP RATE (/sec): 39	DRIVER: 	SAMPLE (µsec): 40	MASKER dB: 0:Threshold: 43.3:NOTES-:CHAMBER-Bach:Avgs: 512;512;512;512;512;512;512;512;512;512;512;512;512;512;512
:Tries: 579;601;583;581;580;590;594;583;597;598;600;615;608;600;606
:Log: :Vary signal level: TRUE :Control: NaN:CFTS Version: V2.37.2 (R3379):LEVELS:30;35;40;45;50;55;60;65;70;75;80;85;90;95;100;:DATA  0.006986	 -0.031674	  0.022236	  0.112677	  0.003523	  0.025934	  0.014170	 -0.021578	  0.029020	  0.014844	  0.039503	  0.049480	 -0.020217	  0.070133	  0.077429
  0.028017	 -0.045018	  0.010707	  0.096085	 -0.029559	  0.021584	  0.046901	 -0.002070	  0.063563	  0.026273	  0.056457	  0.037884	 -0.012209	  0.068540	  0.093374
  0.025375	 -0.034310	 -0.008399	  0.074024	 -0.073028	  0.009638	  0.044284	  0.014722	  0.074114	  0.019582	  0.050487	  0.005608	  0.026968	  0.071766	  0.078486
  0.011932	 -0.008561	 -0.031618	  0.050476	 -0.034504	  0.002567	  0.061068	 -0.009864	  0.089719	 -0.015566	  0.041801	  0.014190	  0.077853	  0.071179	  0.038050
  0.005045	  0.021405	 -0.020928	  0.044921	 -0.004128	 -0.017650	  0.071383	 -0.010550	  0.094967	  0.026616	  0.033788	  0.000604	  0.090772	  0.078196	  0.037509
 -0.006901	  0.006830	  0.002660	  0.021840	  0.001204	 -0.002143	  0.043198	  0.019169	  0.093569	  0.086643	  0.017079	 -0.010514	  0.085093	  0.062306	  0.042798
 -0.003983	 -0.008022	  0.004587	 -0.022713	  0.000765	 -0.026764	  0.006938	  0.010536	  0.053246	  0.099430	  0.012090	 -0.024956	  0.085058	  0.041022	  0.033421
 -0.020225	 -0.007458	 -0.008796	 -0.009289	  0.010177	 -0.004513	  0.000314	  0.025226	  0.033941	  0.054296	  0.038651	 -0.011722	  0.062093	  0.027529	  0.028276
 -0.009728	  0.012631	 -0.032603	  0.016853	 -0.010039	  0.031185	 -0.006817	  0.022698	  0.043299	 -0.000459	  0.035212	  0.007980	  0.036892	 -0.005128	  0.041487
 -0.032638	  0.029537	 -0.021097	 -0.017900	  0.006628	  0.019752	  0.014129	  0.009902	  0.029165	 -0.012497	  0.004484	  0.017336	  0.043670	 -0.006799	  0.046543
 -0.001227	  0.015970	  0.002639	 -0.033049	  0.018213	  0.025946	  0.028605	 -0.013108	  0.010366	 -0.026877	  0.014747	  0.001983	  0.053346	 -0.005957	  0.040899
  0.039646	 -0.007993	  0.002055	 -0.019614	  0.003484	  0.013232	  0.035339	 -0.006338	 -0.013393	 -0.047730	  0.023523	 -0.002830	  0.031981	  0.000014	  0.045716
  0.028010	 -0.008879	 -0.003464	 -0.056232	 -0.010414	  0.016243	  0.033709	  0.001193	 -0.000125	 -0.063602	  0.008367	  0.018025	  0.007121	 -0.011422	  0.019582
 -0.008597	  0.000628	  0.000107	 -0.069319	  0.007839	 -0.003211	  0.008810	  0.013577	 -0.030014	 -0.057850	 -0.021134	  0.016774	 -0.033296	 -0.033308	 -0.041473
  0.004828	 -0.008387	  0.006234	 -0.032815	  0.021027	 -0.012307	  0.005383	  0.018217	 -0.038838	 -0.037518	 -0.041501	  0.005937	 -0.085557	 -0.031554	 -0.082720
  0.002241	  0.001994	  0.018658	 -0.034704	  0.014151	 -0.021331	 -0.021545	 -0.000217	 -0.066191	 -0.041526	 -0.028304	 -0.025433	 -0.089920	 -0.049588	 -0.085562
 -0.009031	  0.022709	  0.043786	 -0.040164	  0.022181	 -0.037424	 -0.063337	 -0.013265	 -0.110735	 -0.026138	 -0.048267	 -0.012237	 -0.074658	 -0.061917	 -0.097610
 -0.018279	  0.017426	  0.025759	 -0.042757	  0.030905	 -0.001875	 -0.105618	 -0.022439	 -0.120448	 -0.004155	 -0.078824	 -0.017464	 -0.073792	 -0.079335	 -0.108136
 -0.031817	  0.029368	 -0.002120	 -0.023555	  0.019900	 -0.011749	 -0.110039	 -0.019988	 -0.110502	  0.007469	 -0.064932	 -0.031526	 -0.095667	 -0.086678	 -0.101600
 -0.009656	  0.001805	 -0.010403	 -0.014764	  0.001676	 -0.027115	 -0.106878	 -0.015823	 -0.124723	 -0.001236	 -0.093229	 -0.039116	 -0.115532	 -0.118997	 -0.106471
 -0.005422	 -0.001760	 -0.009997	 -0.020392	 -0.010489	 -0.023384	 -0.115203	 -0.012994	 -0.124112	 -0.025270	 -0.130292	 -0.033811	 -0.116232	 -0.131526	 -0.099696
 -0.003209	 -0.021286	 -0.000485	 -0.015957	 -0.039304	 -0.014451	 -0.133498	 -0.019488	 -0.100622	 -0.026726	 -0.136964	 -0.048220	 -0.133468	 -0.158728	 -0.107593
  0.006910	 -0.042596	  0.029076	 -0.005770	 -0.044031	 -0.035836	 -0.162194	  0.000171	 -0.099804	 -0.055983	 -0.144844	 -0.034881	 -0.172875	 -0.205387	 -0.135273
  0.016644	 -0.035059	  0.031358	 -0.007719	 -0.031434	 -0.026277	 -0.168094	 -0.018951	 -0.120007	 -0.059463	 -0.171552	 -0.069463	 -0.185867	 -0.213014	 -0.153900
  0.017100	 -0.023554	  0.015825	  0.011596	 -0.003604	 -0.043319	 -0.174952	 -0.049732	 -0.156358	 -0.103728	 -0.143224	 -0.111919	 -0.196986	 -0.235794	 -0.171727
  0.054995	 -0.020798	 -0.007076	 -0.003338	  0.011427	 -0.057795	 -0.208837	 -0.067961	 -0.162664	 -0.120099	 -0.132799	 -0.111618	 -0.178340	 -0.246673	 -0.163533
  0.069133	 -0.015979	 -0.025521	 -0.013881	 -0.017260	 -0.062103	 -0.214343	 -0.095555	 -0.158690	 -0.115484	 -0.138669	 -0.105160	 -0.178916	 -0.180316	 -0.123630
  0.057728	 -0.019067	 -0.033922	 -0.010218	 -0.025660	 -0.071781	 -0.222158	 -0.145875	 -0.139427	 -0.109834	 -0.123614	 -0.090502	 -0.160844	 -0.108790	 -0.074704
  0.051946	 -0.018093	 -0.051140	 -0.029679	 -0.019416	 -0.085327	 -0.218241	 -0.147891	 -0.118945	 -0.087106	 -0.102209	 -0.067147	 -0.129202	 -0.043513	 -0.044747
  0.054106	 -0.012366	 -0.045749	 -0.058739	 -0.052594	 -0.088845	 -0.215240	 -0.123968	 -0.116775	 -0.092474	 -0.077327	 -0.043388	 -0.132106	 -0.010351	  0.001051
  0.053850	  0.012940	 -0.030478	 -0.115888	 -0.056007	 -0.114877	 -0.212955	 -0.087106	 -0.132037	 -0.072675	 -0.059185	 -0.054562	 -0.133422	  0.001913	  0.015976
  0.022505	  0.012026	 -0.023369	 -0.117119	 -0.045706	 -0.073180	 -0.189552	 -0.085279	 -0.144110	 -0.100427	 -0.023007	 -0.065954	 -0.149161	  0.000932	  0.012225
  0.003388	 -0.004230	 -0.019943	 -0.105610	 -0.044546	 -0.076006	 -0.171647	 -0.079666	 -0.116255	 -0.097330	  0.011795	 -0.024943	 -0.140286	 -0.011551	 -0.004319
  0.021123	 -0.019525	 -0.063279	 -0.081580	 -0.051294	 -0.066705	 -0.160850	 -0.044188	 -0.109147	 -0.090558	 -0.004426	 -0.024132	 -0.159978	  0.009969	 -0.009212
  0.028381	 -0.042544	 -0.076325	 -0.081052	 -0.074804	 -0.058166	 -0.165701	 -0.030231	 -0.118559	 -0.108247	 -0.003198	 -0.025650	 -0.158969	  0.023094	  0.022810
 -0.009953	 -0.052423	 -0.055566	 -0.084450	 -0.047156	 -0.061198	 -0.180564	 -0.023498	 -0.121444	 -0.134162	 -0.018312	 -0.015516	 -0.174244	  0.031225	  0.017970
 -0.006168	 -0.071674	 -0.052904	 -0.078970	 -0.010146	 -0.070403	 -0.179618	 -0.005257	 -0.121648	 -0.123780	 -0.006881	  0.014089	 -0.129024	  0.044918	  0.038514
  0.023316	 -0.077352	 -0.053803	 -0.080755	  0.016116	 -0.069135	 -0.183223	 -0.004466	 -0.102802	 -0.121506	  0.024559	  0.026199	 -0.132176	  0.025709	  0.043015
  0.040347	 -0.065630	 -0.086167	 -0.081879	  0.011675	 -0.034343	 -0.146567	  0.021713	 -0.091054	 -0.118711	  0.023686	  0.012359	 -0.163379	 -0.013413	  0.030502
  0.056686	 -0.073962	 -0.094282	 -0.080127	  0.000072	 -0.011500	 -0.145247	  0.038695	 -0.084011	 -0.061306	 -0.019243	  0.035540	 -0.168799	 -0.043376	 -0.021613
  0.051383	 -0.069178	 -0.088158	 -0.084758	 -0.015652	  0.014245	 -0.162470	  0.021299	 -0.067085	 -0.032403	 -0.074109	  0.066197	 -0.178459	 -0.053409	 -0.054330
  0.043878	 -0.083775	 -0.096233	 -0.096353	 -0.010649	  0.013278	 -0.158296	 -0.007457	 -0.039117	 -0.005423	 -0.118797	  0.058680	 -0.166567	 -0.070114	 -0.094372
  0.058433	 -0.112719	 -0.078007	 -0.124607	  0.003943	 -0.019682	 -0.157559	 -0.037204	 -0.079180	 -0.019939	 -0.179745	  0.024692	 -0.176108	 -0.102455	 -0.142970
  0.076240	 -0.105946	 -0.087902	 -0.120774	 -0.010144	 -0.041137	 -0.181528	 -0.083807	 -0.132406	 -0.056253	 -0.228074	 -0.003756	 -0.213110	 -0.125534	 -0.200261
  0.064731	 -0.111542	 -0.095097	 -0.101694	 -0.035749	 -0.086237	 -0.208225	 -0.108073	 -0.154306	 -0.083489	 -0.267718	 -0.054191	 -0.268301	 -0.166556	 -0.282469
  0.092880	 -0.047737	 -0.104627	 -0.127579	 -0.060521	 -0.114713	 -0.216482	 -0.109231	 -0.166576	 -0.122721	 -0.306873	 -0.100835	 -0.339637	 -0.206421	 -0.348427
  0.100415	  0.002435	 -0.111656	 -0.140881	 -0.070278	 -0.128390	 -0.249507	 -0.128099	 -0.150573	 -0.131641	 -0.346798	 -0.127461	 -0.381898	 -0.253595	 -0.379908
  0.071681	 -0.007183	 -0.083643	 -0.116523	 -0.106367	 -0.169877	 -0.259379	 -0.156541	 -0.184464	 -0.146123	 -0.348759	 -0.138909	 -0.385339	 -0.305443	 -0.410629
  0.038180	 -0.022135	 -0.058352	 -0.130752	 -0.119848	 -0.182038	 -0.250086	 -0.188358	 -0.240357	 -0.183445	 -0.334956	 -0.120650	 -0.389217	 -0.355835	 -0.432028
  0.046472	 -0.022291	 -0.059465	 -0.170032	 -0.110001	 -0.148678	 -0.272726	 -0.200042	 -0.253706	 -0.198359	 -0.325791	 -0.108526	 -0.390446	 -0.394634	 -0.388401
  0.074189	 -0.015526	 -0.094920	 -0.178815	 -0.101895	 -0.085482	 -0.291383	 -0.192455	 -0.229406	 -0.220396	 -0.321819	 -0.123421	 -0.381463	 -0.396455	 -0.359206
  0.064442	 -0.012096	 -0.108084	 -0.204406	 -0.099841	 -0.072142	 -0.275487	 -0.210940	 -0.223625	 -0.220696	 -0.337458	 -0.136111	 -0.333652	 -0.420537	 -0.282511
  0.045438	 -0.008640	 -0.134088	 -0.180837	 -0.108618	 -0.066379	 -0.255575	 -0.215623	 -0.214748	 -0.223603	 -0.293355	 -0.164696	 -0.265214	 -0.394232	 -0.203119
  0.037157	 -0.017729	 -0.153477	 -0.160989	 -0.100110	 -0.049367	 -0.251765	 -0.219337	 -0.213496	 -0.211050	 -0.241085	 -0.127606	 -0.189409	 -0.317795	 -0.151712
  0.034266	 -0.059950	 -0.139348	 -0.135476	 -0.091699	 -0.050636	 -0.271579	 -0.221098	 -0.198601	 -0.161568	 -0.196189	 -0.074832	 -0.094182	 -0.223444	 -0.066348
  0.026856	 -0.089716	 -0.147235	 -0.130607	 -0.107014	 -0.051194	 -0.287493	 -0.208512	 -0.163477	 -0.136098	 -0.117743	 -0.052947	 -0.050528	 -0.119579	  0.033750
  0.010922	 -0.062743	 -0.165065	 -0.132170	 -0.111578	 -0.071493	 -0.256172	 -0.224006	 -0.164795	 -0.113878	 -0.030185	 -0.004295	  0.021101	 -0.021363	  0.157114
  0.022452	 -0.077187	 -0.136056	 -0.125703	 -0.105347	 -0.096733	 -0.270592	 -0.209433	 -0.135744	 -0.068211	  0.026466	  0.044679	  0.099347	  0.080543	  0.278459
  0.039161	 -0.100306	 -0.125288	 -0.140453	 -0.106709	 -0.100632	 -0.257688	 -0.199383	 -0.089949	  0.004506	  0.101525	  0.108491	  0.178017	  0.167231	  0.359165
  0.035053	 -0.057372	 -0.111957	 -0.163198	 -0.143244	 -0.102641	 -0.247773	 -0.185075	 -0.054698	  0.053266	  0.155155	  0.164812	  0.214246	  0.243340	  0.390999
  0.050855	 -0.026931	 -0.113475	 -0.163836	 -0.171061	 -0.060173	 -0.196661	 -0.163836	 -0.007981	  0.113316	  0.165717	  0.193504	  0.183733	  0.257616	  0.383046
  0.046088	 -0.043017	 -0.138609	 -0.187886	 -0.197695	 -0.025943	 -0.139730	 -0.120356	  0.052238	  0.163568	  0.179853	  0.208619	  0.143482	  0.238378	  0.358167
  0.056396	 -0.043097	 -0.104034	 -0.195343	 -0.167960	  0.027758	 -0.079198	 -0.057489	  0.105822	  0.191090	  0.153925	  0.202250	  0.089962	  0.226765	  0.300532
  0.053418	 -0.040033	 -0.058929	 -0.167333	 -0.120226	  0.026963	 -0.051410	  0.010206	  0.140102	  0.186944	  0.162120	  0.181246	  0.078703	  0.210382	  0.258712
  0.054161	 -0.031566	 -0.055660	 -0.158589	 -0.070646	  0.010005	 -0.049170	  0.043937	  0.119902	  0.153701	  0.162678	  0.188293	  0.040526	  0.215307	  0.241726
  0.050818	 -0.013440	 -0.088650	 -0.157871	 -0.053858	  0.012447	 -0.046550	  0.036051	  0.115717	  0.139635	  0.137813	  0.177552	  0.027782	  0.202153	  0.215173
  0.044799	  0.001034	 -0.116225	 -0.164280	 -0.069664	  0.034010	 -0.060031	  0.015131	  0.107052	  0.147511	  0.142890	  0.205616	  0.048829	  0.193848	  0.199802
  0.053758	 -0.015247	 -0.106687	 -0.175687	 -0.049192	  0.055886	 -0.057595	  0.006087	  0.114001	  0.185086	  0.163099	  0.243316	  0.040134	  0.218973	  0.201038
  0.048460	 -0.019793	 -0.102722	 -0.149362	 -0.052059	  0.075890	 -0.055457	 -0.025859	  0.120093	  0.202649	  0.184924	  0.305274	  0.052799	  0.241400	  0.211620
  0.037970	 -0.022659	 -0.105856	 -0.147016	 -0.067017	  0.034742	 -0.055043	 -0.039368	  0.114783	  0.210776	  0.193434	  0.364469	  0.106775	  0.273936	  0.256833
  0.009816	 -0.021773	 -0.091925	 -0.142117	 -0.062346	  0.000915	 -0.067877	 -0.023293	  0.099963	  0.213131	  0.224074	  0.388090	  0.120612	  0.290359	  0.257450
  0.003468	 -0.014213	 -0.077425	 -0.118274	 -0.044203	  0.020708	 -0.082056	  0.021739	  0.102881	  0.195920	  0.252319	  0.413478	  0.124226	  0.325023	  0.257659
 -0.002189	  0.030887	 -0.108152	 -0.128300	 -0.042586	  0.026636	 -0.083614	  0.057169	  0.136705	  0.204415	  0.267430	  0.363817	  0.103492	  0.309656	  0.262625
  0.028437	  0.035277	 -0.146305	 -0.129820	 -0.023466	  0.018880	 -0.081380	  0.042769	  0.121629	  0.233856	  0.251780	  0.331354	  0.099051	  0.276749	  0.224317
  0.021151	  0.020303	 -0.147298	 -0.143281	 -0.012540	  0.051333	 -0.073445	  0.056938	  0.138767	  0.219723	  0.261721	  0.333960	  0.081412	  0.260403	  0.180709
  0.038707	  0.044958	 -0.121871	 -0.133035	 -0.026011	  0.066097	 -0.050631	  0.060643	  0.136477	  0.170244	  0.265080	  0.310614	  0.044997	  0.225180	  0.120245
  0.038775	  0.034321	 -0.093563	 -0.140147	 -0.029367	  0.100332	 -0.037126	  0.067750	  0.113653	  0.128180	  0.253287	  0.296405	  0.000051	  0.184214	  0.090000
  0.040960	  0.039034	 -0.086509	 -0.115490	 -0.032343	  0.113528	 -0.017577	  0.070001	  0.080270	  0.101648	  0.225783	  0.269007	 -0.065713	  0.152319	  0.028814
  0.035767	  0.018530	 -0.074049	 -0.093183	 -0.022407	  0.094661	 -0.018962	  0.062758	  0.051851	  0.063529	  0.163840	  0.214801	 -0.131914	  0.104772	 -0.044965
  0.035291	  0.026971	 -0.086270	 -0.101510	 -0.029037	  0.064419	  0.001902	  0.032316	  0.035583	 -0.010680	  0.114843	  0.153065	 -0.173417	  0.056635	 -0.065923
  0.029431	  0.039332	 -0.080460	 -0.117628	 -0.035977	  0.040496	 -0.020999	 -0.003721	 -0.020421	 -0.056678	  0.073548	  0.118188	 -0.199230	  0.039001	 -0.057278
  0.060323	  0.013394	 -0.077964	 -0.119686	 -0.047899	  0.041699	 -0.026113	 -0.031828	 -0.042912	 -0.100676	  0.046467	  0.116192	 -0.196060	  0.026041	 -0.016903
  0.068707	 -0.033073	 -0.119938	 -0.098710	 -0.042101	  0.022741	 -0.063299	 -0.086629	 -0.041692	 -0.164232	  0.050671	  0.106251	 -0.175812	  0.037826	  0.022584
  0.059747	 -0.030266	 -0.125202	 -0.101179	 -0.042579	  0.009301	 -0.119243	 -0.089311	 -0.040115	 -0.174783	  0.083219	  0.132870	 -0.134459	  0.054545	  0.042306
  0.062704	 -0.020861	 -0.107826	 -0.105329	 -0.058692	  0.013306	 -0.138819	 -0.086123	 -0.046658	 -0.172670	  0.141664	  0.223038	 -0.092483	  0.088651	  0.067456
  0.065411	 -0.029093	 -0.121537	 -0.106261	 -0.072022	  0.025211	 -0.126925	 -0.068498	 -0.021983	 -0.134381	  0.219794	  0.282543	 -0.044016	  0.110318	  0.080149
  0.056265	 -0.029913	 -0.160735	 -0.139709	 -0.038820	 -0.007853	 -0.133426	 -0.022572	  0.003397	 -0.071793	  0.285973	  0.315318	 -0.011667	  0.130789	  0.072857
  0.054209	 -0.023110	 -0.172994	 -0.116484	 -0.046025	 -0.020631	 -0.136270	  0.027015	  0.051373	 -0.006731	  0.312225	  0.343746	  0.027319	  0.166470	  0.096335
  0.059470	 -0.014476	 -0.164557	 -0.071226	 -0.064182	 -0.010801	 -0.066042	  0.045751	  0.133190	  0.029236	  0.328122	  0.326483	  0.031960	  0.185255	  0.103484
  0.045824	  0.011634	 -0.176728	 -0.074061	 -0.080581	  0.036961	  0.002151	  0.084021	  0.192555	  0.054623	  0.341434	  0.330655	  0.018866	  0.206082	  0.126968
  0.054852	  0.037560	 -0.177795	 -0.063137	 -0.034744	  0.056385	  0.018851	  0.126546	  0.229133	  0.067793	  0.349713	  0.329737	  0.031960	  0.218302	  0.119285
  0.053953	  0.039700	 -0.165484	 -0.085952	 -0.031387	  0.068668	  0.048622	  0.111272	  0.241661	  0.095603	  0.341126	  0.281775	  0.043444	  0.184356	  0.120989
  0.037134	  0.031922	 -0.164840	 -0.091742	 -0.030100	  0.111771	  0.088056	  0.107714	  0.256192	  0.090966	  0.315712	  0.242967	  0.030338	  0.151393	  0.109127
  0.035421	  0.033488	 -0.134873	 -0.067867	 -0.032318	  0.129340	  0.132235	  0.099539	  0.280516	  0.092927	  0.303898	  0.221801	 -0.013572	  0.120525	  0.111164
  0.046922	  0.041371	 -0.123733	 -0.064165	  0.004979	  0.139900	  0.141254	  0.106962	  0.280778	  0.098452	  0.300986	  0.174078	 -0.032253	  0.072194	  0.086665
  0.065739	  0.015064	 -0.101968	 -0.013536	  0.034615	  0.165672	  0.123570	  0.104095	  0.254300	  0.089238	  0.267023	  0.113514	 -0.042177	  0.053374	  0.039031
  0.019759	  0.017388	 -0.093839	 -0.008687	  0.076423	  0.170752	  0.079216	  0.081562	  0.247151	  0.071602	  0.249719	  0.108625	 -0.034468	  0.013756	 -0.014278
  0.007086	  0.051900	 -0.112355	  0.000124	  0.110463	  0.166025	  0.045457	  0.065781	  0.220625	  0.053975	  0.212985	  0.076349	 -0.062380	 -0.014426	 -0.042218
  0.022994	  0.065566	 -0.130406	  0.007716	  0.109226	  0.151610	  0.008782	  0.060619	  0.209194	  0.023016	  0.188831	  0.051553	 -0.084504	 -0.043667	 -0.087083
  0.023574	  0.074089	 -0.102704	  0.012816	  0.102881	  0.139013	 -0.009563	  0.042882	  0.196652	 -0.004728	  0.183389	  0.005024	 -0.123626	 -0.119157	 -0.153873
  0.049346	  0.067674	 -0.080620	  0.031430	  0.096376	  0.128103	 -0.005097	  0.013337	  0.136228	 -0.018532	  0.127649	 -0.030900	 -0.171587	 -0.189565	 -0.199484
  0.042547	  0.037377	 -0.052674	  0.023545	  0.079046	  0.131273	 -0.014594	  0.005142	  0.110366	 -0.039054	  0.066540	 -0.059018	 -0.232136	 -0.231330	 -0.214301
  0.025197	  0.006921	 -0.024553	  0.014792	  0.083244	  0.100821	  0.001046	  0.007707	  0.085968	 -0.057686	  0.013354	 -0.098580	 -0.268746	 -0.249363	 -0.216192
 -0.002201	  0.006403	 -0.005716	  0.004272	  0.091005	  0.063775	  0.009506	 -0.024907	  0.035379	 -0.103173	 -0.040437	 -0.138571	 -0.289114	 -0.272902	 -0.214919
 -0.009017	  0.006225	 -0.015063	 -0.005379	  0.070561	  0.029166	 -0.014865	 -0.057968	 -0.002579	 -0.157978	 -0.087403	 -0.184014	 -0.300489	 -0.300344	 -0.224621
  0.008310	  0.002966	 -0.022415	 -0.012449	  0.045330	 -0.002082	 -0.045506	 -0.052639	 -0.025591	 -0.198839	 -0.108393	 -0.212091	 -0.346224	 -0.285436	 -0.213524
  0.017582	 -0.002590	 -0.012720	 -0.025561	  0.022062	  0.002993	 -0.049327	 -0.080710	 -0.054246	 -0.214141	 -0.121824	 -0.237502	 -0.389404	 -0.266382	 -0.229057
  0.038801	 -0.006643	  0.004000	 -0.026413	  0.003422	 -0.004001	 -0.085783	 -0.113603	 -0.087780	 -0.230511	 -0.141854	 -0.228993	 -0.390090	 -0.272267	 -0.247103
  0.036932	 -0.015756	 -0.021823	 -0.002389	 -0.009223	 -0.004269	 -0.137351	 -0.144999	 -0.109280	 -0.223695	 -0.112191	 -0.195176	 -0.382065	 -0.245842	 -0.225121
  0.037734	 -0.029885	 -0.022829	 -0.009780	 -0.020555	 -0.015444	 -0.162006	 -0.188206	 -0.142676	 -0.184445	 -0.107700	 -0.134992	 -0.371036	 -0.214752	 -0.227627
  0.059649	 -0.000366	 -0.017464	 -0.018681	 -0.026369	 -0.049895	 -0.191500	 -0.209423	 -0.182122	 -0.176141	 -0.126268	 -0.124054	 -0.374247	 -0.188827	 -0.189240
  0.055400	  0.012388	  0.030631	 -0.029758	 -0.030429	 -0.055675	 -0.187630	 -0.206980	 -0.197104	 -0.157130	 -0.144051	 -0.108442	 -0.364860	 -0.138335	 -0.138426
  0.033248	 -0.004019	  0.030061	 -0.048634	 -0.064804	 -0.036398	 -0.205050	 -0.202662	 -0.180045	 -0.133790	 -0.116817	 -0.088656	 -0.332421	 -0.102413	 -0.118903
  0.043870	 -0.000867	  0.030665	 -0.048598	 -0.075426	 -0.045590	 -0.189008	 -0.180557	 -0.137661	 -0.127342	 -0.025113	 -0.066973	 -0.266275	 -0.045308	 -0.068972
  0.032305	  0.014280	  0.022798	 -0.038859	 -0.068994	 -0.056416	 -0.154773	 -0.175360	 -0.095636	 -0.100139	 -0.003796	 -0.045012	 -0.245705	  0.004043	 -0.019141
  0.009975	  0.018024	  0.003757	 -0.039182	 -0.049130	 -0.065911	 -0.142839	 -0.175479	 -0.054500	 -0.057817	  0.028825	 -0.025093	 -0.239094	  0.017133	  0.006493
  0.038603	  0.020935	 -0.003486	 -0.025862	 -0.070864	 -0.054660	 -0.147778	 -0.175202	 -0.029122	 -0.031758	  0.041739	  0.035093	 -0.164193	  0.009123	  0.027175
  0.048146	  0.006364	  0.006629	 -0.039704	 -0.093863	 -0.084760	 -0.141593	 -0.155065	 -0.022656	 -0.001976	  0.050970	  0.069195	 -0.114482	  0.024227	  0.020235
  0.051826	 -0.003001	  0.003352	 -0.058093	 -0.079128	 -0.070799	 -0.115206	 -0.133850	 -0.022073	  0.036733	  0.085645	  0.078509	 -0.107956	  0.042997	  0.040513
  0.064294	 -0.039016	 -0.009645	 -0.070226	 -0.095597	 -0.034517	 -0.129438	 -0.122628	 -0.011541	  0.026717	  0.078785	  0.073783	 -0.068656	  0.058905	  0.056338
  0.075669	 -0.040360	  0.007630	 -0.063098	 -0.108019	 -0.018679	 -0.100292	 -0.108339	  0.005292	  0.018695	  0.063134	  0.058652	 -0.031581	  0.082338	  0.056895
  0.060776	 -0.027593	 -0.004376	 -0.034944	 -0.099526	 -0.007957	 -0.099659	 -0.064069	  0.012317	  0.011363	  0.061054	  0.056225	 -0.033894	  0.087960	  0.047688
  0.097150	 -0.028786	 -0.058531	 -0.033129	 -0.082413	 -0.024822	 -0.102683	 -0.028842	  0.045081	 -0.004737	  0.073036	  0.065641	 -0.050337	  0.073042	  0.031969
  0.104828	 -0.030049	 -0.066792	 -0.035688	 -0.078256	 -0.039837	 -0.073984	 -0.028450	  0.046483	 -0.022904	  0.074379	  0.062139	 -0.006748	  0.074983	  0.001130
  0.054463	 -0.036688	 -0.072546	 -0.025029	 -0.091481	 -0.002270	 -0.059224	 -0.062567	  0.035736	 -0.012466	  0.048565	  0.066434	 -0.009893	  0.075352	 -0.022020
  0.015534	 -0.053727	 -0.097253	 -0.035300	 -0.090980	  0.031928	 -0.061083	 -0.055427	  0.022121	 -0.011664	  0.072240	  0.080141	 -0.037869	  0.055664	 -0.047429
 -0.015154	 -0.078753	 -0.109843	 -0.045007	 -0.051831	  0.028734	 -0.039255	 -0.046239	  0.027517	 -0.016629	  0.091660	  0.104190	 -0.038044	  0.077780	 -0.058968
 -0.036454	 -0.041991	 -0.105631	 -0.040425	 -0.054311	 -0.028813	 -0.025829	 -0.046716	  0.023733	 -0.031427	  0.095264	  0.101925	 -0.036353	  0.078362	 -0.074755
 -0.039553	 -0.010050	 -0.103083	 -0.039652	 -0.048317	 -0.037735	 -0.026177	 -0.031977	 -0.010832	 -0.043175	  0.089381	  0.116409	 -0.044574	  0.106161	 -0.075473
 -0.016847	  0.010051	 -0.097226	 -0.048889	 -0.030583	 -0.061959	 -0.009027	 -0.038613	 -0.030746	 -0.025704	  0.091630	  0.136813	 -0.040257	  0.137590	 -0.091606
  0.005600	  0.031726	 -0.067485	 -0.050760	  0.015401	 -0.095077	 -0.015978	 -0.049769	 -0.031674	 -0.005707	  0.092160	  0.164840	 -0.024278	  0.097880	 -0.120271
  0.011448	  0.041775	 -0.047567	 -0.040405	  0.022563	 -0.069593	 -0.026261	 -0.038905	  0.014794	  0.013643	  0.079021	  0.176058	 -0.029605	  0.048549	 -0.122905
  0.014475	  0.003041	 -0.051599	 -0.020986	  0.013867	 -0.049285	 -0.033403	 -0.053258	 -0.011839	 -0.001006	  0.047170	  0.188215	 -0.011743	  0.050673	 -0.109319
  0.003634	 -0.007660	 -0.067571	 -0.010223	  0.005012	 -0.039387	 -0.010772	 -0.079956	 -0.064886	 -0.016240	  0.021466	  0.181522	 -0.024629	  0.053687	 -0.119318
  0.001242	 -0.022709	 -0.036592	  0.000435	  0.011773	 -0.038447	 -0.023880	 -0.087966	 -0.060874	 -0.011139	 -0.003336	  0.155779	 -0.038436	  0.033048	 -0.115858
 -0.011319	  0.001992	 -0.021067	  0.018853	  0.007527	 -0.023851	 -0.048421	 -0.077709	 -0.045972	  0.008851	  0.015072	  0.153371	 -0.030407	  0.007135	 -0.084694
  0.013287	  0.010163	 -0.017117	  0.018138	 -0.002469	 -0.018023	 -0.055048	 -0.070812	 -0.038740	  0.011355	  0.046844	  0.151567	 -0.059460	  0.010832	 -0.108917
  0.031924	 -0.013885	 -0.001840	  0.026623	  0.012174	 -0.003554	 -0.036016	 -0.069109	  0.000920	  0.013273	  0.033080	  0.156121	 -0.062571	  0.009496	 -0.126629
  0.048107	  0.014384	  0.002579	  0.007459	  0.033383	 -0.020426	 -0.024790	 -0.080138	  0.022923	  0.032582	  0.035542	  0.139382	 -0.056440	  0.013921	 -0.142280
  0.031829	  0.022531	 -0.002996	  0.004218	  0.024193	 -0.019967	 -0.019321	 -0.071027	  0.020202	  0.006744	  0.035718	  0.152564	 -0.078283	  0.026184	 -0.136283
 -0.007395	  0.007721	  0.020851	  0.004408	  0.012491	 -0.031244	 -0.029800	 -0.041009	  0.009320	 -0.034329	  0.056871	  0.158462	 -0.064650	  0.034831	 -0.148094
 -0.015808	 -0.006445	  0.018102	 -0.019408	  0.008149	 -0.023801	 -0.035076	 -0.039047	  0.020327	 -0.038881	  0.065806	  0.167025	 -0.052370	  0.053587	 -0.163216
 -0.001798	 -0.022561	  0.013181	 -0.030297	  0.017394	 -0.040458	 -0.036726	 -0.043841	  0.023519	 -0.053432	  0.090251	  0.163572	 -0.054761	  0.048541	 -0.154401
 -0.010613	 -0.009388	  0.003185	 -0.071278	  0.009703	 -0.034190	 -0.046899	 -0.037786	  0.045332	 -0.020544	  0.092857	  0.149624	 -0.031821	  0.030776	 -0.159786
  0.011700	 -0.019915	  0.011633	 -0.115927	  0.024389	 -0.010480	 -0.004806	 -0.021505	  0.011946	 -0.006123	  0.090283	  0.145281	 -0.021580	  0.007607	 -0.157024
  0.036539	 -0.010662	  0.012101	 -0.174931	  0.020798	 -0.011190	 -0.005033	 -0.012542	 -0.015526	 -0.026749	  0.075158	  0.130095	 -0.019686	  0.016931	 -0.131369
  0.024126	  0.004364	 -0.022392	 -0.172158	 -0.025789	 -0.005239	  0.017346	 -0.033368	 -0.033854	 -0.053029	  0.065686	  0.086591	 -0.029471	  0.042445	 -0.104978
  0.005827	 -0.010968	 -0.017626	 -0.144037	  0.006269	 -0.011738	  0.038925	 -0.036105	 -0.048905	 -0.078096	  0.063126	  0.073584	 -0.039494	  0.058427	 -0.091310
  0.012290	 -0.017257	 -0.010476	 -0.110536	  0.015969	 -0.018381	  0.035449	 -0.009674	 -0.071540	 -0.084415	  0.067782	  0.072452	 -0.032217	  0.074384	 -0.041746
  0.025948	  0.008586	  0.019904	 -0.089958	  0.019207	 -0.007341	  0.007949	  0.009608	 -0.078632	 -0.087482	  0.097398	  0.072998	 -0.005409	  0.082278	  0.011361
  0.037332	  0.021578	  0.030678	 -0.097245	  0.019725	  0.011314	 -0.000820	  0.040383	 -0.057563	 -0.047873	  0.100556	  0.075748	 -0.010030	  0.114376	  0.041344
  0.015943	  0.010797	  0.041887	 -0.098721	  0.006156	  0.000678	  0.009669	  0.053989	 -0.054556	 -0.011292	  0.106694	  0.082382	 -0.009441	  0.127090	  0.082819
 -0.007306	 -0.009462	  0.047362	 -0.085634	  0.020817	  0.001560	  0.009071	  0.029802	 -0.061675	  0.037498	  0.125539	  0.097108	  0.013120	  0.132902	  0.104057
 -0.014149	  0.003156	  0.052903	 -0.088070	  0.030331	  0.007969	  0.005373	  0.008516	 -0.046916	  0.085961	  0.148192	  0.109881	  0.027377	  0.142307	  0.147590
  0.004477	  0.011381	  0.046253	 -0.084693	  0.008610	  0.024099	  0.031463	 -0.001842	 -0.019660	  0.120470	  0.180668	  0.130283	  0.066889	  0.125094	  0.174796
 -0.000404	  0.028944	  0.034172	 -0.047778	 -0.006706	  0.021137	  0.059371	  0.019209	 -0.018614	  0.144332	  0.205132	  0.142755	  0.108686	  0.110823	  0.175873
 -0.020201	  0.047529	  0.049854	 -0.040308	 -0.024964	  0.043261	  0.100066	  0.046248	  0.020144	  0.171528	  0.207008	  0.171253	  0.109772	  0.113854	  0.161121
 -0.036962	  0.027026	  0.056028	 -0.043829	 -0.022537	  0.068770	  0.095819	  0.056020	  0.055887	  0.176466	  0.185886	  0.200186	  0.090063	  0.090960	  0.156164
 -0.066602	  0.001268	  0.038994	 -0.063981	 -0.006975	  0.098099	  0.124975	  0.070071	  0.066399	  0.174279	  0.192849	  0.193634	  0.073730	  0.055729	  0.143359
 -0.061787	 -0.001781	  0.015198	 -0.098544	  0.009028	  0.079543	  0.156499	  0.056176	  0.043154	  0.181056	  0.160942	  0.178025	  0.052948	  0.028558	  0.141187
 -0.065683	 -0.018436	  0.036279	 -0.113905	  0.026776	  0.078491	  0.139563	  0.062669	  0.048557	  0.158848	  0.161956	  0.140506	  0.034485	  0.003095	  0.141017
 -0.057317	 -0.010350	  0.054486	 -0.122477	  0.041242	  0.075262	  0.116072	  0.074244	  0.044791	  0.187054	  0.161149	  0.108521	  0.048611	  0.032075	  0.125579
 -0.039301	 -0.024974	  0.048234	 -0.108409	  0.073831	  0.079361	  0.121173	  0.090380	  0.052054	  0.191931	  0.154057	  0.073326	  0.066420	  0.060713	  0.108417
 -0.030446	 -0.064233	  0.048015	 -0.096749	  0.083485	  0.064242	  0.133630	  0.059884	  0.076848	  0.143742	  0.133117	  0.063579	  0.078131	  0.088992	  0.105835
  0.027968	 -0.068458	  0.026045	 -0.102939	  0.049972	  0.053202	  0.139496	  0.039764	  0.072826	  0.111490	  0.116020	  0.094849	  0.069186	  0.113981	  0.118338
  0.012562	 -0.068390	  0.000719	 -0.087663	  0.045525	  0.055855	  0.118179	  0.038365	  0.088268	  0.094441	  0.132898	  0.106404	  0.107695	  0.117736	  0.125679
  0.008471	 -0.039755	  0.022035	 -0.086307	  0.049426	  0.047279	  0.109189	  0.024244	  0.108535	  0.086914	  0.122291	  0.122405	  0.105105	  0.106430	  0.140386
  0.027327	 -0.017835	  0.033572	 -0.102918	  0.064932	  0.052133	  0.117828	  0.019525	  0.110848	  0.095946	  0.172839	  0.114521	  0.089500	  0.093680	  0.162382
  0.008312	 -0.006184	  0.042744	 -0.125986	  0.093404	  0.071159	  0.125007	  0.061587	  0.107350	  0.129107	  0.228271	  0.150606	  0.098459	  0.106400	  0.195976
  0.005933	 -0.024949	  0.048360	 -0.127089	  0.094988	  0.073500	  0.113255	  0.079887	  0.119205	  0.152806	  0.245679	  0.198014	  0.114254	  0.124191	  0.172579
 -0.043665	 -0.033414	  0.038957	 -0.127629	  0.046672	  0.047539	  0.086950	  0.096328	  0.127469	  0.156273	  0.255520	  0.227235	  0.134918	  0.121889	  0.172036
 -0.038830	 -0.024378	  0.063345	 -0.098478	  0.042176	  0.050776	  0.110718	  0.102384	  0.110261	  0.162244	  0.265732	  0.247465	  0.145457	  0.097440	  0.178367
 -0.022381	  0.002636	  0.087083	 -0.087256	  0.052932	  0.062137	  0.136328	  0.090127	  0.080558	  0.161310	  0.266912	  0.243931	  0.124229	  0.065591	  0.183621
 -0.008253	  0.013222	  0.086993	 -0.076716	  0.040193	  0.088697	  0.128138	  0.072093	  0.049282	  0.195512	  0.254134	  0.250559	  0.083826	  0.072579	  0.184446
 -0.011230	 -0.012389	  0.078684	 -0.057988	  0.050314	  0.084027	  0.126505	  0.069479	  0.028074	  0.195123	  0.249446	  0.235112	  0.065411	  0.076579	  0.187412
  0.011881	 -0.049455	  0.089653	 -0.065926	  0.042812	  0.072854	  0.105240	  0.081999	  0.018469	  0.193512	  0.249228	  0.204681	  0.053580	  0.091156	  0.197351
  0.031901	 -0.051348	  0.093643	 -0.096258	  0.058158	  0.049398	  0.088042	  0.082992	 -0.002778	  0.182172	  0.252832	  0.181309	  0.048492	  0.110251	  0.208262
  0.058929	 -0.011276	  0.088355	 -0.088246	  0.082619	  0.029081	  0.065822	  0.095350	 -0.015709	  0.155226	  0.260087	  0.196445	  0.053993	  0.122339	  0.229619
  0.076331	 -0.005064	  0.085356	 -0.082191	  0.078732	  0.005069	  0.057175	  0.086420	 -0.023527	  0.126986	  0.243389	  0.187766	  0.046274	  0.127060	  0.246259
  0.064483	 -0.005045	  0.078544	 -0.074963	  0.069698	  0.003645	  0.053722	  0.069211	 -0.037130	  0.121782	  0.231778	  0.144287	  0.068841	  0.128784	  0.291085
  0.059936	 -0.009151	  0.023476	 -0.065071	  0.050591	 -0.014722	  0.072620	  0.066790	 -0.022116	  0.121405	  0.185566	  0.158973	  0.061317	  0.148988	  0.326203
  0.053752	 -0.047921	 -0.012535	 -0.105775	  0.060705	 -0.056053	  0.072340	  0.049511	 -0.003613	  0.090221	  0.139399	  0.179329	  0.071716	  0.153761	  0.349719
  0.063641	 -0.036319	 -0.006236	 -0.104240	  0.054262	 -0.044550	  0.056615	  0.027067	  0.028507	  0.061919	  0.129896	  0.169568	  0.070038	  0.158143	  0.329759
  0.018387	 -0.015954	  0.013389	 -0.100390	  0.038993	 -0.056406	  0.046550	  0.034142	  0.039522	  0.034434	  0.127634	  0.134939	  0.053302	  0.150008	  0.292430
  0.012324	 -0.028492	  0.040966	 -0.092252	  0.017866	 -0.046113	  0.010498	  0.012432	  0.043356	  0.030412	  0.103906	  0.120497	  0.029991	  0.123815	  0.277797
  0.040058	 -0.016484	  0.039828	 -0.111457	  0.001558	 -0.054755	 -0.002606	  0.015857	  0.044563	  0.070051	  0.098025	  0.146748	  0.022860	  0.090261	  0.264418
  0.004414	 -0.001971	  0.026963	 -0.105883	  0.003223	 -0.030451	 -0.045032	  0.057835	  0.057152	  0.063314	  0.113564	  0.151295	 -0.005441	  0.075690	  0.242337
 -0.001089	  0.003158	  0.038466	 -0.073912	  0.016100	 -0.013151	 -0.055940	  0.063332	  0.047345	  0.067001	  0.146403	  0.136887	 -0.034658	  0.053133	  0.253085
  0.015806	  0.013373	  0.049910	 -0.051873	  0.035448	 -0.024820	 -0.061677	  0.026185	  0.052582	  0.056505	  0.147050	  0.124957	 -0.011838	  0.037338	  0.258320
  0.010144	  0.006069	  0.025082	 -0.061163	  0.069876	 -0.017341	 -0.048493	  0.046684	  0.036666	  0.048460	  0.158903	  0.121085	 -0.041405	  0.054239	  0.250891
 -0.012547	  0.011976	  0.022813	 -0.077098	  0.068771	 -0.003847	 -0.049450	  0.041889	  0.025541	  0.021760	  0.183351	  0.103794	 -0.051863	  0.051769	  0.242432
 -0.001661	  0.002007	  0.009655	 -0.041965	  0.087076	  0.005581	 -0.090280	  0.034352	  0.030858	 -0.003660	  0.174844	  0.108265	 -0.084206	  0.036746	  0.237418
  0.013121	 -0.008093	  0.017091	 -0.038177	  0.117730	  0.007940	 -0.102783	  0.065177	  0.011566	 -0.008427	  0.203363	  0.109058	 -0.114434	  0.037214	  0.206328
 -0.006879	  0.018415	  0.031664	 -0.057994	  0.108780	 -0.009712	 -0.083021	  0.082602	  0.008297	 -0.029840	  0.205362	  0.087552	 -0.121312	  0.032746	  0.176442
 -0.011385	  0.054349	  0.043984	 -0.042369	  0.094811	 -0.019758	 -0.073450	  0.072051	  0.016443	 -0.016048	  0.175749	  0.053872	 -0.093200	  0.047028	  0.163030
  0.001179	  0.061008	  0.036896	 -0.061541	  0.091713	 -0.018240	 -0.084091	  0.075873	  0.007019	  0.013573	  0.145795	  0.084617	 -0.068151	  0.069428	  0.125326
  0.007646	  0.030383	  0.016832	 -0.114521	  0.076272	 -0.058260	 -0.084201	  0.085504	 -0.029118	  0.007188	  0.149785	  0.085072	 -0.060018	  0.060957	  0.103518
  0.017606	 -0.020309	  0.041055	 -0.128811	  0.046175	 -0.098746	 -0.082153	  0.089775	 -0.039717	  0.043870	  0.131571	  0.071478	 -0.067412	  0.016780	  0.074548
  0.020095	 -0.006237	  0.038257	 -0.128598	  0.025336	 -0.108255	 -0.086701	  0.063351	 -0.018573	  0.055172	  0.126954	  0.083836	 -0.067463	 -0.000979	  0.088014
  0.028653	  0.010389	  0.050150	 -0.111647	  0.026104	 -0.095742	 -0.063631	  0.026680	 -0.035109	  0.082438	  0.146940	  0.113074	 -0.060984	  0.003513	  0.123813
  0.062489	  0.003498	  0.059187	 -0.091139	  0.028081	 -0.072498	 -0.045976	  0.027210	 -0.025460	  0.106467	  0.161454	  0.119259	 -0.040160	  0.041265	  0.130825
  0.092581	 -0.018963	  0.081339	 -0.061074	  0.032130	 -0.009303	 -0.075370	  0.008729	 -0.022863	  0.074532	  0.150268	  0.111840	  0.018414	  0.070999	  0.137840
  0.073124	 -0.032847	  0.044384	 -0.039786	  0.060651	 -0.008827	 -0.100391	 -0.006470	 -0.030810	  0.102392	  0.132332	  0.123811	  0.029052	  0.125285	  0.147631
  0.037489	 -0.029917	  0.036655	 -0.027253	  0.089190	 -0.030062	 -0.087526	 -0.028462	 -0.024291	  0.112392	  0.113148	  0.125558	  0.051932	  0.155832	  0.133669
  0.069810	 -0.053541	  0.050143	 -0.021195	  0.095540	 -0.031764	 -0.071277	 -0.036060	 -0.017769	  0.099224	  0.097789	  0.104038	  0.066941	  0.176778	  0.133740
  0.089885	 -0.066494	  0.028690	 -0.020742	  0.091747	 -0.033137	 -0.099848	 -0.040987	 -0.015699	  0.107732	  0.119017	  0.071606	  0.047743	  0.218620	  0.143185
  0.082610	 -0.078082	  0.037125	 -0.024107	  0.094193	 -0.020936	 -0.095285	 -0.044456	 -0.009951	  0.100108	  0.143807	  0.060997	  0.024845	  0.245496	  0.155022
  0.066177	 -0.062249	  0.015328	 -0.030867	  0.099005	 -0.022853	 -0.072991	 -0.026954	 -0.018297	  0.089279	  0.158595	  0.045680	  0.011566	  0.229262	  0.163965
  0.081535	 -0.043994	  0.000572	 -0.017483	  0.100607	 -0.009743	 -0.060285	 -0.044432	 -0.011528	  0.122502	  0.135486	  0.062121	  0.051917	  0.202830	  0.157716
  0.065976	 -0.039344	 -0.006891	 -0.012047	  0.094359	 -0.019809	 -0.050837	 -0.066105	  0.003610	  0.140915	  0.125258	  0.077406	  0.075272	  0.197897	  0.181986
  0.070010	 -0.042670	 -0.005856	 -0.020457	  0.077120	 -0.027061	 -0.061999	 -0.072841	  0.006219	  0.107600	  0.107168	  0.097068	  0.095945	  0.191842	  0.213399
  0.072407	 -0.062051	  0.037566	  0.001430	  0.078608	 -0.013053	 -0.050476	 -0.087438	  0.017930	  0.076042	  0.125914	  0.130178	  0.130930	  0.157189	  0.198794
  0.065349	 -0.054647	  0.022367	 -0.000122	  0.093201	 -0.005680	 -0.052481	 -0.105225	  0.043279	  0.060810	  0.150088	  0.160672	  0.136849	  0.153341	  0.185339
 -0.013352	 -0.021363	 -0.040475	  0.013651	 -0.010067	 -0.026152	  0.010455	 -0.002797	 -0.029335	 -0.038607	 -0.050418	  0.022140	  0.049596	 -0.026896	 -0.076568
 -0.000811	 -0.010942	 -0.012070	  0.005509	 -0.004475	 -0.019717	  0.000833	  0.003474	 -0.007868	 -0.058643	 -0.056072	  0.027580	  0.038166	 -0.033073	 -0.069053
 -0.012498	  0.009203	  0.004657	  0.004741	 -0.015671	 -0.018046	 -0.021836	  0.018617	  0.024755	 -0.057848	 -0.046878	  0.007046	  0.041258	 -0.034818	 -0.034738
 -0.028789	 -0.013770	  0.022920	  0.035103	 -0.006217	  0.006572	 -0.026108	  0.030179	  0.015880	 -0.023422	 -0.035722	  0.015071	  0.043329	 -0.042736	 -0.023186
 -0.008160	 -0.039927	  0.028241	  0.003370	  0.007333	  0.050335	 -0.007787	  0.011453	 -0.038597	 -0.016306	 -0.042371	  0.017954	  0.010704	 -0.046113	 -0.025176
 -0.021230	 -0.034971	  0.016801	  0.010531	  0.016283	  0.055633	  0.013178	  0.015920	 -0.049122	  0.000453	 -0.035717	  0.037485	 -0.027012	 -0.059044	 -0.008807
 -0.042621	 -0.025881	  0.024089	  0.015679	 -0.005895	  0.038172	  0.026665	  0.005346	 -0.031039	 -0.005885	 -0.065498	  0.041000	 -0.024338	 -0.046704	 -0.020619
 -0.009742	 -0.013041	  0.032409	 -0.005218	 -0.016408	  0.036025	  0.020182	 -0.024095	  0.007089	  0.008840	 -0.060571	  0.022748	  0.004871	 -0.035569	  0.015803
 -0.001350	  0.004575	  0.035892	 -0.009308	 -0.012564	  0.028418	  0.002469	 -0.026098	  0.054105	  0.037280	 -0.102532	  0.014581	  0.008858	 -0.011108	  0.014442
  0.002882	  0.000479	  0.030250	  0.002820	 -0.001069	  0.000132	 -0.007362	 -0.010920	  0.035978	  0.057930	 -0.066374	  0.007304	  0.003910	  0.011717	 -0.008693
 -0.011167	  0.004910	  0.017285	  0.004040	 -0.004338	  0.023415	 -0.019437	 -0.014109	  0.021219	  0.094430	 -0.015114	 -0.027618	  0.003652	  0.018941	 -0.015417
 -0.012793	  0.014352	 -0.009916	  0.009840	 -0.010987	  0.024917	 -0.039198	  0.006344	  0.012553	  0.102794	  0.026470	 -0.047426	 -0.005563	 -0.011050	 -0.001742
 -0.002393	  0.006268	 -0.009367	  0.022412	 -0.017891	  0.005963	 -0.020996	  0.011912	  0.015213	  0.055625	  0.050431	 -0.055834	 -0.018895	 -0.004357	 -0.008902
  0.026904	  0.026669	  0.015611	  0.005936	  0.006200	 -0.017218	 -0.008603	  0.006414	  0.012161	  0.006717	  0.074675	 -0.062562	 -0.004646	  0.037389	 -0.019744
  0.008623	  0.036458	  0.015914	 -0.005077	  0.006012	 -0.050373	  0.009418	  0.023995	  0.019591	 -0.013163	  0.067109	 -0.051193	  0.011331	  0.048464	 -0.005090
  0.015042	  0.028936	 -0.014659	 -0.013396	 -0.000634	 -0.061455	  0.029312	  0.001158	  0.016674	 -0.027826	  0.109300	 -0.054303	  0.015132	  0.040487	  0.027179
  0.015338	  0.030390	 -0.046005	 -0.016433	 -0.019517	 -0.044338	  0.010260	 -0.025987	  0.001142	 -0.043298	  0.101910	 -0.051086	 -0.011895	  0.049047	  0.057132
  0.029423	  0.030400	 -0.041875	 -0.011959	 -0.011384	 -0.019310	  0.009417	 -0.032229	 -0.020819	 -0.038283	  0.067148	  0.010469	 -0.028503	  0.055951	  0.086594
  0.041515	 -0.004180	 -0.037453	 -0.029790	  0.030229	 -0.007175	  0.005963	 -0.007605	 -0.041169	 -0.019090	  0.053053	  0.071618	 -0.035030	  0.047173	  0.070589
  0.025179	 -0.028567	 -0.032248	 -0.042450	  0.071061	 -0.005799	  0.013176	  0.009028	 -0.018413	 -0.021700	  0.027171	  0.055026	 -0.074925	  0.042300	  0.045997
  0.011200	 -0.040220	 -0.045577	 -0.017252	  0.072189	 -0.017340	  0.044428	  0.011518	 -0.020886	 -0.029140	  0.001226	  0.045781	 -0.096305	  0.040390	  0.009135
  0.016339	 -0.063902	 -0.023923	 -0.016379	  0.040984	 -0.037975	  0.072641	 -0.004781	 -0.058219	 -0.032744	 -0.014800	  0.075776	 -0.123684	  0.037430	 -0.030113
  0.008425	 -0.071960	  0.021959	 -0.037801	  0.017548	 -0.026250	  0.067915	  0.005167	 -0.079360	 -0.018552	 -0.021019	  0.109734	 -0.138433	  0.036816	 -0.060123
  0.013390	 -0.081559	  0.032988	 -0.034090	  0.029782	 -0.010991	  0.032889	 -0.013836	 -0.086136	 -0.027596	 -0.053663	  0.082485	 -0.112376	  0.033353	 -0.117734
  0.006431	 -0.050300	  0.019401	 -0.014630	  0.041686	 -0.009812	  0.040032	  0.000962	 -0.084835	 -0.008432	 -0.054205	  0.061567	 -0.097561	  0.018953	 -0.133271
  0.012254	 -0.027846	  0.016873	 -0.023023	  0.010156	 -0.003666	  0.032297	 -0.000458	 -0.080690	 -0.004494	 -0.076720	  0.061044	 -0.112513	 -0.008705	 -0.127144
  0.039552	 -0.008496	  0.026578	 -0.050378	 -0.002018	  0.008305	  0.064496	 -0.004377	 -0.074123	 -0.006759	 -0.073562	  0.041398	 -0.105434	 -0.008661	 -0.101086
  0.059170	  0.012611	  0.008438	 -0.057729	  0.023512	  0.011628	  0.064160	 -0.015843	 -0.080003	 -0.004109	 -0.086221	  0.024298	 -0.081940	 -0.024847	 -0.072375
  0.085600	  0.025475	 -0.001988	 -0.050937	  0.029595	  0.030710	  0.053053	 -0.001453	 -0.075305	 -0.012304	 -0.096568	  0.039603	 -0.056689	 -0.049378	 -0.064796
  0.081132	  0.004905	  0.009945	 -0.057820	  0.022114	  0.023187	  0.059856	  0.000710	 -0.084000	 -0.006488	 -0.096073	  0.015999	 -0.028041	 -0.057990	 -0.078369
  0.070526	  0.018570	  0.019932	 -0.059220	  0.005783	  0.022559	  0.078717	 -0.010462	 -0.105842	 -0.002657	 -0.100877	 -0.005862	 -0.011295	 -0.025280	 -0.085237
  0.056966	  0.012948	 -0.000067	 -0.075119	  0.050114	  0.046381	  0.091715	 -0.000994	 -0.106641	  0.018221	 -0.091576	 -0.037269	  0.003521	 -0.007360	 -0.075767
  0.067689	  0.027424	 -0.027681	 -0.044921	  0.046423	  0.056968	  0.092372	  0.010910	 -0.114532	  0.029907	 -0.082354	 -0.060967	  0.002903	  0.009316	 -0.097598
  0.080621	  0.019202	 -0.029819	 -0.030774	  0.040380	  0.036784	  0.064042	  0.039137	 -0.141388	  0.030306	 -0.089922	 -0.081329	  0.012284	  0.037043	 -0.100209
  0.044789	  0.034514	 -0.006810	 -0.031818	  0.018008	  0.029963	  0.045512	  0.016913	 -0.141694	  0.039034	 -0.088812	 -0.057526	  0.028175	  0.040089	 -0.126639
  0.028212	  0.057179	  0.004773	  0.006152	  0.022565	  0.021050	  0.046176	  0.031073	 -0.105712	  0.034807	 -0.113238	 -0.025855	  0.021241	  0.050677	 -0.124272
  0.019544	  0.063063	 -0.025284	  0.013376	  0.026157	  0.001884	  0.055088	  0.017441	 -0.080920	  0.013629	 -0.118727	 -0.045724	  0.031672	  0.071826	 -0.131612
  0.028675	  0.058984	 -0.035157	  0.042165	  0.049759	  0.017531	  0.074233	  0.018194	 -0.037862	 -0.034349	 -0.122599	 -0.016783	  0.015633	  0.114228	 -0.111010
  0.040020	  0.081502	 -0.024690	  0.049809	  0.071976	  0.022072	  0.066126	  0.041689	  0.001530	 -0.063139	 -0.125711	 -0.018657	 -0.020999	  0.160939	 -0.102464
  0.018292	  0.070852	 -0.041425	  0.039535	  0.059926	  0.046688	  0.063160	  0.024648	 -0.015093	 -0.072006	 -0.148905	 -0.008685	 -0.046135	  0.186484	 -0.111192
 -0.002511	  0.063230	 -0.062517	  0.014254	  0.070274	  0.054851	  0.064560	  0.014907	 -0.031858	 -0.027726	 -0.141857	 -0.015844	 -0.072739	  0.202552	 -0.080269
 -0.009398	  0.107757	 -0.057977	  0.000551	  0.063090	  0.011248	  0.083322	  0.031533	 -0.014137	  0.012625	 -0.110208	 -0.010619	 -0.073346	  0.197280	 -0.057190
 -0.008603	  0.105525	 -0.045419	  0.007970	  0.041094	 -0.006782	  0.099023	  0.033123	 -0.016991	  0.000685	 -0.101042	  0.026759	 -0.083362	  0.193241	 -0.085412
 -0.025746	  0.110622	 -0.046593	  0.022645	  0.024762	  0.004559	  0.083821	 -0.007010	 -0.032940	  0.001432	 -0.087916	  0.058416	 -0.094598	  0.177705	 -0.077710
 -0.039953	  0.086354	 -0.070790	  0.029667	  0.010175	  0.006435	  0.071157	 -0.042379	 -0.060775	  0.011766	 -0.066355	  0.037940	 -0.075896	  0.172121	 -0.057771
 -0.018242	  0.100338	 -0.066735	  0.018313	  0.020070	  0.018708	  0.057415	 -0.029658	 -0.069664	  0.021795	 -0.061095	  0.019790	 -0.057548	  0.147734	 -0.026002
 -0.018002	  0.108243	 -0.061209	  0.009405	  0.032300	  0.016397	  0.029718	 -0.026617	 -0.098401	  0.047316	 -0.090391	  0.058077	 -0.042933	  0.083238	 -0.035309
 -0.023133	  0.121023	 -0.061609	  0.016678	  0.023331	  0.008306	  0.026863	 -0.042721	 -0.102178	  0.065285	 -0.098455	  0.060288	 -0.032871	  0.024043	 -0.019113
 -0.028937	  0.115164	 -0.074927	  0.005728	  0.029447	  0.018762	  0.031771	 -0.076818	 -0.093515	  0.072333	 -0.111850	  0.045235	 -0.048681	  0.007045	 -0.002467
 -0.015081	  0.099952	 -0.030043	 -0.011156	  0.009675	 -0.005080	  0.025720	 -0.072700	 -0.096556	  0.085928	 -0.086117	  0.047993	 -0.045729	 -0.001657	 -0.023955
  0.007909	  0.089750	  0.001749	 -0.041100	 -0.013963	  0.011982	  0.024521	 -0.057691	 -0.099745	  0.068146	 -0.057772	  0.073082	 -0.079330	 -0.018359	 -0.017048
  0.013450	  0.069931	 -0.020045	 -0.052771	  0.009069	  0.009943	  0.030874	 -0.050930	 -0.093300	  0.046608	 -0.033623	  0.017477	 -0.077660	 -0.029460	  0.003337
  0.016269	  0.059537	 -0.016389	 -0.057557	  0.000502	  0.014362	  0.038443	 -0.038114	 -0.067576	  0.015964	 -0.015702	  0.004844	 -0.074124	 -0.013777	  0.020447
  0.007473	  0.031992	 -0.034395	 -0.092792	  0.002675	 -0.006752	  0.037429	 -0.047386	 -0.031202	 -0.004699	 -0.013064	  0.015013	 -0.096456	 -0.025386	  0.003212
 -0.022824	  0.035379	 -0.013725	 -0.082261	 -0.010667	 -0.018317	  0.064933	 -0.039705	 -0.001607	  0.006227	  0.028604	  0.000645	 -0.093991	 -0.021660	 -0.001375
 -0.048379	  0.052306	  0.002665	 -0.058216	 -0.019428	 -0.017437	  0.072955	 -0.036685	  0.025798	  0.014413	  0.050898	 -0.004966	 -0.105698	 -0.051897	 -0.003866
 -0.052471	  0.061765	 -0.022840	 -0.033864	 -0.004911	 -0.015015	  0.070826	 -0.040217	  0.025028	 -0.001060	  0.040583	 -0.006180	 -0.101857	 -0.057195	  0.028534
 -0.025638	  0.113378	 -0.027247	 -0.002289	 -0.017654	 -0.009105	  0.075561	 -0.049303	  0.028096	 -0.020929	  0.022875	 -0.017914	 -0.097949	 -0.049629	  0.049145
 -0.017875	  0.155439	 -0.030706	  0.007051	 -0.021606	 -0.036088	  0.101653	 -0.049249	  0.023183	 -0.008055	  0.015259	 -0.020907	 -0.076474	 -0.054585	  0.047724
 -0.029936	  0.170473	 -0.020282	  0.002243	 -0.029978	 -0.044466	  0.114429	 -0.056877	 -0.011534	 -0.034906	  0.036887	 -0.026889	 -0.085814	 -0.052286	  0.023194
 -0.047761	  0.155821	 -0.009787	 -0.015468	 -0.027652	 -0.017346	  0.088614	 -0.079371	 -0.034476	 -0.103373	  0.043098	 -0.027155	 -0.085151	 -0.034731	 -0.019572
 -0.054321	  0.101615	 -0.020150	 -0.038219	 -0.034669	 -0.012078	  0.060590	 -0.088454	 -0.008649	 -0.087489	  0.037826	 -0.013674	 -0.071219	 -0.010824	 -0.073814
 -0.051021	  0.088900	 -0.003762	 -0.056522	 -0.023174	 -0.013985	  0.062974	 -0.060909	 -0.005608	 -0.067062	  0.002727	  0.004796	 -0.051117	  0.003560	 -0.097559
 -0.047455	  0.112763	 -0.003518	 -0.059856	 -0.023971	  0.028702	  0.068848	 -0.023957	 -0.014343	 -0.073165	  0.000023	 -0.006334	 -0.037216	  0.000050	 -0.109922
 -0.037030	  0.087913	  0.005392	 -0.070715	 -0.015085	  0.066841	  0.062351	 -0.032867	 -0.028995	 -0.081540	 -0.023697	 -0.063192	 -0.002969	 -0.004874	 -0.093560
 -0.017167	  0.071052	 -0.000195	 -0.063618	 -0.001292	  0.097327	  0.052637	 -0.054737	 -0.042978	 -0.065363	 -0.048818	 -0.059586	  0.032315	 -0.003455	 -0.083467
 -0.003921	  0.080482	 -0.000338	 -0.054095	 -0.013808	  0.098382	  0.062911	 -0.039408	 -0.033058	 -0.055424	 -0.070487	 -0.027741	  0.029093	 -0.014895	 -0.100649
  0.002046	  0.072563	 -0.042228	 -0.041906	 -0.022110	  0.085477	  0.100501	 -0.027439	 -0.058794	 -0.019638	 -0.050005	 -0.032970	  0.033809	  0.007242	 -0.132318
  0.021375	  0.030753	 -0.042681	 -0.051098	 -0.001770	  0.073051	  0.092143	 -0.011307	 -0.073330	  0.011483	 -0.027191	 -0.045584	  0.036982	  0.019053	 -0.131183
  0.005076	  0.035403	 -0.044895	 -0.042904	 -0.008302	  0.029324	  0.054474	 -0.026205	 -0.029150	  0.071724	 -0.019263	 -0.034649	  0.045207	  0.021318	 -0.108431
  0.011136	  0.046411	 -0.032906	 -0.035865	 -0.010196	 -0.011899	  0.037754	 -0.036376	 -0.017268	  0.079949	 -0.004117	 -0.048918	  0.038164	  0.028953	 -0.119603
  0.004025	  0.038248	 -0.014433	 -0.037058	  0.009384	 -0.030894	  0.018679	 -0.021597	 -0.037520	  0.095178	  0.007715	 -0.077399	 -0.007024	 -0.009885	 -0.080703
  0.022164	  0.039640	 -0.011470	 -0.003913	  0.014250	 -0.040243	  0.016196	 -0.029385	 -0.014423	  0.120675	 -0.002406	 -0.086870	  0.007848	 -0.015703	 -0.053006
  0.018787	  0.056747	 -0.010356	  0.013521	  0.007651	 -0.017690	  0.018776	 -0.010770	 -0.057021	  0.120713	 -0.025801	 -0.105153	 -0.010444	 -0.017906	 -0.036055
  0.001835	  0.079939	 -0.008521	  0.004177	 -0.018034	 -0.013131	  0.035597	  0.001681	 -0.056333	  0.154167	 -0.035257	 -0.116524	 -0.015294	  0.001902	  0.003528
 -0.017953	  0.075049	  0.004952	  0.006830	 -0.042459	  0.007196	  0.055998	 -0.010056	 -0.038393	  0.141130	 -0.052908	 -0.123512	 -0.028358	  0.031218	  0.024955
 -0.055185	  0.078429	 -0.036063	 -0.001279	 -0.011944	  0.018783	  0.069542	 -0.010231	 -0.016447	  0.110125	 -0.046616	 -0.103910	 -0.049704	  0.028318	  0.027886
 -0.025480	  0.062419	 -0.055831	 -0.002771	 -0.004419	  0.037589	  0.060110	  0.024646	 -0.002663	  0.092081	 -0.063587	 -0.091017	 -0.042434	  0.033893	  0.034864
 -0.023034	  0.094152	 -0.079650	  0.006996	 -0.024632	  0.061738	  0.027642	  0.011173	 -0.001610	  0.116080	 -0.110145	 -0.056633	 -0.067529	  0.032187	  0.042400
 -0.022712	  0.100190	 -0.125735	 -0.021700	 -0.017505	  0.039563	  0.035631	 -0.012218	 -0.022472	  0.088888	 -0.133281	 -0.054053	 -0.086723	  0.055802	  0.063416
 -0.021990	  0.074942	 -0.129066	 -0.053136	 -0.047317	  0.045713	  0.042062	 -0.012459	 -0.036368	  0.074465	 -0.166004	 -0.018749	 -0.105374	  0.042085	  0.064455
  0.018356	  0.079371	 -0.107762	 -0.078413	 -0.016295	  0.098920	  0.019401	 -0.003109	 -0.037954	  0.070746	 -0.136830	  0.016480	 -0.100719	  0.041282	  0.083407
  0.032492	  0.078720	 -0.089435	 -0.060858	  0.013546	  0.093383	  0.023407	  0.008373	 -0.053767	  0.063628	 -0.094827	  0.041914	 -0.093348	  0.029991	  0.107461
  0.038027	  0.080400	 -0.080655	 -0.032554	  0.034234	  0.070863	  0.026205	  0.020317	 -0.040415	  0.060404	 -0.085058	  0.025081	 -0.070798	 -0.004692	  0.100619
  0.032710	  0.080222	 -0.091072	 -0.029150	  0.051192	  0.053590	  0.051971	 -0.006197	 -0.035221	  0.073459	 -0.077367	  0.051872	 -0.067375	 -0.013759	  0.101170
  0.034250	  0.084689	 -0.137846	 -0.006573	  0.055503	  0.052014	  0.050695	 -0.028496	 -0.037006	  0.089284	 -0.055929	  0.055385	 -0.066964	  0.013387	  0.048909
  0.026759	  0.064158	 -0.123929	 -0.000564	  0.048088	  0.061649	  0.020560	 -0.035105	 -0.035651	  0.122612	 -0.060634	  0.044423	 -0.068752	 -0.000167	  0.015909
  0.032445	  0.067180	 -0.093950	 -0.038591	  0.034635	  0.048770	  0.019161	 -0.004053	 -0.022294	  0.118946	 -0.066981	  0.045259	 -0.094904	  0.030834	  0.016810
  0.041600	  0.067118	 -0.075720	 -0.077644	  0.035300	  0.055191	  0.013191	  0.013773	 -0.014484	  0.112383	 -0.071447	  0.033610	 -0.070390	  0.022912	  0.019671
  0.038718	  0.058507	 -0.047629	 -0.103644	  0.034199	  0.055005	 -0.008773	  0.008247	 -0.011166	  0.090681	 -0.069470	  0.035895	 -0.044742	  0.008187	 -0.010384
  0.025567	  0.060296	 -0.040477	 -0.108205	  0.080347	  0.033961	 -0.008050	  0.004391	 -0.018532	  0.086455	 -0.073258	  0.037805	 -0.044801	  0.007035	  0.002092
  0.002940	  0.056701	 -0.069145	 -0.118610	  0.117220	  0.038871	 -0.016987	  0.001576	 -0.002466	  0.091781	 -0.083269	  0.061283	 -0.043084	  0.042511	 -0.009724
 -0.013616	  0.060854	 -0.082959	 -0.136292	  0.108142	  0.024462	 -0.016081	 -0.010087	  0.022447	  0.074812	 -0.061461	  0.041373	 -0.049134	  0.040165	 -0.012594
 -0.023551	  0.048968	 -0.064837	 -0.122764	  0.106697	  0.046491	  0.008646	 -0.030051	  0.006946	  0.046651	 -0.053823	  0.040234	 -0.069189	  0.013818	 -0.006278
 -0.014355	  0.072500	 -0.053245	 -0.119416	  0.105320	  0.038355	  0.054031	 -0.045934	 -0.043557	  0.061173	 -0.021725	  0.017017	 -0.077435	 -0.004364	 -0.025479
 -0.018697	  0.114609	 -0.076284	 -0.128357	  0.097434	  0.036794	  0.061073	 -0.060577	 -0.050994	  0.070133	  0.009744	  0.002941	 -0.058553	 -0.023400	 -0.034377
 -0.029623	  0.106133	 -0.085968	 -0.122546	  0.062260	  0.037546	  0.086156	 -0.063435	 -0.020585	  0.079029	 -0.002238	  0.039769	 -0.042748	 -0.048374	 -0.012226
 -0.059513	  0.115447	 -0.063925	 -0.118411	  0.037167	  0.017308	  0.108200	 -0.074386	 -0.031835	  0.093031	 -0.010430	  0.081708	 -0.059584	 -0.059926	 -0.015110
 -0.081181	  0.129349	 -0.092718	 -0.094556	  0.039250	  0.030576	  0.105822	 -0.071114	 -0.051925	  0.117727	  0.007068	  0.082707	 -0.053855	 -0.075476	 -0.006269
 -0.074115	  0.121162	 -0.109353	 -0.091939	  0.053635	  0.032352	  0.134234	 -0.052105	 -0.050639	  0.110922	  0.008176	  0.067960	 -0.071387	 -0.101382	  0.026550
 -0.035978	  0.091979	 -0.117501	 -0.120291	  0.066203	  0.001118	  0.155022	 -0.044339	 -0.065900	  0.096176	 -0.002979	  0.039807	 -0.084566	 -0.117464	  0.040956
 -0.031487	  0.078679	 -0.116163	 -0.124125	  0.081011	  0.007542	  0.157996	 -0.037489	 -0.040155	  0.051175	  0.023238	  0.031988	 -0.109209	 -0.120850	  0.024235
 -0.022224	  0.060708	 -0.096061	 -0.110144	  0.064091	  0.022357	  0.147760	 -0.014585	 -0.040157	  0.039134	  0.041950	  0.011532	 -0.103085	 -0.106900	  0.032905
 -0.011937	  0.052708	 -0.058872	 -0.083245	  0.040521	  0.032707	  0.121127	 -0.039116	 -0.040432	  0.070480	  0.021444	 -0.007659	 -0.095847	 -0.077013	  0.057806
 -0.018735	  0.090299	 -0.061703	 -0.072482	  0.028561	  0.020812	  0.114245	 -0.063881	 -0.027598	  0.086327	 -0.002175	  0.000490	 -0.053120	 -0.073060	  0.070856
 -0.009248	  0.090324	 -0.053635	 -0.092929	  0.029759	  0.016682	  0.099107	 -0.060219	 -0.008797	  0.098930	 -0.000034	  0.002276	 -0.042248	 -0.060750	  0.079567
 -0.005218	  0.074994	 -0.065078	 -0.087888	  0.010420	  0.020723	  0.070497	 -0.041211	 -0.024012	  0.083392	 -0.021967	  0.023272	 -0.055059	 -0.048440	  0.080129
  0.018750	  0.075016	 -0.093947	 -0.067469	 -0.003584	  0.028316	  0.043651	 -0.021373	 -0.031581	  0.062308	 -0.039815	  0.009121	 -0.059393	 -0.030524	  0.065288
  0.014706	  0.078553	 -0.087348	 -0.093553	 -0.002581	  0.034705	  0.044521	 -0.019614	 -0.015081	  0.032212	 -0.053380	 -0.005578	 -0.033034	 -0.029197	  0.047629
 -0.006478	  0.082592	 -0.078143	 -0.108509	  0.000937	  0.033530	  0.062179	 -0.002750	 -0.018150	  0.021657	 -0.049507	 -0.045625	 -0.009061	 -0.045114	  0.045078
 -0.010606	  0.073018	 -0.098008	 -0.104905	  0.042557	  0.002142	  0.055242	 -0.032323	 -0.045552	  0.034206	 -0.039185	 -0.076582	  0.000902	 -0.033402	  0.081545
 -0.019731	  0.050470	 -0.118241	 -0.116242	  0.043557	 -0.005704	  0.035042	 -0.066708	 -0.034222	  0.038799	 -0.043322	 -0.081126	  0.000227	 -0.036657	  0.062125
 -0.023535	  0.027452	 -0.121992	 -0.118998	  0.033673	 -0.013073	  0.015524	 -0.054503	 -0.051642	  0.038642	 -0.063926	 -0.087237	  0.009927	 -0.042603	  0.040396
 -0.039883	  0.013008	 -0.112503	 -0.112988	  0.028100	  0.020088	  0.009114	 -0.032918	 -0.088097	  0.066652	 -0.093776	 -0.055795	  0.027939	 -0.026147	  0.020687
 -0.018768	  0.009636	 -0.076528	 -0.078848	  0.023689	  0.024984	 -0.008601	 -0.020815	 -0.095182	  0.050992	 -0.083040	 -0.032010	  0.031368	 -0.016069	 -0.010201
 -0.034517	  0.006621	 -0.062157	 -0.075703	  0.001709	 -0.011806	 -0.008850	 -0.006216	 -0.081895	  0.059188	 -0.031611	 -0.007942	  0.028985	 -0.018930	 -0.011398
 -0.022055	  0.022955	 -0.073421	 -0.066703	  0.002833	 -0.009596	 -0.000147	 -0.021317	 -0.068649	  0.107157	 -0.039930	  0.001211	  0.021162	  0.016763	 -0.022376
 -0.016844	  0.042519	 -0.073930	 -0.091957	 -0.004613	 -0.035586	  0.017753	 -0.058499	 -0.055263	  0.120351	 -0.044962	  0.002900	  0.030160	  0.030640	 -0.017503
 -0.018614	  0.070343	 -0.058139	 -0.117749	  0.016545	 -0.067109	  0.057597	 -0.035171	 -0.032105	  0.138892	 -0.048377	 -0.013438	  0.012078	  0.041974	 -0.010050
  0.005160	  0.077812	 -0.045068	 -0.097143	  0.030147	 -0.056119	  0.069714	 -0.019356	 -0.050232	  0.130902	 -0.043530	 -0.009470	  0.001471	  0.055488	  0.006658
  0.012316	  0.062552	 -0.033784	 -0.086099	  0.049542	 -0.044629	  0.082901	 -0.007716	 -0.055780	  0.123107	 -0.036425	  0.004576	 -0.007922	  0.045474	  0.041102
 -0.026693	  0.034126	 -0.028972	 -0.090990	  0.040897	 -0.040208	  0.103859	  0.004840	 -0.067409	  0.129124	 -0.017648	  0.006617	 -0.036640	  0.012033	  0.056684
 -0.034669	  0.006383	 -0.061340	 -0.103964	  0.010494	 -0.025921	  0.091758	  0.010970	 -0.074504	  0.114463	 -0.002259	 -0.021837	 -0.063789	  0.013081	  0.036102
 -0.028260	  0.000017	 -0.087906	 -0.090060	  0.021851	 -0.015588	  0.108247	  0.009817	 -0.052905	  0.094821	 -0.025223	 -0.042527	 -0.036209	  0.012650	  0.018280
 -0.026008	  0.014867	 -0.115842	 -0.087969	  0.027356	 -0.014839	  0.106673	  0.039183	 -0.064894	  0.077288	 -0.004050	 -0.023789	 -0.007997	 -0.015008	  0.017200
 -0.012226	  0.025834	 -0.128216	 -0.108668	  0.060697	  0.001823	  0.109770	  0.048681	 -0.068108	  0.071898	  0.010527	 -0.019151	  0.017281	 -0.026252	  0.024839
 -0.038948	  0.000545	 -0.113808	 -0.143921	  0.084718	  0.030677	  0.113777	  0.060954	 -0.054068	  0.105676	  0.010495	 -0.029793	  0.016428	 -0.036360	  0.019939
 -0.029005	 -0.018954	 -0.080964	 -0.149742	  0.095028	  0.025331	  0.117920	  0.071754	 -0.042526	  0.130938	  0.006970	 -0.051605	  0.045321	 -0.032644	  0.034493
 -0.039032	 -0.008172	 -0.075916	 -0.147465	  0.090406	  0.024593	  0.091688	  0.082790	 -0.031208	  0.097102	  0.005410	 -0.075806	  0.071914	 -0.034345	  0.048194
 -0.043946	 -0.004625	 -0.063365	 -0.163984	  0.098832	  0.048471	  0.076100	  0.096917	 -0.011853	  0.111384	  0.004575	 -0.090272	  0.079413	 -0.065644	  0.035520
 -0.032905	  0.009620	 -0.056157	 -0.140010	  0.095543	  0.079871	  0.054069	  0.107057	 -0.038332	  0.121728	  0.019636	 -0.093199	  0.075944	 -0.064802	  0.041064
 -0.011567	  0.030068	 -0.062263	 -0.126457	  0.106042	  0.071142	  0.052129	  0.054151	 -0.045382	  0.150272	  0.031050	 -0.096488	  0.075854	 -0.050993	  0.057573
 -0.016956	  0.038075	 -0.075369	 -0.109546	  0.091390	  0.049956	  0.038133	  0.022030	 -0.062551	  0.151335	  0.032528	 -0.090064	  0.059671	 -0.052471	  0.067024
 -0.016002	  0.029552	 -0.097266	 -0.113900	  0.064086	  0.021113	  0.059097	 -0.001604	 -0.090357	  0.131748	  0.028263	 -0.060587	  0.054065	 -0.051603	  0.087403
 -0.017410	  0.002871	 -0.143649	 -0.091461	  0.057735	  0.017568	  0.078393	 -0.011594	 -0.095964	  0.096816	  0.013083	 -0.023949	  0.032541	 -0.054038	  0.091931
 -0.033716	  0.033380	 -0.126676	 -0.062844	  0.070453	  0.025432	  0.078370	 -0.024575	 -0.114163	  0.101132	  0.005050	 -0.022781	  0.060055	 -0.057607	  0.076972
 -0.059722	  0.026278	 -0.104200	 -0.084266	  0.100253	  0.027635	  0.098992	 -0.014747	 -0.109730	  0.096334	 -0.019750	 -0.010838	  0.044256	 -0.055907	  0.104257
 -0.093278	  0.041840	 -0.081698	 -0.100885	  0.107943	  0.000685	  0.098825	 -0.013417	 -0.133393	  0.093275	 -0.027690	  0.001594	  0.037940	 -0.058297	  0.086368
 -0.080740	  0.040839	 -0.049728	 -0.091698	  0.111150	 -0.036579	  0.105413	 -0.041242	 -0.118977	  0.117102	 -0.000335	 -0.028641	  0.035414	 -0.065380	  0.066228
 -0.089932	  0.049537	 -0.051873	 -0.097513	  0.120013	 -0.062582	  0.117393	 -0.017452	 -0.085935	  0.127573	  0.016159	 -0.046836	  0.044159	 -0.108722	  0.053352
 -0.071370	  0.068321	 -0.048803	 -0.086647	  0.101129	 -0.082853	  0.116837	 -0.008786	 -0.083558	  0.128178	  0.025566	 -0.013311	  0.029041	 -0.122935	  0.001652
 -0.024757	  0.061570	 -0.065454	 -0.090637	  0.129163	 -0.070199	  0.100408	  0.031691	 -0.075152	  0.121277	  0.051751	 -0.018616	 -0.007366	 -0.133853	 -0.021089
 -0.011199	  0.054157	 -0.025747	 -0.105585	  0.151641	 -0.056900	  0.102801	  0.034311	 -0.070047	  0.104973	  0.035852	 -0.009799	 -0.016855	 -0.130824	  0.017565
 -0.007610	  0.045514	 -0.026687	 -0.137360	  0.155925	 -0.048335	  0.081563	  0.019685	 -0.048045	  0.098971	  0.017986	 -0.014129	 -0.042185	 -0.097500	  0.001173
 -0.014064	  0.036302	 -0.041067	 -0.158362	  0.164671	 -0.049835	  0.050802	 -0.004022	 -0.039106	  0.110672	 -0.013061	 -0.022697	 -0.036685	 -0.082674	 -0.032090
 -0.027618	  0.043480	 -0.062346	 -0.149533	  0.147015	 -0.049568	  0.034591	 -0.004177	 -0.050813	  0.119071	 -0.033748	 -0.033257	 -0.047368	 -0.066819	 -0.014664
 -0.038159	  0.073976	 -0.073650	 -0.118609	  0.118343	 -0.052027	  0.022835	 -0.006196	 -0.049387	  0.108224	 -0.001544	 -0.058488	 -0.068440	 -0.067048	 -0.010136
 -0.054322	  0.048159	 -0.067516	 -0.089556	  0.083437	 -0.037018	  0.049221	 -0.009120	 -0.060273	  0.105287	 -0.001015	 -0.034010	 -0.095057	 -0.025189	  0.009765
 -0.047935	  0.032182	 -0.077358	 -0.077631	  0.066205	 -0.022330	  0.033366	 -0.033541	 -0.030965	  0.098548	 -0.002574	  0.004615	 -0.092485	  0.029796	  0.030222
 -0.019693	  0.040440	 -0.067318	 -0.052125	  0.076696	 -0.012352	  0.008227	 -0.024522	 -0.015665	  0.080368	  0.000514	  0.055413	 -0.068455	  0.057868	  0.038678
 -0.014734	  0.070261	 -0.053160	 -0.056607	  0.062655	 -0.019998	  0.013422	 -0.011369	 -0.024685	  0.043611	  0.006847	  0.099665	 -0.068679	  0.060362	  0.042421
 -0.013915	  0.098043	 -0.045866	 -0.066429	  0.056545	 -0.040472	  0.027318	 -0.004244	 -0.073419	  0.031252	  0.047863	  0.104063	 -0.057558	  0.070042	  0.041736
 -0.009384	  0.103235	 -0.043538	 -0.061416	  0.061219	 -0.012801	  0.037915	  0.015504	 -0.102066	  0.040361	  0.043969	  0.087354	 -0.073980	  0.075005	  0.057322
  0.030511	  0.094797	 -0.043018	 -0.066036	  0.077277	 -0.016143	  0.042726	  0.025117	 -0.095781	  0.034049	  0.020774	  0.058024	 -0.072017	  0.046445	  0.055132
  0.037125	  0.076305	 -0.045692	 -0.072402	  0.064789	  0.004902	  0.054284	  0.007105	 -0.081673	  0.043565	  0.007537	  0.053183	 -0.069517	  0.025378	  0.032878
  0.023835	  0.046296	 -0.044182	 -0.088678	  0.086372	  0.017775	  0.059411	 -0.009053	 -0.085121	  0.046159	  0.005693	  0.066121	 -0.059919	  0.045205	  0.011449
  0.011959	  0.050690	 -0.044938	 -0.104744	  0.105503	  0.023951	  0.064299	 -0.001899	 -0.073918	  0.020051	  0.014484	  0.063664	 -0.035320	  0.046813	 -0.016738
  0.018797	  0.055955	 -0.043092	 -0.072444	  0.104823	  0.020613	  0.070879	  0.000170	 -0.094322	  0.014562	  0.013414	  0.070053	 -0.070610	  0.046965	 -0.046521
  0.028742	  0.053587	 -0.065285	 -0.084461	  0.100662	  0.015099	  0.066225	  0.034026	 -0.085265	  0.035983	  0.055138	  0.080875	 -0.086725	  0.065436	 -0.056299
  0.017933	  0.046460	 -0.052543	 -0.095595	  0.084725	  0.005452	  0.039571	  0.033890	 -0.086218	  0.044302	  0.074339	  0.074144	 -0.081576	  0.064525	 -0.086131
 -0.006241	  0.013100	 -0.070332	 -0.106485	  0.070863	 -0.008872	  0.034533	 -0.011457	 -0.102719	  0.053758	  0.103789	  0.063944	 -0.080423	  0.038738	 -0.084032
 -0.009239	 -0.001657	 -0.069561	 -0.110279	  0.066517	 -0.017561	  0.029424	 -0.046019	 -0.133241	  0.029619	  0.089942	  0.059011	 -0.079449	  0.011630	 -0.085771
  0.007341	 -0.002487	 -0.077194	 -0.125028	  0.063652	 -0.029993	  0.033853	 -0.041405	 -0.138805	  0.012564	  0.084607	  0.053766	 -0.078144	 -0.027591	 -0.096547
  0.015230	 -0.006470	 -0.081481	 -0.145335	  0.056179	 -0.015746	  0.010278	 -0.021476	 -0.134842	 -0.005347	  0.044829	  0.045203	 -0.085357	 -0.046513	 -0.076405
  0.042948	 -0.002398	 -0.078232	 -0.111659	  0.063380	  0.009933	  0.005003	  0.020987	 -0.094305	 -0.025479	  0.051635	  0.031134	 -0.117856	 -0.038551	 -0.098110
  0.035534	  0.017154	 -0.074996	 -0.104875	  0.065586	  0.044413	  0.021901	  0.009527	 -0.071794	 -0.035779	  0.084969	  0.016230	 -0.145956	 -0.040820	 -0.099135
  0.046574	  0.009083	 -0.070021	 -0.086543	  0.078629	  0.051913	  0.020889	  0.003946	 -0.073561	 -0.061662	  0.106111	  0.013512	 -0.142084	 -0.029635	 -0.099605
  0.035400	 -0.021415	 -0.072148	 -0.091961	  0.078267	  0.038859	  0.034915	  0.016535	 -0.062957	 -0.071206	  0.100094	  0.037953	 -0.120827	 -0.020664	 -0.127400
  0.022418	 -0.000788	 -0.110515	 -0.090979	  0.089235	  0.041574	  0.054570	 -0.010023	 -0.041719	 -0.062777	  0.074319	  0.048907	 -0.096585	  0.016860	 -0.123433
 -0.000271	 -0.001612	 -0.126307	 -0.079077	  0.081435	  0.069083	  0.061471	 -0.011363	 -0.033631	 -0.052387	  0.061994	  0.062885	 -0.094670	  0.025028	 -0.097862
  0.012571	 -0.027640	 -0.103746	 -0.066305	  0.061486	  0.062279	  0.048240	  0.013192	 -0.050192	 -0.045433	  0.058207	  0.093323	 -0.069520	 -0.010462	 -0.072960
  0.039364	 -0.030315	 -0.081452	 -0.071387	  0.051810	  0.044253	  0.055104	  0.015094	 -0.063967	 -0.021120	  0.049868	  0.117181	 -0.048762	 -0.030841	 -0.050012
  0.022809	 -0.029532	 -0.083450	 -0.091631	  0.080642	  0.046622	  0.099605	  0.005021	 -0.092749	  0.003382	  0.056579	  0.137012	 -0.044431	 -0.024750	 -0.005767
  0.016596	 -0.020967	 -0.069878	 -0.101519	  0.065424	  0.042374	  0.117991	 -0.022065	 -0.088916	 -0.020381	  0.035578	  0.112550	 -0.024346	  0.013269	  0.003387
  0.009985	 -0.017524	 -0.062734	 -0.137992	  0.058214	  0.006726	  0.123972	 -0.025248	 -0.091438	 -0.026698	  0.011326	  0.084496	 -0.007120	  0.015756	  0.017125
  0.012389	 -0.005311	 -0.063336	 -0.101891	  0.042011	  0.002800	  0.126888	  0.002398	 -0.069008	 -0.015574	 -0.017255	  0.040193	 -0.008164	  0.016298	  0.028586
 -0.022355	  0.002764	 -0.085388	 -0.048388	  0.052550	  0.016354	  0.113929	 -0.006845	 -0.069286	 -0.018536	 -0.040784	  0.017226	  0.003035	  0.032304	  0.037739
 -0.011937	  0.001570	 -0.074091	 -0.024969	  0.052792	  0.034303	  0.095831	 -0.022458	 -0.142281	 -0.006762	 -0.030259	  0.007258	  0.003109	  0.011330	  0.057578
  0.000260	 -0.013304	 -0.046177	 -0.039774	  0.045918	  0.049571	  0.081282	 -0.033032	 -0.165237	 -0.009060	 -0.042809	 -0.002899	  0.036242	  0.006260	  0.051538
  0.004863	  0.009534	 -0.025845	 -0.051174	  0.033505	  0.043811	  0.092069	 -0.036442	 -0.144643	 -0.003836	 -0.059289	  0.002734	  0.067727	  0.029162	  0.024441
  0.008401	  0.021165	 -0.033785	 -0.035853	  0.030226	  0.039573	  0.113303	 -0.038949	 -0.133979	 -0.019641	 -0.090964	  0.009768	  0.078869	  0.021484	  0.013330
 -0.008867	  0.001305	 -0.074532	 -0.066758	  0.030833	  0.043428	  0.124676	 -0.075120	 -0.133573	 -0.008283	 -0.115232	  0.017127	  0.098337	  0.017104	 -0.008828
  0.002776	  0.017903	 -0.100272	 -0.043079	  0.046827	  0.075340	  0.105445	 -0.078157	 -0.113495	 -0.022069	 -0.096164	 -0.013366	  0.107936	  0.026029	 -0.022712
  0.000310	  0.032521	 -0.066833	 -0.024140	  0.065187	  0.064487	  0.090048	 -0.059348	 -0.099604	  0.000752	 -0.087652	 -0.044393	  0.141770	  0.015015	 -0.036780
  0.000075	  0.034572	 -0.074089	 -0.048610	  0.043786	  0.077310	  0.084778	 -0.050859	 -0.101742	  0.030813	 -0.078082	 -0.043294	  0.156858	  0.040168	 -0.047237
 -0.010216	  0.034177	 -0.079132	 -0.045943	  0.067164	  0.101647	  0.081314	 -0.028026	 -0.077997	  0.034219	 -0.063459	 -0.033966	  0.131825	  0.049330	 -0.071628
 -0.025305	  0.031878	 -0.044798	 -0.037794	  0.063032	  0.120841	  0.081904	  0.011002	 -0.082900	  0.042700	 -0.056081	 -0.031230	  0.114102	  0.072682	 -0.034441
 -0.013447	  0.019091	 -0.018000	 -0.074369	  0.086599	  0.093565	  0.064475	  0.035683	 -0.106764	  0.047089	 -0.062058	 -0.005101	  0.091912	  0.094611	 -0.005906
  0.005780	  0.006082	 -0.003828	 -0.073885	  0.104326	  0.068334	  0.080080	  0.061560	 -0.112978	  0.057578	 -0.058923	  0.002519	  0.089988	  0.081000	 -0.019704
  0.005839	 -0.019816	  0.009171	 -0.054502	  0.113743	  0.040959	  0.076180	  0.043467	 -0.082222	  0.050144	 -0.038644	 -0.015952	  0.064414	  0.069016	 -0.032385
  0.000930	 -0.026009	  0.000585	 -0.061894	  0.109538	  0.027327	  0.053786	  0.010420	 -0.054514	  0.058012	 -0.011859	 -0.017273	  0.073470	  0.056372	 -0.034359
  0.026160	 -0.029325	  0.004784	 -0.024142	  0.117908	  0.036344	  0.049546	 -0.011899	 -0.014983	  0.061700	 -0.012019	 -0.017430	  0.059046	  0.067383	 -0.074707
  0.023327	 -0.014377	 -0.029467	  0.016781	  0.138487	  0.067012	  0.063111	 -0.029135	 -0.008252	  0.071632	 -0.021633	 -0.012272	  0.024254	  0.083405	 -0.116606
  0.042956	  0.005328	 -0.030435	  0.000280	  0.125193	  0.076748	  0.066869	 -0.009572	  0.019029	  0.086636	 -0.018085	 -0.013857	  0.013094	  0.067508	 -0.120587
  0.071386	  0.030501	 -0.028525	 -0.019869	  0.111930	  0.049648	  0.066485	  0.023554	  0.048132	  0.098565	 -0.008354	 -0.012769	  0.015018	  0.059505	 -0.108589
  0.062758	  0.050923	 -0.035829	 -0.026247	  0.122436	  0.008114	  0.059121	  0.007089	  0.082965	  0.076157	  0.003364	 -0.000230	  0.006085	  0.080311	 -0.118786
  0.049186	  0.070796	 -0.020363	 -0.011125	  0.152913	  0.007501	  0.066260	  0.008188	  0.079324	  0.082928	  0.025651	  0.010701	  0.014232	  0.080114	 -0.124941
  0.045292	  0.048251	 -0.003014	  0.007005	  0.151045	  0.009330	  0.061225	  0.020210	  0.043960	  0.093440	  0.056170	  0.002891	 -0.010740	  0.070574	 -0.124224
  0.026433	  0.058937	 -0.005509	 -0.002820	  0.141150	  0.002206	  0.049294	  0.029254	  0.028431	  0.084520	  0.036286	 -0.018742	 -0.026359	  0.091399	 -0.090787
 -0.007032	  0.045103	 -0.006618	  0.013197	  0.118894	  0.032229	  0.038073	  0.051707	 -0.000857	  0.103578	  0.034580	 -0.006834	 -0.021951	  0.110532	 -0.069279
 -0.030304	  0.028163	 -0.017432	  0.011028	  0.093253	  0.044344	  0.023423	  0.035302	  0.008566	  0.107029	 -0.015288	  0.002256	 -0.029635	  0.100871	 -0.063605
 -0.032245	  0.068845	 -0.028035	  0.015707	  0.095658	  0.071532	  0.034356	  0.035931	 -0.006966	  0.094974	 -0.027749	  0.012599	 -0.015624	  0.080008	 -0.035992
 -0.035179	  0.085469	 -0.003259	 -0.017059	  0.083695	  0.072557	  0.025815	  0.053440	 -0.019330	  0.087931	 -0.020641	  0.029271	 -0.034186	  0.070857	 -0.032178
 -0.028432	  0.092225	 -0.045837	 -0.000241	  0.121830	  0.032254	  0.019852	  0.054255	 -0.021510	  0.089720	 -0.042644	  0.045772	 -0.018536	  0.074257	 -0.037432
 -0.010667	  0.082719	 -0.036208	 -0.006950	  0.123238	  0.021764	  0.008932	  0.043551	 -0.019049	  0.106518	 -0.041964	  0.088576	 -0.019661	  0.096594	 -0.012203
  0.001835	  0.069256	 -0.040914	 -0.016480	  0.130672	  0.018412	 -0.000884	  0.075430	 -0.033955	  0.092136	 -0.049129	  0.072901	 -0.037558	  0.116023	 -0.004690
  0.030544	  0.072590	 -0.067546	 -0.036713	  0.112756	  0.010127	 -0.008135	  0.083602	 -0.018284	  0.069442	 -0.067132	  0.040358	 -0.036010	  0.100838	 -0.029731
  0.040871	  0.062762	 -0.070238	 -0.062961	  0.094426	  0.021623	 -0.014582	  0.064770	 -0.034661	  0.067022	 -0.074412	  0.030919	 -0.045293	  0.082166	 -0.045429
  0.016491	  0.061811	 -0.077576	 -0.040754	  0.093868	  0.033937	 -0.013151	  0.042468	 -0.018666	  0.038626	 -0.043009	  0.071226	 -0.071686	  0.069567	 -0.045418
  0.025476	  0.057409	 -0.092966	 -0.053477	  0.088398	  0.031200	 -0.003238	  0.036730	 -0.014685	  0.009423	 -0.056702	  0.094863	 -0.069142	  0.069904	 -0.038035
  0.030292	  0.029270	 -0.132396	 -0.080605	  0.096929	  0.047127	  0.002999	  0.013755	 -0.043960	 -0.031883	 -0.053278	  0.070916	 -0.083528	  0.074079	 -0.032865
  0.025447	  0.013427	 -0.121978	 -0.075658	  0.097334	  0.056522	  0.017982	  0.009305	 -0.068331	 -0.048046	 -0.052900	  0.087182	 -0.091492	  0.074969	 -0.033242
  0.062817	  0.007804	 -0.110160	 -0.091189	  0.088462	  0.054106	  0.026983	  0.023964	 -0.076814	 -0.041644	 -0.037070	  0.082486	 -0.086478	  0.049011	 -0.018629
