:RUN-1	DP I-O	3:30 PM	TEMP: NaN	HR: NaN
Level Step Size:5.00	Start dB SPL: 20	Stop dB SPL: 80	# Buffers Averaged: 8.00	Update Interval:5	Ear:Left	Etymotics Gain:40	Ipsi Driver:Starship	
:NOTES-
:CHAMBER-Bach
:CFTS Version: V2.37.2 (R3379)
:dB	f1(Hz)	f2(Hz)	f1(dB)	f2(dB)	2f1-f2(dB)	2f1-f2Nse(dB)	f2-f1(dB)	f2-f1Nse(dB)	2f1-f2Phase Shox (1)	PostexposureTime(min)
:DATA
 20.00	3340.00	4000.00	 30.09	 20.04	  0.55	  1.60	 16.38	 14.82	  0.00	   NaN
 25.00	3340.00	4000.00	 35.03	 25.08	 -1.95	 -1.71	 13.78	 13.33	  0.00	   NaN
 30.00	3340.00	4000.00	 39.98	 29.90	  0.80	 -2.22	 10.85	 13.91	  0.00	   NaN
 35.00	3340.00	4000.00	 45.03	 34.97	 -6.00	 -0.02	 13.76	 12.46	  0.00	   NaN
 40.00	3340.00	4000.00	 50.02	 40.01	  1.15	  1.65	 14.73	 16.43	  0.00	   NaN
 45.00	3340.00	4000.00	 55.02	 45.02	 -3.75	 -3.54	  9.42	 13.37	  0.00	   NaN
 50.00	3340.00	4000.00	 60.02	 50.01	 -0.38	  0.15	 14.29	 13.35	  0.00	   NaN
 55.00	3340.00	4000.00	 65.02	 55.01	 -4.06	 -4.24	  8.42	 11.30	  0.00	   NaN
 60.00	3340.00	4000.00	 70.03	 60.01	 -7.57	 -5.46	  5.36	  9.57	  0.00	   NaN
 65.00	3340.00	4000.00	 75.04	 65.01	 -1.82	 -1.49	 13.30	 10.18	  0.00	   NaN
 70.00	3340.00	4000.00	 80.05	 70.02	  0.86	  1.69	 15.34	 15.69	  0.00	   NaN
 75.00	3340.00	4000.00	 85.07	 75.03	 -5.08	 -3.67	 23.41	  8.81	  0.00	   NaN
 80.00	3340.00	4000.00	 90.11	 80.04	 -1.40	 -0.73	 33.47	 13.42	  0.00	   NaN
 20.00	6660.00	8000.00	 30.01	 19.55	-10.87	 -8.60	  7.11	  5.52	  0.00	   NaN
 25.00	6660.00	8000.00	 35.11	 24.89	-11.65	-12.76	  0.60	  4.18	  0.00	   NaN
 30.00	6660.00	8000.00	 40.07	 29.88	 -6.26	 -7.50	  5.13	  8.15	  0.00	   NaN
 35.00	6660.00	8000.00	 45.08	 34.81	 -1.25	 -8.18	  7.08	  8.21	  0.00	   NaN
 40.00	6660.00	8000.00	 50.07	 39.79	  1.26	-12.16	  3.08	  3.90	  0.00	   NaN
 45.00	6660.00	8000.00	 55.06	 44.84	  5.52	-10.19	  5.53	  6.48	  0.00	   NaN
 50.00	6660.00	8000.00	 60.06	 49.92	  8.92	-10.07	  2.86	  2.39	  0.00	   NaN
 55.00	6660.00	8000.00	 65.08	 54.95	 11.10	-12.45	  4.16	  3.29	  0.00	   NaN
 60.00	6660.00	8000.00	 70.11	 59.95	 11.81	 -6.35	  6.37	  6.17	  0.00	   NaN
 65.00	6660.00	8000.00	 75.13	 64.94	 19.94	 -6.43	  5.69	  5.55	  0.00	   NaN
 70.00	6660.00	8000.00	 80.14	 69.97	 26.31	 -5.83	 11.98	  8.94	  0.00	   NaN
 75.00	6660.00	8000.00	 85.12	 75.03	 30.79	 -7.93	 16.90	  4.61	  0.00	   NaN
 80.00	6660.00	8000.00	 90.17	 79.79	 35.07	 -8.39	 25.82	  1.85	  0.00	   NaN
 20.00	13340.00	16000.00	 30.01	 19.98	 -1.68	 -5.91	 -6.65	 -5.75	  0.00	   NaN
 25.00	13340.00	16000.00	 35.17	 25.13	  6.94	 -5.07	 -7.74	 -6.12	  0.00	   NaN
 30.00	13340.00	16000.00	 40.21	 30.01	 16.57	 -5.32	  2.63	  2.30	  0.00	   NaN
 35.00	13340.00	16000.00	 45.25	 34.90	 22.73	 -4.48	 -0.34	  0.31	  0.00	   NaN
 40.00	13340.00	16000.00	 50.21	 39.93	 28.13	 -2.29	 -0.16	  0.15	  0.00	   NaN
 45.00	13340.00	16000.00	 55.14	 44.95	 31.96	 -8.48	 -2.38	 -7.43	  0.00	   NaN
 50.00	13340.00	16000.00	 60.04	 49.95	 33.61	 -5.84	 -2.33	 -3.31	  0.00	   NaN
 55.00	13340.00	16000.00	 64.98	 54.94	 32.24	 -4.42	 -4.99	 -2.34	  0.00	   NaN
 60.00	13340.00	16000.00	 69.92	 59.90	 27.93	 -6.30	 -4.47	 -3.59	  0.00	   NaN
 65.00	13340.00	16000.00	 74.88	 64.90	 36.52	 -0.90	  3.62	  3.32	  0.00	   NaN
 70.00	13340.00	16000.00	 79.92	 69.88	 42.56	 -3.24	 -6.21	 -4.49	  0.00	   NaN
 75.00	13340.00	16000.00	 84.92	 74.92	 45.60	 -3.21	  1.81	 -1.57	  0.00	   NaN
 80.00	13340.00	16000.00	 89.86	 80.00	 48.29	 -3.81	  8.49	  2.79	  0.00	   NaN
 20.00	26660.00	32000.00	 30.13	 20.13	  3.58	  4.12	 -5.53	 -5.74	  0.00	   NaN
 25.00	26660.00	32000.00	 35.06	 25.20	  1.29	  0.23	-11.50	 -9.82	  0.00	   NaN
 30.00	26660.00	32000.00	 39.92	 30.27	  1.96	  3.22	-11.58	 -8.79	  0.00	   NaN
 35.00	26660.00	32000.00	 44.87	 35.16	 12.25	  4.65	 -4.97	 -4.31	  0.00	   NaN
 40.00	26660.00	32000.00	 49.83	 40.08	 16.77	  1.98	 -5.78	 -9.48	  0.00	   NaN
 45.00	26660.00	32000.00	 54.84	 45.07	 20.92	  2.45	 -7.63	-12.34	  0.00	   NaN
 50.00	26660.00	32000.00	 59.83	 49.96	 23.90	  1.11	 -9.93	-11.00	  0.00	   NaN
 55.00	26660.00	32000.00	 64.86	 54.98	 24.74	  1.97	 -6.25	-14.36	  0.00	   NaN
 60.00	26660.00	32000.00	 69.88	 59.92	 25.61	  2.47	 -4.29	-11.80	  0.00	   NaN
 65.00	26660.00	32000.00	 74.91	 64.89	 25.80	  2.67	 -0.88	 -8.01	  0.00	   NaN
 70.00	26660.00	32000.00	 79.93	 69.90	 28.53	  1.44	  5.05	 -9.40	  0.00	   NaN
 75.00	26660.00	32000.00	 84.95	 74.89	 35.47	  2.61	 11.97	 -5.87	  0.00	   NaN
 80.00	26660.00	32000.00	 90.18	 79.88	 42.33	  0.17	 13.01	-11.31	  0.00	   NaN
 20.00	37760.00	45300.00	 29.53	 19.49	 -5.04	 -3.20	-10.64	 -8.86	  0.00	   NaN
 25.00	37760.00	45300.00	 34.74	 24.93	 -2.70	 -3.70	 -8.90	 -8.49	  0.00	   NaN
 30.00	37760.00	45300.00	 39.91	 29.65	 -8.34	 -3.98	 -4.07	 -6.54	  0.00	   NaN
 35.00	37760.00	45300.00	 44.90	 35.21	 -7.71	 -3.84	 -7.39	 -6.21	  0.00	   NaN
 40.00	37760.00	45300.00	 49.89	 39.87	 -2.47	 -4.02	 -5.94	 -5.23	  0.00	   NaN
 45.00	37760.00	45300.00	 54.92	 44.96	 -0.95	 -2.89	 -3.40	 -5.05	  0.00	   NaN
 50.00	37760.00	45300.00	 59.91	 49.98	  4.09	 -1.93	 -3.96	 -5.90	  0.00	   NaN
 55.00	37760.00	45300.00	 64.90	 54.93	 12.19	 -3.00	 -0.72	 -4.77	  0.00	   NaN
 60.00	37760.00	45300.00	 69.95	 59.85	 15.98	 -0.95	 -0.60	 -3.85	  0.00	   NaN
 65.00	37760.00	45300.00	 74.90	 64.89	 17.95	 -3.10	 -1.99	 -7.66	  0.00	   NaN
 70.00	37760.00	45300.00	 79.93	 69.86	 19.18	 -3.15	 -3.40	 -7.83	  0.00	   NaN
 75.00	37760.00	45300.00	 84.91	 74.88	 17.62	 -3.26	 -1.47	 -4.74	  0.00	   NaN
 80.00	37760.00	45300.00	 89.91	 79.82	 16.71	 -3.13	  4.48	 -4.29	  0.00	   NaN
