:RUN-5	LEVEL SWEEP	TEMP:NaN	2/13/2024	6:15 PM	HR:NaN:SW EAR: L	SW FREQ: 45.30	# AVERAGES: 512	REP RATE (/sec): 39	DRIVER: 	SAMPLE (µsec): 40	MASKER dB: 0:Threshold: 82.7:NOTES-:CHAMBER-Bach:Avgs: 512;512;512;512;512;512;512;512;512;512;512;512;512;512;512
:Tries: 579;582;573;569;593;568;572;570;573;574;573;572;591;578;580
:Log: :Vary signal level: TRUE :Control: NaN:CFTS Version: V2.37.2 (R3379):LEVELS:30;35;40;45;50;55;60;65;70;75;80;85;90;95;100;:DATA  0.038528	  0.107630	  0.064610	  0.072308	  0.073886	  0.005089	  0.123248	  0.056556	 -0.054906	  0.037550	  0.019449	 -0.007332	 -0.073584	  0.041713	  0.058893
  0.045826	  0.094744	  0.046783	  0.069781	  0.071371	  0.033876	  0.099930	  0.023994	 -0.013017	  0.010703	  0.039494	  0.008310	 -0.068966	  0.013895	  0.068825
  0.044570	  0.090484	  0.014930	  0.058170	  0.077516	  0.023184	  0.059216	  0.017139	  0.005527	  0.003813	  0.051144	  0.013163	 -0.047905	  0.002780	  0.082393
  0.051645	  0.067333	  0.021488	  0.059844	  0.087505	  0.013583	  0.044746	  0.026494	  0.006621	 -0.005597	  0.056895	 -0.001432	  0.000004	 -0.008096	  0.065714
  0.046851	  0.039608	  0.011333	  0.045992	  0.096190	  0.002932	  0.007182	  0.015943	 -0.015466	 -0.003088	  0.055168	  0.012785	  0.026142	 -0.007673	  0.056409
  0.038259	  0.030337	  0.005459	  0.025158	  0.108893	  0.008461	 -0.009862	  0.033611	 -0.012510	  0.015922	  0.046811	  0.047485	  0.040750	  0.004160	  0.052875
  0.026227	  0.019838	  0.003767	  0.000678	  0.082381	  0.022350	  0.016629	  0.050999	 -0.012478	  0.020712	  0.039941	  0.052970	  0.051476	 -0.007347	  0.050742
  0.009119	 -0.002139	 -0.002459	  0.016968	  0.034700	  0.004157	  0.027406	  0.002841	  0.011748	  0.014389	  0.039293	  0.054243	  0.067011	 -0.011088	  0.058567
 -0.000087	 -0.026383	  0.012977	  0.046193	  0.009966	 -0.014445	 -0.009251	 -0.018808	  0.008526	  0.000117	  0.021634	  0.025661	  0.044082	 -0.011856	  0.064504
 -0.001717	 -0.052469	  0.009337	  0.048182	 -0.014601	 -0.023841	 -0.018328	 -0.005454	  0.009714	  0.015007	  0.033016	  0.032219	  0.000038	 -0.012670	  0.066084
 -0.001615	 -0.060669	  0.025492	  0.047922	 -0.036431	 -0.021314	 -0.022225	 -0.012923	  0.013050	  0.013358	  0.023465	  0.011716	 -0.022552	  0.020790	  0.017281
 -0.013291	 -0.052233	  0.013408	  0.023323	 -0.068698	 -0.015081	 -0.037659	 -0.052892	  0.002191	  0.006484	 -0.014891	  0.006956	 -0.012966	  0.043390	  0.005144
 -0.018766	 -0.046696	 -0.000619	 -0.001226	 -0.059822	  0.001516	 -0.044471	 -0.055618	  0.002206	 -0.001139	 -0.025800	  0.022603	  0.003377	 -0.000229	 -0.009138
 -0.017618	 -0.024480	 -0.011634	 -0.004373	 -0.040369	 -0.025075	 -0.039160	 -0.038078	  0.000620	 -0.025391	 -0.050001	  0.017960	  0.023618	 -0.039630	 -0.047074
 -0.028270	 -0.008707	 -0.006360	 -0.014356	 -0.051491	 -0.042125	 -0.034306	 -0.035721	  0.006866	  0.000432	 -0.063999	 -0.020047	  0.029708	 -0.053295	 -0.052397
 -0.031817	 -0.025040	 -0.014388	 -0.064416	 -0.074861	 -0.031644	 -0.046831	 -0.024014	  0.002900	  0.006450	 -0.068735	 -0.026700	  0.005183	 -0.037842	 -0.065030
 -0.040678	 -0.050926	 -0.024308	 -0.080912	 -0.069329	  0.006134	 -0.022001	 -0.012144	  0.005018	  0.002925	 -0.046891	 -0.024399	 -0.021525	 -0.001891	 -0.091960
 -0.042349	 -0.033481	 -0.027142	 -0.127454	 -0.073489	  0.023594	 -0.004854	  0.004742	  0.007433	 -0.016337	 -0.044416	 -0.059806	 -0.022460	  0.003049	 -0.120462
 -0.036005	 -0.034110	 -0.073793	 -0.129864	 -0.084733	  0.021376	 -0.042865	 -0.002770	  0.007111	 -0.031639	 -0.062665	 -0.075576	  0.001032	  0.028695	 -0.118767
 -0.068811	 -0.032645	 -0.068881	 -0.091919	 -0.068584	  0.007273	 -0.046543	  0.026103	  0.018847	 -0.064671	 -0.048913	 -0.090781	 -0.022463	  0.033145	 -0.142604
 -0.076724	 -0.028256	 -0.052518	 -0.070958	 -0.075564	  0.004805	 -0.013930	  0.033860	  0.049792	 -0.057258	 -0.015929	 -0.082646	 -0.027460	  0.023348	 -0.159517
 -0.064428	 -0.031202	 -0.050325	 -0.077932	 -0.058651	 -0.014401	 -0.018631	 -0.009320	  0.044503	 -0.048125	 -0.020732	 -0.050443	 -0.039346	  0.029228	 -0.162555
 -0.038064	 -0.007158	 -0.042710	 -0.069386	 -0.047339	 -0.007013	 -0.054232	 -0.026060	  0.048154	 -0.048475	 -0.039155	 -0.034894	 -0.048013	  0.032105	 -0.148608
 -0.019187	  0.010892	  0.018925	 -0.048747	 -0.046298	  0.018703	 -0.064163	 -0.038197	  0.047463	 -0.063994	 -0.050181	 -0.014820	 -0.066857	  0.007604	 -0.151860
 -0.024772	  0.032341	  0.032064	 -0.044130	 -0.036586	  0.007036	 -0.061023	 -0.040764	  0.075242	 -0.086609	 -0.032573	 -0.015245	 -0.060826	  0.035356	 -0.151546
 -0.021576	  0.044287	  0.002787	 -0.024560	 -0.022392	  0.006589	 -0.040960	 -0.053721	  0.117384	 -0.077589	 -0.016785	 -0.037103	 -0.093980	  0.013884	 -0.160040
 -0.011075	  0.059483	  0.015981	  0.016491	 -0.031966	  0.022027	 -0.008271	 -0.059118	  0.111421	 -0.077466	 -0.021472	 -0.035464	 -0.116864	 -0.000365	 -0.196825
 -0.011914	  0.088695	 -0.001507	  0.013236	 -0.028860	  0.031228	  0.012723	 -0.051512	  0.080719	 -0.059878	 -0.026616	 -0.044223	 -0.124232	 -0.027894	 -0.172914
 -0.024972	  0.119851	 -0.029633	 -0.005516	  0.003955	  0.030313	  0.033965	 -0.065225	  0.094551	 -0.051461	 -0.035764	 -0.038375	 -0.164880	 -0.068523	 -0.138850
 -0.014459	  0.161397	 -0.029532	  0.000147	  0.034894	  0.024349	  0.035482	 -0.092565	  0.137542	 -0.061559	 -0.059609	 -0.024857	 -0.167893	 -0.070312	 -0.121651
 -0.026067	  0.218220	 -0.017561	  0.012356	  0.043782	  0.006430	  0.028547	 -0.118445	  0.136116	 -0.078213	 -0.034649	 -0.043787	 -0.138432	 -0.045936	 -0.107539
 -0.023269	  0.256382	  0.005524	 -0.012055	  0.050798	  0.000324	  0.032718	 -0.105599	  0.136420	 -0.081883	 -0.048970	 -0.062754	 -0.125308	 -0.025077	 -0.088210
 -0.008831	  0.283081	  0.053670	 -0.027794	  0.049644	 -0.013469	  0.049233	 -0.113191	  0.110406	 -0.110464	 -0.075540	 -0.057774	 -0.094802	 -0.009259	 -0.038098
  0.017787	  0.282375	  0.032259	 -0.011033	  0.069419	 -0.025764	  0.024349	 -0.125681	  0.081157	 -0.098786	 -0.048220	 -0.060013	 -0.061369	  0.002853	  0.008622
  0.006821	  0.289756	  0.038905	  0.013035	  0.090333	 -0.020605	  0.040355	 -0.106863	  0.055460	 -0.080133	 -0.025045	 -0.048105	 -0.044567	  0.010616	  0.047916
  0.015530	  0.303190	  0.066295	  0.008801	  0.085912	 -0.021249	  0.048130	 -0.084414	  0.025435	 -0.063002	 -0.053750	 -0.028781	 -0.028835	  0.058092	  0.090708
  0.011994	  0.306460	  0.078708	 -0.011274	  0.112349	 -0.011406	  0.055638	 -0.059185	  0.053327	 -0.015154	 -0.032938	 -0.005490	 -0.028583	  0.076558	  0.120658
  0.002241	  0.282053	  0.087860	 -0.005771	  0.107677	 -0.003050	  0.044464	 -0.052149	  0.063530	  0.012760	  0.024476	  0.033649	 -0.005302	  0.047259	  0.142162
  0.023120	  0.251777	  0.081241	 -0.003327	  0.110450	 -0.003271	  0.036413	 -0.080050	  0.040009	  0.024593	  0.040979	  0.041923	 -0.005436	  0.038562	  0.160277
  0.046899	  0.242191	  0.087482	 -0.045450	  0.114028	 -0.046737	  0.045805	 -0.100827	  0.050040	  0.036665	  0.028728	  0.039080	  0.011595	  0.052453	  0.136906
  0.080167	  0.257155	  0.096628	 -0.071618	  0.102395	 -0.055911	  0.042640	 -0.078656	  0.053441	  0.075265	  0.001345	  0.037755	  0.012609	  0.054026	  0.113475
  0.108567	  0.263599	  0.095342	 -0.055719	  0.081214	 -0.049921	  0.032398	 -0.054977	  0.017733	  0.084743	  0.017573	  0.058286	  0.001154	  0.042381	  0.083150
  0.120257	  0.262842	  0.085818	 -0.046871	  0.101089	 -0.054222	  0.001654	 -0.045674	  0.026783	  0.094106	  0.003557	  0.054932	 -0.010996	  0.028276	  0.088461
  0.112555	  0.264132	  0.101537	 -0.041223	  0.113296	 -0.054086	 -0.003372	 -0.060015	  0.030579	  0.067218	 -0.013129	  0.027161	 -0.064770	  0.003951	  0.058084
  0.104168	  0.210510	  0.086038	 -0.050133	  0.108311	 -0.062006	  0.018206	 -0.062090	  0.050052	  0.042075	 -0.006635	  0.047139	 -0.100435	 -0.054960	 -0.010466
  0.095942	  0.199469	  0.081947	 -0.049970	  0.073092	 -0.042533	  0.025005	 -0.024715	  0.033235	  0.004759	 -0.010725	  0.007593	 -0.127158	 -0.079643	 -0.084932
  0.081665	  0.180925	  0.067433	 -0.034617	  0.030569	 -0.001711	  0.023308	 -0.010258	  0.031947	  0.004233	 -0.052504	 -0.020803	 -0.146224	 -0.117444	 -0.135385
  0.073778	  0.168801	  0.064270	 -0.003228	  0.011663	 -0.024071	  0.008825	  0.006346	  0.033956	  0.002024	 -0.071925	 -0.044153	 -0.180833	 -0.137963	 -0.134174
  0.066574	  0.161935	  0.076815	  0.009281	 -0.024414	 -0.031031	 -0.038005	 -0.008068	  0.013809	 -0.032316	 -0.094710	 -0.058026	 -0.200539	 -0.138892	 -0.139064
  0.041371	  0.135927	  0.065764	  0.017042	 -0.053115	 -0.030239	 -0.074646	 -0.022255	 -0.008703	 -0.052588	 -0.141886	 -0.076076	 -0.202396	 -0.134771	 -0.135042
  0.024527	  0.091071	  0.087879	  0.002752	 -0.074232	 -0.021447	 -0.075908	 -0.042351	 -0.021319	 -0.090003	 -0.145289	 -0.118033	 -0.195186	 -0.119769	 -0.135866
  0.052682	  0.075689	  0.118071	  0.005334	 -0.091343	 -0.002457	 -0.078934	 -0.036722	 -0.038440	 -0.124411	 -0.135085	 -0.121548	 -0.143555	 -0.105544	 -0.108506
  0.015395	  0.056414	  0.130355	 -0.000157	 -0.068609	 -0.013839	 -0.089191	 -0.062176	 -0.081527	 -0.163303	 -0.147183	 -0.123141	 -0.105118	 -0.083895	 -0.063062
  0.021055	  0.022039	  0.116819	  0.003494	 -0.046605	  0.005012	 -0.087201	 -0.070630	 -0.059791	 -0.191805	 -0.118657	 -0.101200	 -0.086679	 -0.065018	 -0.032196
  0.028836	  0.042897	  0.096570	 -0.016099	 -0.035002	 -0.005648	 -0.122464	 -0.060809	 -0.041253	 -0.200118	 -0.090141	 -0.054861	 -0.037946	 -0.049732	  0.001307
 -0.011651	  0.023638	  0.053764	 -0.030257	 -0.043618	 -0.010633	 -0.119002	 -0.086023	 -0.034614	 -0.190245	 -0.059726	 -0.021469	 -0.036176	 -0.060322	 -0.000538
 -0.021756	  0.010011	  0.038717	 -0.028985	 -0.034904	  0.012447	 -0.084021	 -0.099986	 -0.018954	 -0.183980	 -0.037398	 -0.003491	 -0.052432	 -0.078215	 -0.034684
 -0.023154	  0.024742	  0.061023	 -0.010660	 -0.014563	  0.024901	 -0.077956	 -0.101842	  0.007128	 -0.172309	 -0.041735	  0.034907	 -0.068086	 -0.060836	 -0.043371
 -0.002255	  0.052704	  0.047409	  0.002824	 -0.009560	 -0.001215	 -0.079145	 -0.093942	  0.055729	 -0.157913	 -0.060409	  0.051774	 -0.086630	 -0.016423	 -0.036370
  0.000176	  0.075538	  0.074698	 -0.007968	  0.019012	 -0.002414	 -0.081152	 -0.077652	  0.095787	 -0.101631	 -0.086950	  0.037793	 -0.037281	 -0.008886	  0.005345
  0.012838	  0.066414	  0.097442	 -0.006272	 -0.000687	  0.005261	 -0.103881	 -0.120495	  0.098286	 -0.070416	 -0.065522	  0.014345	 -0.022195	 -0.005463	  0.022855
  0.013849	  0.043195	  0.083790	 -0.034426	 -0.020140	 -0.012162	 -0.099516	 -0.109004	  0.107593	 -0.032539	 -0.063389	  0.038109	 -0.020248	 -0.004627	  0.030187
 -0.010710	  0.042207	  0.072510	 -0.030884	 -0.007673	 -0.032696	 -0.083192	 -0.069940	  0.119940	 -0.049667	 -0.045419	  0.028265	 -0.012518	  0.016728	 -0.003560
 -0.007538	  0.041327	  0.095154	 -0.009816	 -0.005854	 -0.038752	 -0.053184	 -0.057632	  0.100722	 -0.056286	 -0.044236	  0.037108	 -0.030085	  0.062487	 -0.039581
  0.002560	  0.040746	  0.098199	  0.019688	 -0.001956	 -0.033372	 -0.024415	 -0.066133	  0.076660	 -0.080036	 -0.044056	  0.046818	 -0.049482	  0.113151	 -0.040321
 -0.016323	  0.079374	  0.072324	  0.008281	  0.007637	 -0.003685	  0.000008	 -0.034681	  0.096452	 -0.099780	 -0.058665	  0.027834	 -0.038948	  0.140167	 -0.043503
 -0.021290	  0.106283	  0.032390	 -0.035736	  0.002037	 -0.022059	 -0.013956	 -0.018986	  0.087582	 -0.080129	 -0.095827	  0.018475	 -0.013225	  0.162948	  0.010570
 -0.016338	  0.104712	  0.001693	 -0.055821	 -0.022878	 -0.023286	 -0.010418	 -0.022135	  0.049066	 -0.062475	 -0.095827	  0.031435	 -0.042552	  0.191128	  0.031254
 -0.008156	  0.104940	  0.029826	 -0.065973	 -0.037665	 -0.039493	  0.032777	 -0.032964	  0.010587	 -0.037291	 -0.055217	  0.038860	 -0.028619	  0.217339	  0.058137
  0.018753	  0.100609	  0.045454	 -0.059002	 -0.038517	 -0.038473	  0.032774	 -0.042833	 -0.002882	 -0.023717	 -0.036727	  0.068780	 -0.006388	  0.227155	  0.073657
  0.012781	  0.102838	  0.033924	 -0.059636	 -0.062403	 -0.015151	  0.046773	 -0.067854	  0.026802	  0.017847	 -0.015616	  0.068865	  0.015898	  0.248250	  0.052050
  0.006863	  0.116208	  0.006209	 -0.066948	 -0.045768	 -0.004381	  0.059164	 -0.098838	  0.037450	  0.015699	  0.004280	  0.071290	  0.033376	  0.221951	  0.056767
 -0.022830	  0.115192	  0.006544	 -0.061017	 -0.057773	 -0.005655	  0.075612	 -0.047967	  0.025717	  0.039683	  0.033817	  0.081594	  0.013493	  0.209008	  0.046343
 -0.032902	  0.102584	  0.012897	 -0.043727	 -0.047667	 -0.004003	  0.095653	 -0.051081	  0.026216	  0.069502	  0.043238	  0.062498	  0.010439	  0.190509	  0.035998
 -0.042955	  0.110696	  0.022927	 -0.055428	 -0.030576	 -0.008308	  0.098960	 -0.039566	  0.051359	  0.089926	  0.063170	  0.065391	  0.003935	  0.163818	  0.040026
 -0.026958	  0.107544	  0.017758	 -0.067872	 -0.050733	 -0.030883	  0.091947	 -0.033157	  0.033205	  0.087406	  0.077267	  0.040221	  0.004588	  0.117523	  0.030294
 -0.020856	  0.124684	 -0.048337	 -0.068887	 -0.043070	 -0.009388	  0.088863	 -0.029243	  0.041917	  0.079116	  0.087710	  0.017780	 -0.000707	  0.090325	  0.015433
 -0.024576	  0.139627	 -0.073863	 -0.061956	 -0.047633	  0.006631	  0.063621	 -0.021282	  0.046821	  0.088797	  0.113242	  0.034440	  0.019331	  0.125645	  0.041291
  0.001076	  0.133880	 -0.081849	 -0.043105	 -0.079011	  0.017961	  0.050790	 -0.022460	  0.041977	  0.061216	  0.107283	  0.051394	  0.006668	  0.132074	  0.055430
  0.029790	  0.100638	 -0.105847	 -0.028282	 -0.063054	 -0.006764	  0.087019	 -0.035669	  0.035051	  0.045696	  0.119978	  0.065935	  0.009722	  0.110105	  0.067882
  0.038245	  0.088984	 -0.096870	 -0.013327	 -0.015153	 -0.054998	  0.113202	 -0.003855	  0.010365	  0.060655	  0.127859	  0.076860	 -0.006446	  0.076349	  0.039214
  0.024125	  0.075551	 -0.084799	 -0.006507	 -0.036955	 -0.065011	  0.106653	  0.019794	  0.007617	  0.073093	  0.103565	  0.060645	  0.024495	  0.063896	  0.053084
  0.041237	  0.072378	 -0.087569	 -0.000560	 -0.040868	 -0.056716	  0.103287	  0.009675	  0.032375	  0.045047	  0.089381	  0.095186	  0.081817	  0.057194	  0.085350
  0.039343	  0.040759	 -0.077596	 -0.028339	 -0.012178	 -0.059350	  0.104892	  0.027960	  0.081982	  0.053544	  0.107754	  0.126478	  0.091814	  0.057652	  0.091017
  0.058731	  0.023951	 -0.040783	 -0.044376	 -0.011391	 -0.057714	  0.098851	  0.028951	  0.106907	  0.070477	  0.142050	  0.117548	  0.100423	  0.060492	  0.122688
  0.047339	  0.024362	 -0.026123	 -0.057110	 -0.022797	 -0.047740	  0.103822	  0.008081	  0.107726	  0.055505	  0.140875	  0.127345	  0.114777	  0.079496	  0.143703
  0.038611	  0.035001	  0.003332	 -0.074170	  0.005664	 -0.028977	  0.089599	  0.017468	  0.119933	  0.057249	  0.139557	  0.129952	  0.096695	  0.088014	  0.125380
  0.056423	  0.035185	  0.018996	 -0.059333	  0.017680	 -0.026545	  0.058656	  0.027661	  0.136143	  0.095548	  0.138215	  0.109396	  0.086018	  0.089016	  0.143387
  0.047748	  0.024040	  0.013734	 -0.062594	  0.013272	 -0.033787	  0.048341	  0.024509	  0.136169	  0.068813	  0.128917	  0.073785	  0.093883	  0.108124	  0.139535
  0.030354	  0.065875	  0.019058	 -0.070101	  0.030241	 -0.039444	  0.061842	  0.031711	  0.127538	  0.072485	  0.126714	  0.080005	  0.079940	  0.091712	  0.131041
  0.017348	  0.064418	  0.043020	 -0.067226	  0.058573	 -0.023740	  0.073691	  0.028498	  0.095676	  0.089539	  0.136216	  0.085164	  0.086476	  0.095260	  0.105321
 -0.014421	  0.061191	  0.064188	 -0.030940	  0.072274	 -0.011924	  0.063620	  0.039638	  0.085233	  0.072989	  0.160996	  0.047050	  0.093850	  0.101167	  0.077096
 -0.043980	  0.062853	  0.069431	 -0.015477	  0.068593	 -0.010139	  0.055317	  0.043519	  0.099006	  0.074751	  0.111456	  0.025857	  0.097095	  0.097326	  0.078205
 -0.066367	  0.059062	  0.065407	 -0.011215	  0.077270	  0.001302	  0.028200	  0.033390	  0.090837	  0.062167	  0.082330	  0.005836	  0.063257	  0.098433	  0.069419
 -0.068215	  0.073678	  0.086119	  0.001508	  0.047854	 -0.015712	  0.017201	  0.030454	  0.082194	  0.047468	  0.068822	 -0.025216	  0.015834	  0.099605	  0.043494
 -0.055200	  0.082777	  0.095958	 -0.014674	  0.032251	 -0.028540	 -0.001506	  0.027866	  0.078918	  0.013437	  0.057393	 -0.012896	  0.011147	  0.109594	 -0.001196
 -0.061558	  0.087280	  0.091287	  0.009811	  0.021908	 -0.005672	 -0.010497	  0.016276	  0.050303	 -0.033665	  0.030765	 -0.004951	  0.046378	  0.119420	  0.004506
 -0.077588	  0.102598	  0.078654	  0.063121	  0.038895	  0.007850	  0.019014	 -0.007531	  0.035885	 -0.054565	  0.017092	 -0.017357	  0.069537	  0.117807	  0.016787
 -0.082796	  0.104249	  0.093569	  0.087121	  0.043714	  0.011581	  0.003957	  0.008745	  0.019276	 -0.052758	 -0.005290	 -0.020609	  0.076018	  0.082593	  0.030622
 -0.072760	  0.109718	  0.129245	  0.069141	  0.029843	  0.029994	  0.008004	  0.004574	  0.007600	 -0.047252	 -0.015800	 -0.025854	  0.051851	  0.118818	  0.042966
 -0.072975	  0.108619	  0.120505	  0.047110	  0.039261	  0.024908	  0.027094	 -0.007844	  0.009545	 -0.060625	 -0.020401	 -0.003575	  0.045323	  0.149528	  0.049631
 -0.070939	  0.089497	  0.072753	  0.046874	  0.055121	  0.018240	 -0.000721	 -0.032082	 -0.017040	 -0.044772	 -0.021377	  0.012929	  0.077149	  0.146716	  0.046801
 -0.049426	  0.088003	  0.063364	  0.062371	  0.071052	  0.021874	 -0.026765	 -0.034315	 -0.013934	 -0.050726	  0.024419	  0.075782	  0.086548	  0.170388	  0.060741
 -0.032267	  0.099876	  0.062666	  0.085658	  0.096730	  0.025488	 -0.040275	 -0.047856	 -0.011333	 -0.051210	  0.060086	  0.122420	  0.095590	  0.165915	  0.079371
 -0.027222	  0.135873	  0.092529	  0.054661	  0.072790	  0.021900	 -0.027204	 -0.066684	  0.018049	 -0.049044	  0.088441	  0.120571	  0.068377	  0.172374	  0.088592
  0.002201	  0.144847	  0.087605	  0.045311	  0.044645	  0.011006	 -0.022360	 -0.107615	  0.039385	 -0.037989	  0.104385	  0.117976	  0.076903	  0.171909	  0.086559
  0.003200	  0.129346	  0.068878	  0.039610	  0.034459	  0.002316	 -0.003410	 -0.116525	  0.014142	 -0.013205	  0.124314	  0.122036	  0.089036	  0.180828	  0.079181
 -0.001367	  0.115604	  0.071608	  0.061117	  0.018463	 -0.004983	 -0.006631	 -0.106566	  0.032120	  0.032239	  0.145741	  0.130870	  0.093001	  0.155242	  0.080204
  0.018840	  0.112666	  0.066714	  0.082464	 -0.003364	  0.004100	 -0.009658	 -0.120155	  0.075118	  0.091260	  0.152110	  0.134169	  0.099200	  0.145171	  0.106864
  0.015622	  0.088663	  0.087412	  0.095971	 -0.033469	  0.016207	  0.007529	 -0.100773	  0.104087	  0.127102	  0.160245	  0.139714	  0.075530	  0.120579	  0.084589
  0.033231	  0.066412	  0.086771	  0.091560	 -0.019254	  0.006140	 -0.012034	 -0.066861	  0.158415	  0.122614	  0.164499	  0.144632	  0.060345	  0.108617	  0.069474
  0.025096	  0.054626	  0.067913	  0.075136	  0.011744	  0.006292	  0.010475	 -0.061989	  0.175087	  0.134973	  0.173029	  0.146726	  0.017625	  0.088934	  0.045726
  0.027089	  0.044956	  0.042447	  0.050778	  0.019736	 -0.015251	  0.023283	 -0.038492	  0.169833	  0.126212	  0.123323	  0.158531	 -0.020246	  0.066485	  0.023277
  0.047746	  0.034945	  0.026887	  0.028057	  0.021554	 -0.032992	  0.013396	 -0.049051	  0.165811	  0.101507	  0.119252	  0.148709	 -0.035239	  0.065068	  0.010022
  0.059336	  0.038843	  0.018544	  0.035226	  0.027964	 -0.046467	  0.022192	 -0.048064	  0.156803	  0.076277	  0.117945	  0.143585	 -0.049417	  0.052680	 -0.009408
  0.059660	  0.021807	  0.020471	  0.044772	  0.017383	 -0.055875	  0.034971	 -0.042086	  0.170922	  0.041160	  0.114932	  0.140540	 -0.074492	  0.068806	 -0.014430
  0.074082	  0.046020	  0.007670	  0.048966	  0.016384	 -0.047280	  0.036855	 -0.007876	  0.193747	  0.046553	  0.105791	  0.113361	 -0.060674	  0.052070	 -0.020810
  0.074889	  0.057360	  0.002067	  0.038622	  0.011666	 -0.046659	  0.026067	  0.008259	  0.209247	  0.032670	  0.109224	  0.092979	 -0.037826	  0.028682	 -0.036277
  0.063143	  0.046336	  0.003576	  0.014102	 -0.007420	 -0.041934	  0.012469	 -0.013601	  0.190216	  0.020633	  0.093203	  0.084473	 -0.021569	  0.002112	 -0.016817
  0.074606	  0.059837	  0.008986	  0.007346	 -0.018269	 -0.047435	  0.029493	  0.012027	  0.185171	  0.007094	  0.059158	  0.101067	 -0.084056	  0.023246	  0.018134
  0.068953	  0.060189	  0.039867	  0.026771	 -0.026682	 -0.055276	  0.043893	  0.028938	  0.169157	  0.014595	  0.045637	  0.087978	 -0.095155	  0.040525	  0.018426
  0.062191	  0.085071	  0.036824	  0.027766	 -0.029767	 -0.048885	  0.024591	  0.021295	  0.147496	  0.003713	  0.026180	  0.057709	 -0.083270	  0.037596	  0.001182
  0.039417	  0.064663	  0.008913	  0.006855	 -0.034423	 -0.031686	 -0.005124	  0.003723	  0.138093	 -0.032582	  0.001184	  0.038556	 -0.093402	  0.052164	 -0.049195
  0.037986	  0.059713	  0.024917	 -0.010221	 -0.063227	 -0.007783	 -0.006730	  0.015506	  0.142215	 -0.048874	 -0.022930	  0.026663	 -0.117913	  0.051658	 -0.092322
  0.046607	  0.067433	  0.035706	 -0.037613	 -0.099584	  0.024620	 -0.019307	  0.002411	  0.141739	 -0.050613	 -0.058286	  0.032711	 -0.147568	  0.030243	 -0.118795
  0.067927	  0.039437	  0.056879	 -0.039130	 -0.097614	  0.037705	 -0.017625	 -0.000560	  0.114158	 -0.058495	 -0.072082	  0.052555	 -0.133599	  0.010066	 -0.115746
  0.078249	  0.015949	  0.041924	 -0.016950	 -0.084778	  0.028357	  0.001658	 -0.010059	  0.100181	 -0.079192	 -0.056614	  0.048123	 -0.147073	  0.010051	 -0.120566
  0.066189	  0.010286	  0.044952	 -0.019657	 -0.082663	  0.042719	 -0.013656	  0.003109	  0.090843	 -0.078947	 -0.040955	  0.012803	 -0.165269	  0.010407	 -0.132355
  0.069083	  0.036839	  0.057125	 -0.033448	 -0.061629	  0.039524	 -0.023778	 -0.018019	  0.069630	 -0.078062	 -0.068027	 -0.008992	 -0.142218	  0.009015	 -0.152775
  0.058144	  0.036192	  0.042445	 -0.002465	 -0.044102	  0.020717	 -0.007774	 -0.039813	  0.060520	 -0.091013	 -0.059448	 -0.038312	 -0.133070	  0.001692	 -0.150718
  0.065039	  0.035564	  0.045317	 -0.003372	 -0.029855	  0.043851	 -0.017911	 -0.045061	  0.062382	 -0.072296	 -0.024247	 -0.050238	 -0.115265	 -0.009313	 -0.130628
  0.047078	  0.056067	  0.079712	 -0.021460	 -0.011653	  0.089198	  0.004188	 -0.062573	  0.069524	 -0.055351	  0.012559	 -0.066472	 -0.097887	 -0.027296	 -0.106850
  0.037857	  0.051578	  0.097837	 -0.033257	 -0.004681	  0.110990	  0.028599	 -0.049183	  0.053878	 -0.083068	  0.023184	 -0.080432	 -0.101287	 -0.011531	 -0.089394
  0.035243	  0.054956	  0.114519	 -0.041624	 -0.006960	  0.084428	  0.023460	 -0.057892	  0.024010	 -0.076459	 -0.009124	 -0.057819	 -0.082208	  0.007298	 -0.067354
  0.044022	  0.061059	  0.146623	 -0.021630	  0.036490	  0.062388	  0.046559	 -0.086804	  0.015752	 -0.075802	 -0.014939	 -0.043634	 -0.074969	  0.031598	 -0.053490
  0.081120	  0.077224	  0.183174	 -0.046844	  0.054698	  0.049590	  0.041277	 -0.088170	  0.023884	 -0.059092	 -0.015075	 -0.043261	 -0.065647	  0.056056	 -0.064884
  0.045649	  0.091980	  0.183715	 -0.034991	  0.052017	  0.035845	  0.049312	 -0.061858	  0.022934	 -0.017886	 -0.015607	 -0.067344	 -0.071814	  0.079761	 -0.042756
  0.048215	  0.093723	  0.165852	 -0.031629	  0.041163	  0.008057	  0.070098	 -0.085045	 -0.005676	 -0.011298	 -0.021465	 -0.073169	 -0.056953	  0.080133	 -0.043358
  0.055400	  0.081824	  0.165391	  0.005849	  0.054204	  0.012609	  0.071618	 -0.082622	 -0.023097	 -0.025681	 -0.004148	 -0.034597	 -0.017438	  0.075521	 -0.022080
  0.049691	  0.053676	  0.170828	  0.013247	  0.061864	  0.040697	  0.113238	 -0.076277	 -0.040845	 -0.033005	  0.009316	  0.013083	 -0.018356	  0.084093	  0.001942
  0.022426	  0.045302	  0.174727	  0.009089	  0.063957	  0.040295	  0.131679	 -0.048137	 -0.018249	 -0.018200	  0.014688	  0.012413	  0.006775	  0.117332	  0.025040
  0.003425	  0.073303	  0.175304	  0.000545	  0.055896	  0.033174	  0.151327	 -0.007532	  0.005731	 -0.006779	  0.029253	  0.022575	  0.018965	  0.107843	  0.014367
  0.022482	  0.100198	  0.157077	  0.015189	  0.041461	  0.065369	  0.171374	 -0.004377	  0.012602	 -0.012664	  0.023544	  0.052631	  0.030914	  0.109581	 -0.000648
  0.038057	  0.111555	  0.165802	  0.038583	  0.037965	  0.061908	  0.140410	  0.009369	  0.011995	  0.018358	  0.017547	  0.045067	  0.036775	  0.106022	  0.042596
  0.067120	  0.091185	  0.182550	  0.020223	  0.028060	  0.062989	  0.144909	  0.030744	  0.015869	  0.035666	  0.022796	  0.065022	  0.044603	  0.118496	  0.062883
  0.072150	  0.083649	  0.170580	  0.018431	  0.020508	  0.049016	  0.136614	  0.059025	  0.010679	  0.028928	  0.027008	  0.060820	  0.065237	  0.123963	  0.070730
  0.060204	  0.067919	  0.130832	  0.026974	  0.036565	  0.047608	  0.139314	  0.057689	  0.007549	  0.021649	  0.028394	  0.059307	  0.049099	  0.070610	  0.081407
  0.052049	  0.083488	  0.128288	  0.036726	  0.100369	  0.034971	  0.152299	  0.048588	  0.008260	  0.015528	  0.015412	  0.087869	  0.034977	  0.054006	  0.096633
  0.033817	  0.080531	  0.140061	  0.022291	  0.099636	 -0.010446	  0.148212	  0.035517	 -0.006926	  0.017159	  0.013088	  0.099567	  0.038812	  0.046811	  0.102446
 -0.003780	  0.057232	  0.132617	  0.036841	  0.082284	 -0.013333	  0.133115	  0.036851	 -0.001585	  0.010269	  0.003170	  0.075423	  0.031256	  0.071453	  0.102214
  0.015436	  0.085762	  0.108285	  0.069588	  0.073272	 -0.010808	  0.125423	  0.017042	  0.002137	  0.009767	  0.000740	  0.071426	  0.001057	  0.076880	  0.126979
  0.021358	  0.102111	  0.087691	  0.034399	  0.074083	  0.007432	  0.124300	  0.030654	 -0.009803	 -0.000305	  0.023298	  0.091676	 -0.025718	  0.071249	  0.120277
  0.042261	  0.093312	  0.101502	  0.042272	  0.061625	  0.030488	  0.120534	  0.050072	  0.003625	  0.011456	  0.012568	  0.057021	 -0.047534	  0.079588	  0.079476
  0.057527	  0.088951	  0.105890	  0.070280	  0.048372	  0.012709	  0.109380	  0.064971	  0.015065	  0.008669	  0.004759	  0.047127	 -0.071967	  0.087058	  0.052075
  0.050068	  0.126162	  0.099279	  0.085544	  0.059399	 -0.000070	  0.105627	  0.089220	  0.023104	 -0.027720	  0.016024	  0.045683	 -0.081269	  0.092143	  0.021267
  0.084003	  0.109617	  0.107420	  0.074909	  0.073145	  0.007434	  0.080253	  0.068986	  0.051898	 -0.031383	  0.040078	  0.021506	 -0.082512	  0.062283	  0.009336
  0.101099	  0.096909	  0.108754	  0.059428	  0.080549	  0.035689	  0.080820	  0.025811	  0.081788	 -0.039602	  0.046870	  0.023659	 -0.103047	  0.057942	  0.019890
  0.081626	  0.105432	  0.095207	  0.053401	  0.051956	  0.029007	  0.081055	 -0.003184	  0.094040	 -0.021105	  0.054019	  0.040500	 -0.119220	  0.050333	  0.058373
  0.075748	  0.116772	  0.081777	  0.061956	  0.068290	  0.003703	  0.054345	 -0.017177	  0.088021	 -0.020677	  0.056095	  0.036662	 -0.122163	  0.026942	  0.057917
  0.102073	  0.117859	  0.073363	  0.071301	  0.058072	  0.007185	  0.041797	  0.004213	  0.094486	 -0.027721	  0.034339	  0.057644	 -0.129475	  0.049308	  0.062573
  0.137880	  0.092392	  0.055684	  0.078361	  0.046579	  0.002053	  0.052493	  0.059998	  0.105989	 -0.041526	  0.020369	  0.091718	 -0.133702	  0.049700	  0.054164
  0.135886	  0.090463	  0.034991	  0.082226	  0.069683	  0.035630	  0.060969	  0.056349	  0.146649	 -0.037753	  0.006148	  0.096112	 -0.137239	  0.042461	  0.048731
  0.124610	  0.105080	  0.032493	  0.083305	  0.070896	  0.065065	  0.061260	  0.028156	  0.172630	 -0.025530	  0.019922	  0.098109	 -0.141093	  0.069668	  0.055049
  0.107698	  0.118169	  0.024442	  0.073395	  0.068356	  0.069697	  0.061151	  0.007034	  0.177418	 -0.011819	  0.058845	  0.085021	 -0.124919	  0.089825	  0.043442
  0.080467	  0.125535	  0.022579	  0.073207	  0.063966	  0.071679	  0.075202	 -0.028302	  0.139959	  0.005017	  0.054594	  0.089330	 -0.120272	  0.125211	  0.024717
  0.089264	  0.122861	  0.049994	  0.077746	  0.082076	  0.099760	  0.066980	  0.006264	  0.134435	 -0.018599	  0.046962	  0.110611	 -0.120658	  0.125196	  0.020939
  0.075709	  0.143872	  0.062111	  0.105586	  0.065329	  0.123479	  0.077962	  0.034489	  0.153029	 -0.035471	  0.050897	  0.119540	 -0.094672	  0.118508	 -0.011791
  0.097930	  0.151590	  0.101625	  0.114679	  0.068840	  0.106472	  0.101960	  0.008388	  0.146721	 -0.040358	  0.047669	  0.104481	 -0.098986	  0.100083	 -0.028538
  0.108776	  0.142984	  0.120037	  0.091304	  0.100562	  0.090036	  0.115677	 -0.002133	  0.150616	 -0.056181	  0.033547	  0.119808	 -0.055786	  0.083715	 -0.024938
  0.088524	  0.150942	  0.130589	  0.066152	  0.123449	  0.068555	  0.106024	 -0.024427	  0.144523	 -0.066883	  0.027505	  0.160433	 -0.059587	  0.073794	 -0.006565
  0.099397	  0.170680	  0.151944	  0.072730	  0.129805	  0.075147	  0.077672	 -0.040137	  0.132607	 -0.051695	  0.031516	  0.168980	 -0.073293	  0.067806	  0.035574
  0.088824	  0.155635	  0.161463	  0.066924	  0.154304	  0.070326	  0.061736	 -0.086933	  0.130583	 -0.037214	  0.036985	  0.166635	 -0.104401	  0.061042	  0.040405
  0.070060	  0.126066	  0.144129	  0.045642	  0.160141	  0.063918	  0.064998	 -0.092907	  0.118791	 -0.025535	  0.022849	  0.177708	 -0.110291	  0.077363	  0.061998
  0.072371	  0.101826	  0.149050	  0.040897	  0.141642	  0.059747	  0.078872	 -0.090366	  0.158732	 -0.048350	  0.017581	  0.151344	 -0.113003	  0.075546	  0.068998
  0.091715	  0.101217	  0.119413	  0.030041	  0.125311	  0.068486	  0.116866	 -0.113126	  0.165596	 -0.026335	  0.032158	  0.123439	 -0.120358	  0.057680	  0.080551
  0.104838	  0.086726	  0.089228	  0.027551	  0.129715	  0.068295	  0.089774	 -0.104983	  0.200625	 -0.014170	  0.060163	  0.132971	 -0.064528	  0.050532	  0.120136
  0.132004	  0.073448	  0.082292	  0.018903	  0.136478	  0.056181	  0.088630	 -0.073453	  0.205403	 -0.001232	  0.068414	  0.169693	 -0.041874	  0.064504	  0.126178
  0.125492	  0.077715	  0.073644	  0.024891	  0.114051	  0.061749	  0.095452	 -0.096425	  0.196788	  0.029615	  0.093117	  0.167831	 -0.036146	  0.065930	  0.125933
  0.137131	  0.066998	  0.070102	  0.026491	  0.100777	  0.051141	  0.087113	 -0.119670	  0.156210	  0.061342	  0.123959	  0.143222	 -0.036490	  0.098429	  0.157185
  0.149708	  0.066367	  0.075416	  0.004349	  0.119453	  0.054192	  0.109465	 -0.081073	  0.157090	  0.050142	  0.127207	  0.111775	  0.008433	  0.113144	  0.152863
  0.145660	  0.048732	  0.089784	 -0.018270	  0.124410	  0.058786	  0.080423	 -0.051925	  0.167583	  0.055010	  0.096558	  0.109426	  0.043762	  0.099408	  0.155167
  0.132635	  0.055587	  0.111809	 -0.016516	  0.125077	  0.067372	  0.048268	 -0.041931	  0.166414	  0.066061	  0.111142	  0.097045	  0.074720	  0.095345	  0.146350
  0.145265	  0.079228	  0.099605	 -0.035605	  0.129921	  0.062346	  0.035125	  0.003978	  0.162435	  0.060003	  0.144411	  0.088263	  0.110927	  0.072267	  0.136025
  0.162753	  0.086841	  0.109929	 -0.024145	  0.144033	  0.058406	  0.017204	  0.021648	  0.151159	  0.057823	  0.137266	  0.108296	  0.088732	  0.086534	  0.111114
  0.154601	  0.105648	  0.133518	 -0.010404	  0.135640	  0.049061	  0.002544	  0.032128	  0.138791	  0.056299	  0.139956	  0.099142	  0.101013	  0.100399	  0.090774
  0.163577	  0.108809	  0.135005	 -0.003549	  0.092202	  0.007858	 -0.000286	  0.034340	  0.115455	  0.068575	  0.141934	  0.075060	  0.091491	  0.116590	  0.067817
  0.162894	  0.121472	  0.152586	  0.009993	  0.067054	  0.015816	  0.004696	  0.054270	  0.078034	  0.051148	  0.133311	  0.062290	  0.076543	  0.139330	  0.051502
  0.185215	  0.094517	  0.142757	  0.033704	  0.038635	  0.037190	 -0.015382	  0.084964	  0.052501	  0.048449	  0.141035	  0.030741	  0.081031	  0.144883	  0.068361
  0.187089	  0.100668	  0.127323	  0.038810	  0.025035	  0.017463	 -0.010956	  0.120416	  0.079421	  0.056376	  0.147143	  0.026768	  0.063563	  0.154723	  0.089558
  0.195933	  0.107306	  0.135447	  0.019733	  0.021316	  0.026777	  0.004956	  0.127028	  0.083449	  0.052424	  0.152918	  0.029927	  0.067782	  0.163513	  0.084995
  0.178746	  0.123729	  0.113851	  0.008016	  0.036216	  0.002270	  0.028673	  0.131839	  0.059454	  0.054376	  0.141799	  0.046546	  0.078110	  0.159847	  0.107045
  0.151862	  0.118430	  0.102858	  0.042208	  0.055392	 -0.004200	  0.015206	  0.142129	  0.029505	  0.060601	  0.139499	  0.039783	  0.088463	  0.148184	  0.116687
  0.157918	  0.125178	  0.074414	  0.057679	  0.046224	 -0.003226	  0.002158	  0.149890	  0.028497	  0.045736	  0.114496	  0.007559	  0.094496	  0.150091	  0.077596
  0.144616	  0.107914	  0.089704	  0.056751	  0.043573	 -0.011851	 -0.009174	  0.146725	  0.042298	  0.014080	  0.093469	  0.018352	  0.089908	  0.168559	  0.064018
  0.123337	  0.134026	  0.112587	  0.067610	  0.041634	 -0.018934	  0.000047	  0.118310	  0.053039	  0.012567	  0.074469	  0.044345	  0.088587	  0.192011	  0.022518
  0.099317	  0.148668	  0.113976	  0.093777	  0.062109	 -0.018742	  0.044315	  0.103638	  0.061827	  0.018258	  0.077313	  0.081752	  0.074613	  0.222972	  0.021955
  0.130655	  0.140689	  0.098475	  0.103170	  0.066429	 -0.019409	  0.074729	  0.121710	  0.084908	  0.087462	  0.065880	  0.093460	  0.105833	  0.221013	  0.011729
  0.125561	  0.159634	  0.062688	  0.097646	  0.055903	 -0.019059	  0.082811	  0.118097	  0.135108	  0.156500	  0.059852	  0.108298	  0.084763	  0.227290	 -0.003156
  0.114984	  0.161124	  0.065052	  0.107648	  0.076798	  0.007943	  0.071509	  0.075594	  0.168956	  0.163537	  0.064982	  0.100713	  0.055725	  0.224053	  0.033800
  0.089371	  0.158347	  0.091288	  0.111201	  0.081650	  0.026291	  0.107884	  0.057741	  0.196260	  0.157945	  0.048765	  0.090818	  0.032186	  0.247434	  0.070916
  0.065994	  0.147948	  0.133269	  0.137108	  0.083878	  0.048283	  0.125690	  0.067055	  0.177907	  0.156913	  0.043863	  0.098818	  0.052513	  0.252884	  0.077748
  0.041890	  0.133747	  0.138787	  0.148425	  0.084369	  0.058043	  0.141240	  0.067883	  0.159898	  0.144965	  0.034745	  0.093728	  0.052169	  0.249129	  0.074141
  0.040604	  0.125930	  0.121026	  0.162810	  0.069935	  0.052102	  0.166294	  0.056097	  0.181809	  0.134064	  0.035965	  0.116630	  0.026073	  0.236713	  0.097806
  0.047780	  0.124153	  0.167387	  0.151391	  0.069272	  0.051989	  0.153096	  0.049301	  0.210238	  0.157668	  0.026063	  0.138629	  0.021955	  0.225470	  0.053388
  0.067430	  0.142316	  0.184884	  0.151961	  0.090681	  0.072196	  0.130629	  0.040927	  0.215780	  0.189432	  0.028898	  0.126380	  0.011566	  0.244428	  0.026774
  0.071638	  0.149509	  0.207277	  0.147699	  0.076746	  0.076320	  0.127863	  0.053476	  0.222675	  0.180726	  0.054423	  0.107519	 -0.006764	  0.227976	  0.049308
  0.054270	  0.131787	  0.191317	  0.108576	  0.090922	  0.110104	  0.134310	  0.063368	  0.242068	  0.165332	  0.058569	  0.100376	 -0.007927	  0.215017	  0.071322
  0.045202	  0.131428	  0.186044	  0.131568	  0.091035	  0.114094	  0.179228	  0.100722	  0.240367	  0.148915	  0.055413	  0.112154	  0.027451	  0.232589	  0.068191
  0.046873	  0.136763	  0.182843	  0.152966	  0.095284	  0.125129	  0.204962	  0.092035	  0.236948	  0.124490	  0.049280	  0.134655	  0.051019	  0.226415	  0.068978
  0.041450	  0.129743	  0.169084	  0.137435	  0.153257	  0.121585	  0.214757	  0.095387	  0.221590	  0.122266	  0.045568	  0.158097	  0.055412	  0.232305	  0.086348
  0.059128	  0.131602	  0.149001	  0.110795	  0.160789	  0.149052	  0.217184	  0.098358	  0.219463	  0.128421	  0.058911	  0.155605	  0.068501	  0.220556	  0.120127
  0.045543	  0.145638	  0.134278	  0.087321	  0.169888	  0.186778	  0.227289	  0.106852	  0.203062	  0.133227	  0.065137	  0.137680	  0.029550	  0.233628	  0.127295
  0.043756	  0.163841	  0.138791	  0.077819	  0.145826	  0.195983	  0.226849	  0.084965	  0.173216	  0.103801	  0.083034	  0.123702	  0.041158	  0.189221	  0.139667
 -0.081255	  0.006562	  0.071292	  0.023429	  0.002765	 -0.019551	 -0.077342	 -0.037992	  0.029977	 -0.024836	  0.001589	  0.042065	  0.015300	 -0.021003	  0.000525
 -0.067930	  0.020090	  0.059484	  0.012348	 -0.027379	  0.006957	 -0.071376	 -0.032386	  0.024807	 -0.024136	 -0.032820	  0.026874	 -0.012719	 -0.040622	  0.002482
 -0.055933	  0.006592	  0.029110	  0.018911	 -0.046496	 -0.004645	 -0.069826	 -0.033097	  0.020187	 -0.023579	 -0.073509	 -0.009223	 -0.047530	 -0.044185	 -0.003491
 -0.063982	  0.020820	  0.016189	  0.024463	 -0.047573	 -0.010114	 -0.065056	  0.002405	  0.021387	 -0.006402	 -0.067645	 -0.021799	 -0.043855	 -0.030104	 -0.009499
 -0.056326	  0.017113	  0.018774	  0.037957	 -0.049420	 -0.020109	 -0.065057	  0.019595	  0.018561	  0.007783	 -0.044794	  0.008219	 -0.007208	 -0.051717	 -0.001519
 -0.037993	  0.015878	 -0.026699	  0.028517	 -0.055425	 -0.020748	 -0.041448	 -0.003701	  0.000338	 -0.008755	 -0.028776	  0.036119	 -0.006866	 -0.059363	 -0.001633
 -0.020656	  0.026191	 -0.042309	 -0.010008	 -0.047348	 -0.002684	 -0.054102	  0.009536	 -0.005861	 -0.007490	 -0.035323	  0.054146	 -0.027165	 -0.025321	 -0.024972
  0.005434	  0.027892	 -0.068145	 -0.004229	 -0.047343	  0.018211	 -0.046535	  0.012586	  0.005329	 -0.017693	 -0.047245	  0.069645	 -0.012960	 -0.006171	 -0.003559
  0.001319	  0.016229	 -0.041147	  0.018286	 -0.025991	  0.039504	 -0.015752	  0.009313	 -0.017907	  0.002668	 -0.038063	  0.072446	  0.019590	 -0.015493	 -0.015203
  0.010901	 -0.000028	 -0.028278	  0.025942	 -0.019165	  0.023375	  0.010344	  0.017034	 -0.019090	 -0.009470	 -0.033333	  0.040137	  0.005048	  0.002184	 -0.029960
  0.013531	 -0.009977	 -0.029765	  0.043550	 -0.004154	  0.031163	  0.038390	  0.015070	 -0.017536	  0.002883	 -0.011224	  0.026496	 -0.014282	  0.026148	 -0.016272
  0.007997	 -0.024312	 -0.021644	  0.030853	  0.006595	  0.037325	  0.028583	  0.008514	 -0.023580	  0.023731	  0.014848	  0.005747	 -0.025740	  0.011050	 -0.006481
  0.024180	 -0.031657	 -0.009421	  0.009344	  0.039274	  0.024272	  0.033319	 -0.004418	 -0.026325	  0.029896	  0.011801	  0.001451	 -0.019138	  0.011137	 -0.024766
  0.044787	 -0.013794	  0.014464	 -0.027344	  0.048483	 -0.003090	  0.043148	 -0.008645	 -0.017127	  0.008496	  0.010859	 -0.007319	 -0.007825	  0.029080	 -0.015069
  0.052491	 -0.026527	  0.017432	 -0.015571	  0.056249	 -0.015347	  0.033287	  0.001613	 -0.022502	 -0.009958	  0.027959	 -0.036507	  0.019925	  0.027715	  0.010496
  0.050260	 -0.027181	 -0.005304	 -0.027138	  0.047434	 -0.038835	  0.061051	  0.007498	 -0.007138	  0.016766	  0.046856	 -0.056416	  0.031689	  0.042965	  0.018118
  0.041566	 -0.012500	  0.002755	 -0.016633	  0.040462	 -0.038620	  0.065608	  0.001204	 -0.009249	  0.004341	  0.072909	 -0.060571	  0.034835	  0.027367	  0.016049
  0.048532	 -0.005616	 -0.003258	 -0.038473	  0.041601	 -0.008218	  0.068422	 -0.010370	 -0.000677	  0.016872	  0.078076	 -0.066036	  0.015356	  0.038425	  0.023239
  0.038519	 -0.007165	  0.024728	 -0.063393	  0.047293	 -0.001098	  0.069311	  0.014756	  0.022029	  0.021215	  0.067443	 -0.063888	  0.017449	  0.052401	  0.045542
  0.044559	  0.001387	  0.021744	 -0.070811	  0.040140	  0.002252	  0.055031	  0.011484	  0.024377	 -0.002331	  0.080389	 -0.061586	  0.066098	  0.025508	  0.035972
  0.067183	  0.001973	 -0.010644	 -0.075624	  0.032072	 -0.017904	  0.037722	  0.003366	  0.033521	  0.005001	  0.083656	 -0.068332	  0.086773	 -0.002228	  0.019442
  0.094715	  0.010425	  0.016546	 -0.091002	  0.023462	 -0.037062	  0.067158	  0.002956	  0.037589	  0.020392	  0.106591	 -0.077302	  0.069448	 -0.026453	  0.025780
  0.085916	  0.033583	  0.042543	 -0.097625	  0.009537	 -0.033253	  0.079985	 -0.001107	  0.031167	 -0.003950	  0.133084	 -0.092029	  0.052233	 -0.023437	  0.024420
  0.075623	  0.025819	  0.057448	 -0.089787	  0.008364	 -0.031669	  0.086997	  0.000953	  0.044829	 -0.014392	  0.122481	 -0.092328	  0.047769	 -0.033190	  0.037989
  0.076271	  0.028499	  0.065637	 -0.101061	  0.022987	 -0.025701	  0.068746	 -0.014796	  0.038805	  0.002973	  0.128960	 -0.076424	  0.042033	 -0.039350	  0.042421
  0.073346	  0.054607	  0.065383	 -0.078793	  0.002032	 -0.016369	  0.041018	 -0.032674	  0.032938	 -0.010638	  0.118889	 -0.067433	  0.020252	 -0.069774	  0.020058
  0.016284	  0.055943	  0.063434	 -0.079851	  0.006104	 -0.051969	  0.050183	 -0.031823	  0.030782	  0.002065	  0.112176	 -0.045047	  0.014424	 -0.083016	 -0.021967
 -0.014293	  0.027540	  0.059405	 -0.091773	  0.028740	 -0.059352	  0.020511	 -0.032317	  0.030847	  0.030462	  0.099288	 -0.043178	  0.026251	 -0.102586	 -0.039767
 -0.030066	  0.001921	  0.060009	 -0.103815	  0.011887	 -0.064482	  0.007350	 -0.030619	  0.035975	  0.037438	  0.125022	 -0.048614	  0.004019	 -0.136581	 -0.073087
 -0.029857	 -0.009811	  0.068988	 -0.088023	 -0.041295	 -0.081835	  0.006785	 -0.048710	  0.025670	  0.009751	  0.127051	 -0.022217	 -0.011663	 -0.151238	 -0.090039
 -0.017012	 -0.010627	  0.065531	 -0.079493	 -0.049243	 -0.062724	  0.010826	 -0.065864	  0.005110	  0.011163	  0.110806	 -0.001574	 -0.012094	 -0.153266	 -0.091253
 -0.006554	 -0.018574	  0.051376	 -0.071674	 -0.040419	 -0.032966	  0.023009	 -0.061323	 -0.024408	  0.004108	  0.088849	 -0.023038	 -0.037908	 -0.123517	 -0.113946
 -0.008550	 -0.026953	  0.040663	 -0.053665	 -0.049264	 -0.045060	  0.028550	 -0.066015	 -0.033841	  0.002289	  0.063509	 -0.028645	 -0.041219	 -0.112078	 -0.134953
 -0.016818	  0.001665	  0.025833	 -0.053853	 -0.065035	 -0.012263	  0.019469	 -0.074291	 -0.029815	  0.013197	  0.041562	 -0.010550	 -0.025620	 -0.127328	 -0.158932
 -0.012214	  0.023378	  0.021657	 -0.062574	 -0.087700	  0.032973	 -0.009523	 -0.070530	 -0.040344	 -0.004699	  0.033625	  0.009794	 -0.031676	 -0.157394	 -0.178727
  0.008272	  0.055757	  0.028164	 -0.080275	 -0.054582	  0.048102	 -0.019643	 -0.068715	 -0.041813	 -0.011341	  0.056733	  0.038940	 -0.016924	 -0.170280	 -0.160287
 -0.025493	  0.079074	  0.039917	 -0.108791	 -0.048103	  0.036340	 -0.003140	 -0.046577	 -0.035051	  0.009505	  0.060402	  0.064864	  0.006858	 -0.154336	 -0.153303
 -0.003378	  0.089728	  0.027233	 -0.106339	 -0.051184	  0.024946	  0.005247	 -0.013942	 -0.045457	  0.004662	  0.067477	  0.055588	  0.012705	 -0.115515	 -0.144902
  0.017940	  0.115003	  0.029998	 -0.101056	 -0.062487	  0.012743	 -0.008347	 -0.039162	 -0.059532	 -0.013115	  0.041244	  0.072757	  0.028495	 -0.087985	 -0.101454
 -0.009879	  0.108594	  0.022834	 -0.090983	 -0.075667	  0.033042	 -0.011400	 -0.024712	 -0.064697	 -0.010361	  0.028949	  0.081830	  0.031333	 -0.085139	 -0.083053
 -0.057164	  0.092757	  0.045338	 -0.098665	 -0.082154	  0.054464	 -0.004033	 -0.027829	 -0.089232	 -0.028428	  0.016530	  0.076024	 -0.015753	 -0.107184	 -0.094040
 -0.054531	  0.106799	  0.066312	 -0.102832	 -0.087676	  0.068605	  0.001930	 -0.033377	 -0.066431	 -0.018056	  0.010198	  0.078975	 -0.018199	 -0.097392	 -0.086937
 -0.005857	  0.107860	  0.044227	 -0.123275	 -0.073917	  0.072013	  0.007170	 -0.008931	 -0.080007	 -0.019932	  0.020862	  0.080408	 -0.005332	 -0.103028	 -0.072064
  0.012535	  0.107383	  0.045050	 -0.115452	 -0.082932	  0.015182	  0.029614	 -0.013027	 -0.086772	 -0.011413	 -0.010034	  0.055917	  0.020861	 -0.094469	 -0.073434
  0.042876	  0.105753	  0.065691	 -0.111743	 -0.086226	  0.005200	  0.052312	 -0.030522	 -0.081659	 -0.002009	  0.007680	  0.068447	  0.043715	 -0.082276	 -0.034086
  0.060456	  0.125154	  0.054951	 -0.113187	 -0.069033	  0.023163	  0.059270	  0.012265	 -0.080549	  0.004092	  0.017414	  0.085856	  0.063270	 -0.081185	 -0.040534
  0.086834	  0.127694	  0.036858	 -0.118698	 -0.046766	  0.017939	  0.074646	  0.029135	 -0.065647	  0.026244	  0.028711	  0.110377	  0.054836	 -0.062648	 -0.047054
  0.104490	  0.128688	  0.054379	 -0.116289	 -0.031868	  0.008054	  0.077717	  0.004297	 -0.051925	  0.051290	  0.034787	  0.095093	  0.042872	 -0.015227	 -0.021896
  0.127415	  0.132956	  0.059036	 -0.076919	 -0.025594	  0.016695	  0.092552	 -0.014904	 -0.066228	  0.063046	  0.045446	  0.035472	  0.018134	 -0.004843	 -0.016663
  0.120024	  0.128336	  0.027978	 -0.060835	 -0.029347	  0.010993	  0.083151	 -0.000757	 -0.078059	  0.048471	  0.070139	 -0.003310	 -0.001593	  0.004018	 -0.014874
  0.125929	  0.134269	  0.030712	 -0.057841	 -0.009468	 -0.017503	  0.083716	  0.029198	 -0.090211	  0.031549	  0.054750	 -0.030952	  0.025859	 -0.003216	 -0.028457
  0.126867	  0.122089	  0.033215	 -0.052262	  0.018136	 -0.053010	  0.105607	  0.020658	 -0.077453	  0.044659	  0.072027	 -0.033509	  0.025432	  0.014194	 -0.041941
  0.124216	  0.094160	  0.037751	 -0.031896	  0.014834	 -0.057126	  0.101343	  0.031628	 -0.060137	  0.047187	  0.070375	 -0.039700	  0.019817	  0.019364	 -0.043806
  0.107005	  0.057341	  0.029959	 -0.022003	  0.031596	 -0.041286	  0.086891	  0.033631	 -0.086277	  0.033579	  0.046624	 -0.055485	  0.012416	  0.023847	 -0.019668
  0.100667	  0.034730	 -0.002393	 -0.036031	  0.054697	 -0.031371	  0.064171	  0.033246	 -0.069537	  0.030780	  0.044763	 -0.040304	 -0.000530	  0.027323	 -0.020036
  0.079788	  0.044699	 -0.018693	 -0.040612	  0.024980	 -0.025637	  0.050892	  0.024041	 -0.073647	  0.042347	  0.055194	 -0.053425	  0.004702	  0.016602	 -0.043471
  0.052504	  0.047545	 -0.016958	 -0.035362	  0.033854	 -0.012156	  0.054370	  0.054369	 -0.088546	  0.031689	  0.061357	 -0.080034	 -0.005261	 -0.013246	 -0.035089
  0.056657	  0.024107	  0.003878	 -0.032510	  0.009603	 -0.020964	  0.076574	  0.023737	 -0.098613	  0.032396	  0.080260	 -0.118087	 -0.048158	 -0.005786	 -0.040233
  0.069818	  0.024174	  0.017498	 -0.054250	  0.004019	 -0.030867	  0.047358	  0.019045	 -0.090405	  0.025422	  0.071593	 -0.138513	 -0.060401	 -0.007272	 -0.040186
  0.069100	  0.029929	  0.033453	 -0.062046	  0.037561	 -0.031212	  0.044773	  0.003484	 -0.081643	 -0.003833	  0.072054	 -0.166670	 -0.051463	 -0.045776	 -0.037200
  0.065736	  0.042147	  0.026227	 -0.054282	  0.058340	 -0.001464	  0.055860	 -0.049693	 -0.065423	 -0.024923	  0.062728	 -0.165124	 -0.038870	 -0.052362	 -0.034662
  0.041836	  0.057866	  0.031597	 -0.041075	  0.058970	  0.027326	  0.036202	 -0.061102	 -0.048177	 -0.066692	  0.064316	 -0.170200	 -0.037123	 -0.048915	 -0.022662
  0.018453	  0.055623	  0.039506	 -0.062208	  0.034732	  0.044755	  0.017637	 -0.061456	 -0.028479	 -0.077892	  0.097878	 -0.201481	 -0.044692	 -0.043072	  0.002283
 -0.007399	  0.038099	  0.071255	 -0.072672	  0.028139	  0.018482	  0.017623	 -0.041184	 -0.024592	 -0.080600	  0.108536	 -0.211673	 -0.051996	 -0.021757	  0.006832
 -0.018525	  0.010814	  0.083221	 -0.059034	  0.029664	 -0.001210	  0.023632	 -0.044388	  0.021186	 -0.065096	  0.107108	 -0.226311	 -0.019956	  0.007006	  0.027217
  0.000472	 -0.002990	  0.081671	 -0.051416	  0.029293	  0.010217	  0.024840	 -0.046193	  0.049392	 -0.071609	  0.100566	 -0.221197	  0.031395	  0.006315	  0.034434
  0.012860	  0.030198	  0.095575	 -0.069913	  0.018432	  0.007480	  0.058701	 -0.056518	  0.070597	 -0.082540	  0.086875	 -0.201070	  0.038651	 -0.007505	  0.022491
  0.021385	  0.040357	  0.097685	 -0.104026	  0.009238	  0.024622	  0.049537	 -0.082463	  0.102256	 -0.100476	  0.062351	 -0.197188	  0.031359	 -0.020661	  0.009602
  0.015494	  0.049266	  0.112346	 -0.105827	  0.017827	  0.043690	  0.043713	 -0.080390	  0.098406	 -0.102957	  0.055899	 -0.173043	  0.034420	 -0.019815	 -0.005201
  0.008157	  0.054616	  0.096754	 -0.112471	  0.028047	  0.061101	  0.037852	 -0.064667	  0.119281	 -0.085528	  0.044239	 -0.141536	 -0.007002	 -0.041264	 -0.001726
  0.032467	  0.060515	  0.072710	 -0.107900	  0.056711	  0.053588	  0.044979	 -0.078726	  0.117241	 -0.075556	  0.063984	 -0.108251	  0.008919	 -0.063420	 -0.013705
  0.018235	  0.004625	  0.084944	 -0.079430	  0.044923	  0.051748	  0.084783	 -0.083644	  0.108509	 -0.052540	  0.086156	 -0.105738	  0.020436	 -0.061876	 -0.015189
  0.001963	 -0.044768	  0.101771	 -0.065499	  0.011532	  0.058654	  0.089540	 -0.064957	  0.104282	 -0.056189	  0.089762	 -0.114590	  0.020630	 -0.036957	  0.007367
 -0.016518	 -0.025739	  0.130571	 -0.099873	 -0.001204	  0.061411	  0.095467	 -0.039665	  0.078660	 -0.042163	  0.105648	 -0.089673	  0.031081	 -0.004135	  0.010593
 -0.028767	 -0.004377	  0.124416	 -0.104664	  0.037265	  0.079187	  0.106568	 -0.011615	  0.083040	 -0.013104	  0.064257	 -0.054888	  0.066116	  0.000694	 -0.010571
 -0.028850	  0.015064	  0.110015	 -0.086343	  0.028366	  0.071138	  0.119742	  0.019068	  0.061567	  0.012390	  0.044351	 -0.031322	  0.088833	 -0.008235	 -0.022725
 -0.020223	  0.035695	  0.122727	 -0.095585	  0.024539	  0.067118	  0.124688	  0.025912	  0.013501	  0.044971	  0.026993	  0.000655	  0.092878	 -0.037770	 -0.037042
 -0.030350	  0.027938	  0.107386	 -0.106987	  0.031927	  0.092249	  0.097786	  0.043646	  0.002656	  0.042524	  0.006891	 -0.004198	  0.086972	 -0.062407	 -0.065458
 -0.030118	  0.019303	  0.090421	 -0.109908	  0.042414	  0.132996	  0.090790	  0.035097	 -0.002817	  0.033060	 -0.007960	 -0.010489	  0.060457	 -0.067424	 -0.092871
 -0.002242	  0.049883	  0.081667	 -0.102106	  0.040401	  0.136185	  0.104611	  0.030156	 -0.009018	  0.051763	 -0.040026	  0.004648	  0.076724	 -0.082684	 -0.087438
  0.006111	  0.029409	  0.047677	 -0.098995	  0.028893	  0.142452	  0.099349	  0.031314	 -0.018076	  0.084484	 -0.034045	  0.030656	  0.087770	 -0.101110	 -0.059866
  0.014577	  0.022694	  0.033787	 -0.115896	  0.019571	  0.094951	  0.110943	  0.014327	 -0.030867	  0.130686	 -0.030721	  0.010388	  0.089283	 -0.049410	 -0.040320
  0.007990	  0.011785	  0.021734	 -0.088647	 -0.008610	  0.038210	  0.087885	 -0.009568	 -0.029023	  0.148288	 -0.010350	  0.003097	  0.126298	 -0.043350	 -0.043733
  0.002177	  0.000483	  0.005072	 -0.060259	  0.008374	  0.024698	  0.084075	 -0.003200	 -0.040515	  0.150164	 -0.012037	  0.020325	  0.148683	 -0.089573	 -0.048953
 -0.006871	  0.027042	  0.022607	 -0.046486	 -0.013204	  0.015722	  0.093626	 -0.010625	 -0.039941	  0.159151	 -0.011159	  0.013650	  0.112250	 -0.097044	 -0.015804
 -0.027651	  0.043007	 -0.008531	 -0.042168	 -0.016322	  0.030048	  0.072923	 -0.033645	 -0.044516	  0.169704	 -0.018803	  0.013342	  0.083434	 -0.101332	 -0.013336
 -0.024431	  0.062107	 -0.006942	 -0.027156	 -0.035399	  0.008199	  0.026285	 -0.049002	 -0.084255	  0.156998	  0.002829	 -0.024179	  0.087692	 -0.096412	 -0.035968
 -0.051619	  0.035396	 -0.013458	 -0.016724	 -0.033720	 -0.005516	 -0.008083	 -0.064822	 -0.086611	  0.104471	  0.048674	 -0.034463	  0.076053	 -0.082819	 -0.034903
 -0.080936	  0.055089	 -0.012592	 -0.005414	 -0.049249	 -0.021432	 -0.017863	 -0.062988	 -0.064056	  0.066348	  0.070552	 -0.023423	  0.091831	 -0.065014	 -0.020876
 -0.072484	  0.050149	  0.020610	  0.010179	 -0.074691	 -0.043151	  0.000012	 -0.064191	 -0.065679	  0.084718	  0.090154	  0.017344	  0.080577	 -0.062801	 -0.023732
 -0.034205	  0.050397	  0.000493	 -0.005905	 -0.084116	 -0.070450	  0.006081	 -0.071257	 -0.066502	  0.063002	  0.085141	 -0.003184	  0.067279	 -0.064636	 -0.039413
 -0.027210	  0.032010	  0.018436	 -0.003481	 -0.093847	 -0.080948	  0.006597	 -0.067422	 -0.094235	  0.032582	  0.088100	 -0.025978	  0.046822	 -0.076263	 -0.041740
 -0.010442	  0.003992	  0.046476	 -0.009967	 -0.054958	 -0.020429	  0.015728	 -0.038024	 -0.121410	 -0.014438	  0.104272	 -0.042921	  0.009600	 -0.089433	 -0.063087
 -0.008267	  0.028132	  0.064324	 -0.005789	 -0.052000	 -0.012862	  0.003313	 -0.001662	 -0.116749	 -0.035887	  0.124114	 -0.029146	 -0.018219	 -0.104543	 -0.067353
  0.016937	  0.032431	  0.058640	 -0.035063	 -0.061987	 -0.015091	 -0.018579	  0.012809	 -0.112540	 -0.019262	  0.145825	 -0.025740	 -0.005682	 -0.100360	 -0.056801
  0.028334	  0.021127	  0.036715	 -0.057171	 -0.034224	 -0.005243	 -0.031878	 -0.003874	 -0.113671	 -0.002880	  0.173291	 -0.020995	 -0.020702	 -0.087917	 -0.048661
  0.036941	  0.044107	 -0.006974	 -0.067478	 -0.009535	  0.011288	 -0.031270	 -0.002317	 -0.081730	  0.019364	  0.208611	 -0.020619	  0.013099	 -0.077271	 -0.062323
  0.043924	  0.058452	 -0.015590	 -0.071600	 -0.021862	  0.036002	 -0.062136	 -0.014974	 -0.068189	 -0.021078	  0.225665	 -0.003990	  0.025673	 -0.045685	 -0.058024
  0.036318	  0.024206	  0.018220	 -0.042270	 -0.047543	  0.006019	 -0.071696	 -0.015170	 -0.076657	 -0.058287	  0.202902	 -0.039225	  0.024423	 -0.045851	 -0.039198
  0.030486	  0.028886	  0.060718	 -0.035551	 -0.045233	 -0.023246	 -0.062567	 -0.008660	 -0.061246	 -0.076333	  0.182016	 -0.074184	  0.025316	 -0.052272	 -0.052046
  0.018074	  0.022850	  0.022679	 -0.025713	 -0.030722	 -0.010244	 -0.051617	 -0.018705	 -0.048368	 -0.070686	  0.183705	 -0.080857	 -0.006708	 -0.061744	 -0.061789
  0.040201	  0.021522	  0.001427	 -0.007361	 -0.029472	  0.015008	 -0.038597	 -0.007057	 -0.006194	 -0.070054	  0.183980	 -0.102619	 -0.025065	 -0.072598	 -0.065260
  0.039583	  0.044475	  0.023170	 -0.004563	 -0.003412	  0.015082	 -0.024351	  0.006137	  0.002428	 -0.094780	  0.181925	 -0.078176	 -0.019905	 -0.069518	 -0.062355
  0.042937	  0.038954	  0.053283	 -0.034670	  0.013347	  0.007392	 -0.007202	  0.032905	 -0.002818	 -0.101762	  0.150224	 -0.074804	 -0.009292	 -0.061876	 -0.106206
  0.043184	  0.011082	  0.074917	 -0.044184	  0.002991	  0.024857	  0.019727	  0.037813	  0.020181	 -0.105663	  0.167290	 -0.083522	 -0.011117	 -0.059097	 -0.119662
  0.052548	  0.028024	  0.084270	 -0.048960	 -0.021732	  0.032551	  0.063401	  0.034004	  0.024161	 -0.095061	  0.197413	 -0.078331	 -0.011374	 -0.043590	 -0.109725
  0.047457	  0.014274	  0.067160	 -0.060569	 -0.025033	  0.036974	  0.043501	  0.027906	  0.026844	 -0.092267	  0.193566	 -0.082460	 -0.032429	 -0.041921	 -0.076117
  0.060387	  0.023117	  0.051400	 -0.055680	 -0.020420	  0.042044	  0.049116	  0.014594	  0.039746	 -0.097720	  0.175828	 -0.092924	 -0.039031	 -0.059754	 -0.058990
  0.049607	  0.032342	  0.063198	 -0.058787	 -0.012225	  0.036486	  0.058314	 -0.009611	  0.034605	 -0.071885	  0.158279	 -0.085743	 -0.031303	 -0.035158	 -0.063201
  0.046535	  0.048530	  0.043933	 -0.066532	 -0.009294	  0.062747	  0.037937	 -0.025029	  0.058560	 -0.094319	  0.122787	 -0.061665	 -0.028701	 -0.043800	 -0.034602
  0.041773	  0.042507	  0.019424	 -0.097280	 -0.006695	  0.052267	  0.052329	 -0.042516	  0.056244	 -0.096504	  0.100685	 -0.064569	 -0.017276	 -0.027884	 -0.030357
  0.038748	  0.022109	  0.036129	 -0.083897	  0.000672	  0.048439	  0.075038	 -0.074290	  0.054735	 -0.065298	  0.136901	 -0.073003	 -0.010558	 -0.029968	 -0.040529
  0.045782	  0.011638	  0.060348	 -0.060727	  0.018419	  0.044554	  0.065331	 -0.072125	  0.043018	 -0.031644	  0.157437	 -0.043082	 -0.005801	 -0.029611	 -0.073204
  0.075387	  0.010858	  0.069911	 -0.028435	  0.012870	  0.021789	  0.076760	 -0.062820	  0.025370	 -0.052690	  0.155949	 -0.030290	 -0.030154	 -0.029875	 -0.087242
  0.095051	  0.010336	  0.074643	 -0.016962	  0.000903	  0.051373	  0.082653	 -0.071889	  0.052116	 -0.060359	  0.132472	 -0.016891	 -0.037882	 -0.037026	 -0.091275
  0.096135	  0.028259	  0.082617	 -0.036314	  0.037485	  0.019695	  0.105822	 -0.081252	  0.065180	 -0.032257	  0.108441	  0.006471	 -0.046894	 -0.027375	 -0.074690
  0.088712	  0.050633	  0.076470	 -0.049052	  0.026319	  0.001340	  0.098645	 -0.074500	  0.040300	 -0.058225	  0.099369	  0.013040	 -0.060049	 -0.019622	 -0.062053
  0.075265	  0.051043	  0.071903	 -0.070160	  0.039580	 -0.024888	  0.087333	 -0.045117	  0.007447	 -0.049398	  0.118104	  0.020184	 -0.052147	 -0.027674	 -0.064659
  0.081396	  0.042366	  0.072498	 -0.061528	  0.065921	 -0.015104	  0.083298	 -0.026608	 -0.038836	 -0.042017	  0.134610	  0.026034	 -0.033275	 -0.053157	 -0.036199
  0.086664	  0.038787	  0.052397	 -0.066141	  0.044957	  0.001126	  0.088118	 -0.016622	 -0.026686	 -0.038058	  0.107532	  0.010856	 -0.032857	 -0.065942	 -0.010562
  0.108105	  0.052655	  0.057002	 -0.074202	  0.030706	 -0.007702	  0.092710	 -0.017102	 -0.019290	 -0.051337	  0.095245	  0.005446	 -0.014459	 -0.064809	  0.031425
  0.097627	  0.060109	  0.046491	 -0.064240	  0.016666	  0.003188	  0.082834	 -0.021645	  0.010829	 -0.067001	  0.126480	  0.030881	 -0.012872	 -0.038118	  0.021048
  0.094628	  0.063754	  0.036576	 -0.040800	 -0.021534	 -0.018255	  0.058314	 -0.034883	 -0.005548	 -0.050616	  0.134493	  0.038750	 -0.031312	 -0.002707	 -0.020751
  0.101392	  0.078932	  0.066063	 -0.041157	 -0.063929	 -0.039752	  0.041970	 -0.048313	 -0.035657	 -0.043760	  0.126436	  0.029417	 -0.044256	 -0.029055	 -0.043184
  0.077189	  0.105510	  0.067326	 -0.060121	 -0.083087	 -0.010564	  0.044836	 -0.038659	 -0.036239	 -0.043983	  0.137307	  0.003376	 -0.018095	 -0.029005	 -0.044582
  0.070550	  0.097767	  0.070622	 -0.046663	 -0.124394	  0.018801	  0.031068	 -0.039339	 -0.027303	 -0.043333	  0.160958	 -0.018704	 -0.038463	  0.000267	 -0.049892
  0.081111	  0.077905	  0.063727	 -0.044188	 -0.154678	  0.043698	  0.014621	 -0.050093	 -0.007534	 -0.008623	  0.147903	 -0.041160	 -0.083432	  0.002999	 -0.064988
  0.050718	  0.090118	  0.067609	 -0.045448	 -0.135182	  0.027834	  0.025538	 -0.052630	  0.013495	  0.011390	  0.128885	 -0.038134	 -0.058694	 -0.011946	 -0.057833
  0.049878	  0.112950	  0.045426	 -0.037281	 -0.153001	  0.021307	  0.042916	 -0.032095	  0.015610	 -0.016886	  0.102359	 -0.029314	 -0.027621	  0.000112	 -0.061766
  0.029786	  0.115201	  0.037660	 -0.057253	 -0.119288	  0.022624	  0.040578	 -0.051368	  0.001736	 -0.033736	  0.053522	 -0.005635	 -0.020571	 -0.002955	 -0.056047
  0.035265	  0.113949	  0.061860	 -0.087684	 -0.080213	  0.007343	  0.075044	 -0.060112	 -0.005468	 -0.051848	  0.039897	 -0.020473	 -0.040839	 -0.008213	 -0.037591
  0.059121	  0.105534	  0.059900	 -0.108559	 -0.126586	  0.024384	  0.046280	 -0.046346	 -0.008768	 -0.050239	  0.029698	 -0.044281	 -0.043835	 -0.023686	 -0.050493
  0.059357	  0.084531	  0.059922	 -0.132246	 -0.136515	  0.024383	  0.042110	 -0.068049	  0.024524	 -0.040606	  0.028996	 -0.051301	 -0.049803	 -0.055202	 -0.058414
  0.056548	  0.045701	  0.057623	 -0.119714	 -0.130330	  0.019597	  0.026601	 -0.065448	  0.020896	 -0.010087	  0.033738	 -0.024668	 -0.038151	 -0.036676	 -0.058527
  0.020860	  0.059419	  0.082624	 -0.084344	 -0.104563	  0.036023	  0.051181	 -0.030477	  0.011113	  0.026196	  0.024398	 -0.009526	 -0.030159	 -0.036322	 -0.055688
 -0.009570	  0.048118	  0.103187	 -0.074505	 -0.092719	  0.052724	  0.056240	 -0.013461	 -0.009733	  0.061083	  0.036877	 -0.039190	  0.009402	 -0.060202	 -0.060861
 -0.007562	  0.029669	  0.080313	 -0.091440	 -0.079704	  0.081443	  0.063291	 -0.014847	 -0.008908	  0.056594	  0.040923	 -0.038984	  0.020476	 -0.045691	 -0.051613
  0.015273	  0.045300	  0.084414	 -0.077339	 -0.065044	  0.080668	  0.081774	 -0.017501	  0.003123	  0.055622	  0.051268	 -0.049595	  0.020683	 -0.044721	 -0.041343
  0.013546	  0.045331	  0.101777	 -0.050723	 -0.057557	  0.097230	  0.078326	  0.004880	  0.033012	  0.054907	  0.049084	 -0.046073	  0.016405	 -0.056831	 -0.045127
  0.029581	  0.041793	  0.103540	 -0.069032	 -0.037889	  0.093195	  0.047059	  0.024318	  0.045272	  0.041985	  0.043850	 -0.055871	  0.011601	 -0.062218	 -0.062003
  0.030091	  0.055431	  0.086220	 -0.038287	  0.009733	  0.088159	  0.006973	  0.031172	  0.066510	  0.020627	  0.057788	 -0.046216	  0.031572	 -0.046561	 -0.088417
  0.036047	  0.096943	  0.071616	 -0.024411	  0.028371	  0.093814	  0.019216	  0.021915	  0.056345	  0.052889	  0.043665	 -0.039252	  0.036665	 -0.037866	 -0.086436
  0.039712	  0.062031	  0.072307	 -0.022505	  0.059619	  0.058882	 -0.003990	  0.019983	  0.039508	  0.084358	  0.024395	 -0.023355	  0.050444	 -0.038684	 -0.056061
  0.013758	  0.024374	  0.069558	 -0.034502	  0.061010	  0.037561	 -0.022863	  0.030182	  0.067080	  0.047401	  0.011999	 -0.003388	  0.059331	 -0.055708	 -0.059340
  0.047504	  0.049466	  0.043615	 -0.049462	  0.074902	  0.026667	 -0.024465	  0.041124	  0.050775	  0.055404	 -0.010566	 -0.010271	  0.038094	 -0.074644	 -0.080230
  0.071642	  0.087107	  0.051248	 -0.058315	  0.071438	  0.009870	 -0.052335	  0.039261	  0.021803	  0.077385	 -0.004114	 -0.027446	  0.059994	 -0.066864	 -0.074998
  0.087368	  0.037643	  0.064893	 -0.044313	  0.077759	  0.006126	 -0.065545	  0.038286	 -0.015091	  0.061342	 -0.000011	 -0.054626	  0.074644	 -0.035606	 -0.043748
  0.113767	  0.001211	  0.072222	 -0.009447	  0.085482	  0.012911	 -0.074392	  0.065147	 -0.023016	  0.060429	  0.039486	 -0.061718	  0.075797	 -0.049125	 -0.058769
  0.103833	  0.016573	  0.096326	  0.017022	  0.094735	 -0.028317	 -0.051336	  0.083718	 -0.033060	  0.049051	  0.056035	 -0.064004	  0.073776	 -0.065020	 -0.062622
  0.096985	  0.017145	  0.097869	  0.022050	  0.083253	 -0.048528	 -0.041763	  0.076617	 -0.032501	  0.052111	  0.056157	 -0.077884	  0.093306	 -0.069685	 -0.033517
  0.080828	  0.010999	  0.083543	  0.014596	  0.056689	 -0.065471	 -0.019511	  0.085156	 -0.038188	  0.046660	  0.074475	 -0.064868	  0.100381	 -0.079004	 -0.025405
  0.063895	  0.020698	  0.067514	  0.024069	  0.046032	 -0.070148	 -0.015222	  0.115141	 -0.009761	  0.048882	  0.112559	 -0.042482	  0.108765	 -0.078020	 -0.047115
  0.083380	  0.003744	  0.075543	  0.032919	  0.075494	 -0.044466	 -0.043277	  0.125163	 -0.012788	  0.062852	  0.105243	 -0.016675	  0.093613	 -0.061687	 -0.026496
  0.091304	  0.000893	  0.098810	  0.041353	  0.059962	 -0.034507	 -0.036856	  0.132031	 -0.024976	  0.056525	  0.104234	  0.032351	  0.103416	 -0.052175	 -0.016506
  0.079408	  0.001198	  0.087835	  0.040149	  0.013176	 -0.044771	 -0.016517	  0.103437	 -0.031388	  0.051299	  0.123781	  0.035701	  0.097623	 -0.027348	  0.006994
  0.070128	 -0.011851	  0.083315	  0.043819	  0.010493	 -0.051715	 -0.004825	  0.117687	 -0.030153	  0.026898	  0.125399	  0.023449	  0.073148	 -0.013879	  0.035967
  0.076268	 -0.003545	  0.098908	  0.030229	  0.022788	 -0.044564	  0.018681	  0.105200	 -0.017602	  0.013803	  0.093389	  0.006984	  0.054564	 -0.028771	  0.024788
  0.091357	 -0.017505	  0.072407	  0.026670	  0.000779	 -0.037189	  0.029964	  0.095561	 -0.007104	  0.001645	  0.100900	 -0.005976	  0.038272	 -0.010020	  0.020231
  0.095284	  0.004986	  0.061889	  0.010071	 -0.008920	 -0.019508	  0.028628	  0.107057	  0.005338	  0.006297	  0.133334	 -0.030557	  0.048320	 -0.005168	  0.004674
  0.063999	  0.001939	  0.059046	 -0.038831	 -0.066523	 -0.024253	  0.008561	  0.096577	 -0.009690	  0.003369	  0.115711	 -0.014460	  0.059589	 -0.008059	 -0.013666
  0.068757	  0.003939	  0.083079	 -0.039506	 -0.078990	 -0.026082	  0.004967	  0.065384	  0.002027	  0.000996	  0.109049	  0.005434	  0.062089	 -0.018673	 -0.021288
  0.070463	  0.024144	  0.095599	 -0.029322	 -0.060434	 -0.043509	  0.018294	  0.055495	  0.000286	  0.012000	  0.125911	  0.015205	  0.028604	  0.000278	 -0.053898
  0.063288	  0.024716	  0.065835	 -0.042700	 -0.069301	 -0.061815	  0.015132	  0.049820	 -0.008449	  0.017913	  0.142395	  0.016312	  0.037602	  0.035405	 -0.066070
  0.083308	  0.019721	  0.027104	 -0.054922	 -0.096657	 -0.042942	  0.008016	  0.023978	 -0.015472	  0.023489	  0.153576	 -0.000666	  0.016953	  0.035528	 -0.070383
  0.102572	  0.038198	  0.017391	 -0.029593	 -0.076794	 -0.020608	  0.016935	 -0.003517	 -0.026428	  0.010964	  0.155807	  0.005812	 -0.018032	  0.028714	 -0.079345
  0.092290	  0.041339	  0.006292	 -0.032312	 -0.044784	 -0.004394	  0.030641	 -0.004120	 -0.028937	  0.003437	  0.149449	 -0.018707	 -0.044494	 -0.005449	 -0.064130
  0.109516	  0.045876	  0.037781	 -0.056178	 -0.046904	  0.022814	  0.023492	 -0.016943	 -0.020926	 -0.003967	  0.144037	 -0.040765	 -0.049724	 -0.029036	 -0.048702
  0.121431	  0.075709	  0.058827	 -0.054713	 -0.040917	  0.032797	  0.017957	 -0.013276	 -0.026679	 -0.014464	  0.129436	 -0.043002	 -0.002775	 -0.017271	 -0.035382
  0.133125	  0.061806	  0.048131	 -0.077076	 -0.021852	  0.050417	  0.029848	 -0.018228	 -0.007281	 -0.008960	  0.133577	 -0.073213	 -0.006384	 -0.012446	 -0.033151
  0.133546	  0.046279	  0.024311	 -0.074844	 -0.000028	  0.054076	  0.049032	 -0.004932	 -0.004778	  0.011855	  0.115109	 -0.050804	 -0.008438	  0.000063	 -0.047752
  0.109187	  0.072106	  0.025217	 -0.074075	 -0.003776	  0.088109	  0.045918	 -0.022160	  0.018022	  0.029129	  0.114777	 -0.026063	  0.031316	 -0.001421	 -0.054186
  0.101534	  0.095854	 -0.003828	 -0.093678	 -0.027319	  0.104564	  0.060557	 -0.048565	 -0.007469	  0.028693	  0.112447	  0.000121	  0.029434	 -0.000293	 -0.063961
  0.122524	  0.113842	  0.006562	 -0.113552	 -0.056761	  0.107460	  0.066894	 -0.049663	 -0.007357	  0.018428	  0.120089	 -0.000959	  0.021062	  0.016298	 -0.091660
  0.130343	  0.101699	  0.041627	 -0.126634	 -0.054624	  0.119418	  0.059469	 -0.036477	 -0.007554	  0.033486	  0.125980	 -0.000174	  0.031227	  0.018340	 -0.092514
  0.103875	  0.093784	  0.063254	 -0.114491	 -0.023491	  0.109879	  0.055628	 -0.022501	  0.002031	  0.035414	  0.121161	  0.005358	  0.068992	 -0.011254	 -0.091774
  0.083370	  0.086219	  0.089434	 -0.094747	 -0.005358	  0.087299	  0.067302	 -0.020739	  0.001413	  0.022444	  0.119008	  0.003859	  0.080489	 -0.007050	 -0.119386
  0.057602	  0.088391	  0.103023	 -0.054541	 -0.044113	  0.073759	  0.083022	  0.006186	 -0.023907	  0.041146	  0.120539	 -0.001075	  0.086109	  0.001247	 -0.145637
  0.054985	  0.056430	  0.092860	 -0.050547	 -0.066300	  0.079270	  0.062419	  0.000306	 -0.015522	  0.033873	  0.127112	 -0.009903	  0.100039	  0.008560	 -0.152122
  0.057031	  0.059581	  0.122256	 -0.069166	 -0.076366	  0.062512	  0.024322	  0.018890	 -0.000540	  0.003806	  0.110966	 -0.041503	  0.116219	  0.006184	 -0.144289
  0.019400	  0.061832	  0.144607	 -0.062003	 -0.093751	  0.048709	  0.009238	  0.048091	 -0.000459	 -0.010705	  0.121565	 -0.044080	  0.127197	  0.003610	 -0.126102
  0.017591	  0.062536	  0.115305	 -0.044713	 -0.122939	  0.033960	  0.009666	  0.068059	  0.009218	 -0.027024	  0.124067	 -0.029542	  0.110050	 -0.022801	 -0.093945
  0.018796	  0.060755	  0.116235	 -0.050038	 -0.134009	  0.043813	  0.010830	  0.076268	  0.048081	 -0.055291	  0.114312	 -0.014281	  0.107725	 -0.056695	 -0.110849
  0.040481	  0.056495	  0.090247	 -0.053324	 -0.135793	  0.046930	  0.007816	  0.055453	  0.060471	 -0.009846	  0.108142	 -0.016668	  0.104450	 -0.019521	 -0.110742
  0.035332	  0.042603	  0.068813	 -0.050987	 -0.108818	  0.029059	  0.028201	  0.059004	  0.056059	 -0.002460	  0.103687	  0.002254	  0.096991	 -0.040040	 -0.116556
  0.028330	  0.041970	  0.059526	 -0.072445	 -0.087481	  0.025283	  0.014444	  0.054860	  0.073486	 -0.010557	  0.098243	  0.007124	  0.079235	 -0.057355	 -0.084093
  0.062508	  0.057152	  0.052144	 -0.069341	 -0.068060	  0.038029	 -0.017222	  0.066755	  0.075496	 -0.019732	  0.098560	  0.015125	  0.079164	 -0.063442	 -0.063603
  0.061754	  0.047732	  0.036868	 -0.054241	 -0.099648	  0.033130	 -0.046663	  0.052755	  0.066719	 -0.031225	  0.092038	  0.039804	  0.084498	 -0.084820	 -0.063113
  0.049261	  0.041270	  0.047511	 -0.074599	 -0.131442	  0.024787	 -0.047289	  0.044586	  0.071361	 -0.041542	  0.062060	  0.024249	  0.067327	 -0.086179	 -0.056139
  0.031338	  0.061261	  0.040396	 -0.073952	 -0.102641	  0.037268	 -0.039832	  0.050042	  0.061861	 -0.046676	  0.025125	  0.002346	  0.055246	 -0.079916	 -0.045165
  0.039825	  0.063580	  0.020616	 -0.048405	 -0.059246	  0.050745	 -0.019892	  0.036549	  0.031275	 -0.065982	  0.022335	 -0.008898	  0.034190	 -0.076201	 -0.034861
  0.037799	  0.046783	  0.019224	 -0.067723	 -0.065217	  0.050303	 -0.015633	  0.044362	  0.019085	 -0.062031	  0.029181	  0.002533	  0.015612	 -0.063803	 -0.024619
  0.041233	  0.053921	 -0.016602	 -0.058968	 -0.059654	  0.056959	 -0.022621	  0.046422	 -0.013170	 -0.050300	  0.048921	  0.021899	  0.033302	 -0.012957	 -0.014601
  0.065799	  0.062629	 -0.029830	 -0.034200	 -0.059165	  0.049899	 -0.033078	  0.032248	 -0.013930	 -0.051758	  0.053114	  0.026691	  0.055427	 -0.011767	 -0.027826
  0.078718	  0.067616	 -0.013855	 -0.054358	 -0.056747	  0.071855	 -0.015833	  0.039390	 -0.033444	 -0.033901	  0.048258	  0.008945	  0.057035	 -0.007093	 -0.004405
  0.099935	  0.067954	 -0.009220	 -0.056949	 -0.028704	  0.062285	 -0.014526	  0.046359	 -0.041382	 -0.036081	  0.050454	  0.006230	  0.091410	 -0.024435	 -0.014091
  0.088378	  0.068490	 -0.016453	 -0.062898	  0.005816	  0.071684	 -0.004382	  0.015545	 -0.053273	 -0.027684	  0.048188	 -0.006869	  0.096714	 -0.027393	 -0.013664
  0.081828	  0.070130	 -0.021009	 -0.066967	  0.046825	  0.073132	  0.004773	 -0.012826	 -0.088166	 -0.029864	  0.031162	  0.009890	  0.062639	 -0.029085	 -0.009943
  0.113881	  0.053633	 -0.038988	 -0.072313	  0.020051	  0.045839	  0.016779	 -0.056962	 -0.086788	 -0.030722	  0.042886	  0.001800	  0.036421	 -0.042146	  0.014457
  0.106638	  0.050430	 -0.037587	 -0.049535	 -0.001473	  0.057134	  0.029653	 -0.056096	 -0.070610	 -0.009889	  0.053890	  0.022482	  0.036772	 -0.022589	  0.022385
  0.086137	  0.064202	 -0.018367	 -0.083431	  0.025273	  0.064367	  0.036296	 -0.054793	 -0.046270	  0.015918	  0.071929	  0.020848	  0.032238	 -0.027608	  0.043196
  0.098260	  0.074614	  0.018399	 -0.094013	  0.048489	  0.056696	  0.049774	 -0.054598	 -0.047677	  0.010134	  0.066094	 -0.007421	  0.034608	 -0.016959	  0.029529
  0.101833	  0.082681	  0.002948	 -0.078450	  0.046044	  0.043797	  0.003319	 -0.049377	 -0.034849	  0.003242	  0.054905	 -0.028764	  0.067074	  0.002831	  0.034387
  0.058756	  0.075162	 -0.024063	 -0.074324	  0.034793	  0.014705	 -0.008270	 -0.036657	 -0.000752	  0.011398	  0.010302	 -0.030101	  0.096969	  0.039075	  0.070711
  0.048470	  0.074019	 -0.024857	 -0.078833	  0.046363	 -0.015243	  0.003379	 -0.015001	  0.003087	 -0.011309	 -0.008519	 -0.051350	  0.091046	  0.047438	  0.081145
  0.042812	  0.056863	 -0.024008	 -0.091877	  0.056088	 -0.025239	 -0.015287	 -0.028464	  0.015036	 -0.030827	 -0.001281	 -0.068734	  0.106036	  0.035978	  0.060158
  0.027860	  0.074035	  0.002439	 -0.105744	  0.055615	 -0.005294	  0.002429	 -0.032737	  0.005090	 -0.050604	 -0.012085	 -0.051412	  0.106680	  0.026211	  0.085925
  0.016218	  0.058315	  0.007430	 -0.077263	  0.072024	 -0.004707	  0.027044	 -0.005719	  0.003416	 -0.061567	 -0.022009	 -0.034037	  0.087848	  0.022363	  0.064287
  0.007100	  0.030864	  0.007475	 -0.059024	  0.064170	 -0.023058	  0.030262	  0.009851	  0.030376	 -0.065254	 -0.009311	 -0.043540	  0.083414	  0.011112	  0.024229
  0.037387	  0.010485	 -0.002658	 -0.080999	  0.051528	 -0.035769	  0.029222	  0.005417	  0.047189	 -0.076648	  0.016403	 -0.045993	  0.064784	  0.004391	  0.050436
  0.047687	  0.016492	  0.006562	 -0.062028	  0.035058	 -0.061892	  0.030397	 -0.014543	  0.058873	 -0.073877	  0.062677	 -0.044203	  0.078851	 -0.006544	  0.040254
  0.064406	  0.002931	  0.008969	 -0.072217	  0.053050	 -0.059377	  0.025539	 -0.026624	  0.070167	 -0.059367	  0.097269	 -0.057726	  0.104221	 -0.025085	  0.028217
  0.085963	 -0.012619	 -0.009850	 -0.086130	  0.052893	 -0.029061	  0.008089	 -0.029255	  0.045486	 -0.069718	  0.089730	 -0.083725	  0.074844	 -0.040066	  0.011042
  0.076597	 -0.014289	 -0.027779	 -0.063252	  0.044370	 -0.032999	 -0.003235	 -0.013782	  0.019976	 -0.092295	  0.101855	 -0.075674	  0.059248	 -0.081950	  0.021156
