:RUN-1	LEVEL SWEEP	TEMP:NaN	2/13/2024	5:43 PM	HR:NaN:SW EAR: L	SW FREQ: 4.00	# AVERAGES: 512	REP RATE (/sec): 39	DRIVER: 	SAMPLE (µsec): 40	MASKER dB: 0:Threshold: 66.2:NOTES-:CHAMBER-Bach:Avgs: 512;512;512;512;512;512;512;512;512;512;512;512;512
:Tries: 604;600;606;620;605;616;997;741;685;648;634;609;652
:Log: :Vary signal level: TRUE :Control: NaN:CFTS Version: V2.37.2 (R3379):LEVELS:20;25;30;35;40;45;50;55;60;65;70;75;80;:DATA  0.032223	 -0.014206	  0.068462	  0.047971	  0.034537	  0.024545	  0.019435	  0.026968	  0.030051	 -0.021452	 -0.049336	  0.063002	 -0.018686
  0.046286	 -0.026847	  0.043909	  0.034625	  0.047332	  0.026522	  0.036404	  0.013965	  0.010459	 -0.038998	 -0.033395	  0.050678	 -0.029620
  0.053278	 -0.013257	  0.048368	  0.041244	  0.032858	  0.028892	  0.054322	  0.009284	 -0.005554	 -0.046586	 -0.034186	  0.048346	 -0.035290
  0.048469	 -0.009237	  0.058881	  0.049234	  0.025413	  0.040111	  0.052738	 -0.023832	 -0.035199	 -0.055629	 -0.040043	  0.036968	 -0.041581
  0.046425	 -0.025350	  0.045359	  0.052636	  0.013793	  0.044853	  0.031649	 -0.032573	 -0.058466	 -0.062449	 -0.024000	  0.012723	 -0.037963
  0.027618	  0.006395	  0.051804	  0.006924	  0.006573	  0.013154	  0.025115	 -0.040115	 -0.048209	 -0.071456	 -0.039443	 -0.000350	 -0.021919
  0.032711	  0.038195	  0.009966	 -0.009648	  0.006388	  0.015777	  0.035015	 -0.036473	 -0.004384	 -0.046155	 -0.044803	  0.017053	 -0.033415
  0.025762	  0.042949	 -0.000379	 -0.008973	  0.020535	  0.011773	  0.053314	 -0.008630	  0.030763	 -0.019645	 -0.018666	 -0.000261	 -0.016445
  0.028310	  0.023051	  0.042241	  0.015568	  0.040153	 -0.000374	  0.046192	 -0.006565	  0.033573	 -0.000512	 -0.004037	 -0.000550	 -0.003229
  0.022101	 -0.012175	  0.036575	  0.013854	  0.056510	 -0.002436	  0.037667	  0.019022	  0.040639	  0.018652	 -0.000476	  0.026224	 -0.003325
  0.021789	 -0.007096	  0.022317	 -0.004776	  0.030390	 -0.016562	  0.040583	  0.036719	  0.031729	  0.036811	  0.006357	  0.019125	  0.012745
  0.018834	 -0.034044	  0.004024	 -0.010406	  0.017638	 -0.030080	  0.006850	  0.051506	  0.014354	  0.047052	  0.041038	  0.010176	  0.021219
 -0.012942	 -0.008736	 -0.007988	 -0.031105	 -0.021558	 -0.040569	 -0.011253	  0.036821	  0.014595	  0.075828	  0.065094	  0.002593	  0.004642
 -0.033586	 -0.001443	 -0.008528	 -0.033253	 -0.056368	 -0.035448	 -0.015825	  0.003388	  0.018141	  0.079800	  0.048123	 -0.021483	  0.007967
 -0.037897	 -0.004610	 -0.045597	 -0.038842	 -0.051725	 -0.026296	 -0.018027	 -0.018201	 -0.008320	  0.058216	  0.038886	 -0.033465	 -0.002992
 -0.041026	 -0.011826	 -0.080822	 -0.012324	 -0.045939	 -0.019860	 -0.037597	 -0.021020	 -0.024563	  0.051963	  0.027350	 -0.040434	  0.022668
 -0.049349	 -0.010166	 -0.104621	 -0.031302	 -0.037380	  0.000748	 -0.071520	 -0.006925	 -0.018011	  0.047722	  0.039028	 -0.042038	  0.029147
 -0.060401	  0.005413	 -0.085571	 -0.047162	 -0.032079	  0.001518	 -0.082356	  0.000848	 -0.004163	  0.005230	  0.031590	 -0.043195	  0.040476
 -0.087606	  0.033056	 -0.056335	 -0.024268	 -0.049256	 -0.018774	 -0.087144	 -0.004709	 -0.004865	 -0.028390	 -0.003705	 -0.052236	  0.055875
 -0.081001	  0.029936	 -0.042065	 -0.009999	 -0.037814	 -0.017492	 -0.115561	  0.000523	 -0.012572	 -0.030004	 -0.005374	 -0.052877	  0.049726
 -0.053547	 -0.005283	 -0.034301	 -0.010756	 -0.013983	 -0.001079	 -0.119404	  0.041539	 -0.051323	 -0.024104	 -0.006015	 -0.026777	  0.054352
 -0.047547	 -0.004507	 -0.030606	  0.006148	 -0.010448	 -0.008747	 -0.106876	  0.052347	 -0.082368	 -0.013616	 -0.002028	 -0.016842	  0.088538
 -0.084237	 -0.008606	 -0.029323	 -0.009910	 -0.022183	 -0.015135	 -0.084170	  0.035626	 -0.076819	 -0.023469	 -0.016990	  0.021725	  0.090595
 -0.075081	  0.011010	 -0.049882	 -0.023579	 -0.002387	 -0.033584	 -0.049678	  0.020877	 -0.076343	 -0.020217	 -0.061819	  0.046393	  0.086435
 -0.050579	  0.003065	 -0.043303	 -0.018053	 -0.016447	 -0.016853	 -0.052540	  0.000532	 -0.073230	 -0.005591	 -0.093504	  0.025863	  0.096369
 -0.068647	 -0.002960	 -0.013467	 -0.029143	 -0.023374	 -0.015363	 -0.063249	  0.001210	 -0.089912	 -0.011545	 -0.094475	  0.022569	  0.098042
 -0.097989	 -0.011280	 -0.020985	 -0.026458	 -0.008164	 -0.021361	 -0.066786	 -0.002862	 -0.073898	 -0.011578	 -0.084810	  0.031246	  0.120129
 -0.100052	 -0.028617	 -0.011405	 -0.053302	 -0.012301	 -0.019284	 -0.045983	  0.019015	 -0.058454	 -0.026074	 -0.084664	  0.058110	  0.101773
 -0.078288	 -0.044276	 -0.014051	 -0.069343	 -0.022826	  0.001391	 -0.021454	  0.006120	 -0.064963	 -0.074489	 -0.093594	  0.062824	  0.084066
 -0.052868	 -0.050010	 -0.012015	 -0.076191	 -0.043565	  0.014498	  0.009173	 -0.015633	 -0.090789	 -0.080444	 -0.104498	  0.057558	  0.062878
 -0.050309	 -0.048133	 -0.000775	 -0.091627	 -0.068295	  0.012484	  0.032054	 -0.027997	 -0.108891	 -0.053691	 -0.098923	  0.070202	  0.078226
 -0.041300	 -0.023290	 -0.022089	 -0.088802	 -0.074443	  0.008070	  0.009907	 -0.014812	 -0.101904	 -0.023024	 -0.115233	  0.071593	  0.101434
 -0.037948	 -0.001962	 -0.028566	 -0.080288	 -0.053181	  0.002287	  0.038216	  0.015886	 -0.057566	 -0.040558	 -0.101758	  0.111222	  0.118528
 -0.024685	 -0.026077	 -0.007433	 -0.068283	 -0.029553	  0.019221	  0.048384	  0.017181	 -0.047554	 -0.059456	 -0.059747	  0.119946	  0.081048
  0.024648	 -0.049405	 -0.016711	 -0.022377	 -0.032192	  0.010590	  0.054337	 -0.010926	 -0.050361	 -0.050123	 -0.034494	  0.131139	  0.056351
  0.029674	 -0.055395	 -0.013522	  0.005090	 -0.009846	  0.011170	  0.041412	 -0.047334	 -0.066273	 -0.053046	 -0.047623	  0.142281	  0.034169
  0.022675	 -0.043744	 -0.025865	 -0.015444	 -0.014135	 -0.012688	  0.019115	 -0.041210	 -0.104590	 -0.044788	 -0.048352	  0.154640	  0.048287
  0.047820	 -0.053302	 -0.055456	 -0.010979	 -0.042569	 -0.001615	  0.018145	 -0.037667	 -0.130905	 -0.032244	 -0.051925	  0.141841	  0.038028
  0.046462	 -0.089248	 -0.044225	 -0.004818	 -0.035658	  0.009969	  0.000725	 -0.033713	 -0.136146	 -0.062369	 -0.089500	  0.107496	  0.012589
  0.014970	 -0.085217	 -0.032288	 -0.007037	 -0.032219	  0.033627	 -0.009329	 -0.059858	 -0.118013	 -0.078957	 -0.092338	  0.102610	 -0.005447
  0.000390	 -0.065555	 -0.048660	 -0.013787	 -0.014195	  0.023729	  0.011108	 -0.061463	 -0.098824	 -0.089620	 -0.078142	  0.082939	 -0.038503
  0.003909	 -0.071104	 -0.063432	 -0.011703	 -0.011710	  0.014021	  0.024083	 -0.039548	 -0.095817	 -0.099281	 -0.057713	  0.044952	 -0.061373
 -0.027651	 -0.079973	 -0.079232	 -0.001826	 -0.026407	  0.029163	  0.011086	 -0.028503	 -0.093834	 -0.085612	 -0.059602	  0.032823	 -0.070468
 -0.031697	 -0.087555	 -0.091486	 -0.019574	 -0.057217	  0.027767	 -0.009916	 -0.034957	 -0.072264	 -0.072466	 -0.046862	  0.051559	 -0.060445
 -0.005346	 -0.071885	 -0.084123	 -0.013577	 -0.050248	  0.012703	 -0.020811	 -0.055195	 -0.064671	 -0.057630	 -0.009867	  0.079912	 -0.076359
 -0.009652	 -0.032469	 -0.073385	 -0.028600	 -0.043752	  0.033529	 -0.024069	 -0.081405	 -0.097777	 -0.050910	  0.022826	  0.077440	 -0.051190
 -0.032686	 -0.012460	 -0.078258	 -0.035250	 -0.042640	  0.036183	 -0.003862	 -0.087804	 -0.122359	 -0.030681	  0.005706	  0.061688	 -0.018579
 -0.038605	 -0.025757	 -0.102085	 -0.025149	 -0.064653	  0.027719	  0.019108	 -0.069509	 -0.142078	 -0.026452	  0.004801	  0.048227	  0.010370
 -0.000243	 -0.043446	 -0.114899	 -0.000491	 -0.057808	 -0.010186	  0.033724	 -0.071430	 -0.153780	 -0.038862	  0.022705	  0.040105	  0.031612
 -0.010606	 -0.056834	 -0.069018	 -0.026444	 -0.023410	 -0.026483	  0.030164	 -0.077630	 -0.144743	 -0.025627	  0.013799	  0.058928	  0.044659
 -0.002339	 -0.072964	 -0.039265	 -0.040063	 -0.010970	 -0.049100	  0.031644	 -0.062283	 -0.139748	 -0.012514	  0.010125	  0.068020	  0.040502
 -0.014753	 -0.084121	 -0.046470	 -0.027728	 -0.002974	 -0.042090	  0.032485	 -0.060201	 -0.092863	  0.002750	  0.009774	  0.042165	  0.036886
 -0.038189	 -0.092275	 -0.038641	 -0.023158	  0.006492	 -0.019791	  0.035897	 -0.072794	 -0.063979	 -0.021561	  0.022338	  0.019137	  0.045448
 -0.044469	 -0.084767	 -0.041976	 -0.050747	  0.009736	 -0.018853	  0.048275	 -0.063138	 -0.036026	 -0.012804	  0.038279	  0.044965	  0.059500
 -0.044509	 -0.100944	 -0.078445	 -0.051668	 -0.010921	 -0.010260	  0.083200	 -0.056153	 -0.026161	 -0.010918	  0.008651	  0.041017	  0.045384
 -0.020683	 -0.097856	 -0.055820	 -0.057088	 -0.018707	 -0.010328	  0.098101	 -0.043375	 -0.036157	  0.000461	 -0.007716	  0.006430	  0.029517
 -0.031692	 -0.054069	 -0.061180	 -0.055592	 -0.040494	 -0.014465	  0.092905	 -0.042058	 -0.027661	  0.001703	 -0.014956	 -0.042035	  0.016317
 -0.025024	 -0.046245	 -0.071113	 -0.063651	 -0.045407	 -0.011845	  0.098907	 -0.015321	 -0.052395	 -0.027320	 -0.015440	 -0.074417	 -0.050614
 -0.009472	 -0.063370	 -0.062096	 -0.089513	 -0.043489	 -0.013087	  0.079987	 -0.002295	 -0.071883	 -0.046686	 -0.022670	 -0.079903	 -0.112591
 -0.031056	 -0.060692	 -0.056908	 -0.097137	 -0.036306	 -0.007990	  0.070481	 -0.002793	 -0.050776	 -0.054307	 -0.047906	 -0.126622	 -0.151950
 -0.027511	 -0.060940	 -0.049339	 -0.061542	 -0.020302	 -0.034142	  0.057797	  0.017686	 -0.047304	 -0.065752	 -0.078498	 -0.177922	 -0.184514
 -0.025848	 -0.076633	 -0.050657	 -0.028895	 -0.015265	 -0.035725	  0.083069	  0.001163	 -0.036787	 -0.079854	 -0.126377	 -0.230195	 -0.209336
 -0.026177	 -0.084115	 -0.063521	 -0.007677	  0.001956	 -0.010828	  0.102512	 -0.018335	 -0.056893	 -0.080308	 -0.185808	 -0.243809	 -0.199962
 -0.037641	 -0.037575	 -0.046753	 -0.003299	  0.007951	  0.004145	  0.113668	  0.037107	 -0.070116	 -0.072673	 -0.254669	 -0.225978	 -0.172887
 -0.035275	 -0.022022	 -0.021457	 -0.027369	  0.002201	  0.023399	  0.092828	  0.072094	 -0.087500	 -0.090644	 -0.308509	 -0.220681	 -0.108557
 -0.056291	 -0.046245	 -0.020617	 -0.044665	 -0.021767	  0.009002	  0.063150	  0.054267	 -0.114087	 -0.093535	 -0.293506	 -0.166923	 -0.044155
 -0.113103	 -0.029235	 -0.018173	 -0.032204	 -0.004113	 -0.013530	  0.044765	  0.043060	 -0.113562	 -0.097883	 -0.261485	 -0.077239	  0.027540
 -0.103041	 -0.036476	 -0.017667	 -0.036061	 -0.000153	 -0.007366	  0.026196	  0.042828	 -0.094555	 -0.100350	 -0.205763	 -0.007568	  0.087729
 -0.093300	 -0.047019	 -0.044221	 -0.072099	 -0.016986	  0.001080	  0.009595	  0.039104	 -0.082292	 -0.105105	 -0.139142	  0.051858	  0.167675
 -0.060857	 -0.041778	 -0.051639	 -0.074743	 -0.012608	  0.039893	  0.027120	  0.051567	 -0.073850	 -0.093498	 -0.082028	  0.113685	  0.206630
 -0.052776	 -0.036403	 -0.044062	 -0.066568	 -0.010803	  0.027505	  0.029718	  0.052593	 -0.075975	 -0.077976	 -0.073718	  0.161835	  0.217602
 -0.049054	 -0.029576	 -0.029391	 -0.047300	 -0.005863	  0.036383	  0.022893	  0.028285	 -0.068652	 -0.054894	 -0.074594	  0.210061	  0.245331
 -0.029283	 -0.025014	 -0.034083	 -0.025464	  0.005979	  0.024019	 -0.000496	  0.015137	 -0.051753	 -0.019916	 -0.045489	  0.234416	  0.236425
 -0.041805	 -0.015860	 -0.002876	 -0.035090	  0.010590	  0.009721	 -0.023746	  0.009292	 -0.050894	 -0.003596	 -0.004520	  0.222031	  0.218232
 -0.050224	 -0.030651	  0.004738	 -0.031765	  0.016585	  0.011136	 -0.024268	  0.023906	  0.000033	  0.029800	  0.000856	  0.209100	  0.220771
 -0.035241	 -0.014911	 -0.025812	 -0.024000	  0.001501	  0.027123	 -0.030021	  0.030658	  0.050226	  0.036182	  0.000869	  0.226294	  0.194297
 -0.025920	  0.010177	 -0.058663	 -0.022712	  0.005751	  0.022122	 -0.047887	  0.038592	  0.059663	  0.020938	  0.021358	  0.191337	  0.145665
 -0.017042	 -0.000786	 -0.059332	 -0.043938	  0.025157	 -0.008693	 -0.056205	  0.038786	  0.053009	  0.037297	  0.017273	  0.165037	  0.088693
  0.010718	 -0.003671	 -0.032772	 -0.062338	  0.027396	 -0.015934	 -0.029281	  0.060419	  0.083140	  0.050916	 -0.005030	  0.131721	  0.066741
  0.033752	 -0.023391	 -0.042819	 -0.065433	  0.037373	 -0.015579	 -0.038528	  0.069882	  0.106746	  0.066085	 -0.015577	  0.096281	  0.043640
  0.024473	 -0.013619	 -0.029597	 -0.078888	  0.046576	  0.029242	 -0.007695	  0.086716	  0.089210	  0.063005	 -0.016196	  0.079996	  0.031684
  0.013511	  0.017144	 -0.033275	 -0.059211	  0.023317	  0.046121	  0.018299	  0.108158	  0.082691	  0.068807	 -0.023374	  0.065225	  0.045667
 -0.010424	 -0.013631	 -0.047936	 -0.070068	  0.007473	  0.041673	  0.015874	  0.096890	  0.054747	  0.082770	  0.005649	  0.066100	  0.061471
 -0.013651	 -0.011499	 -0.064406	 -0.098542	 -0.014753	  0.045568	  0.037261	  0.061141	 -0.004874	  0.096951	  0.050197	  0.096515	  0.114232
 -0.014622	 -0.033548	 -0.059946	 -0.063695	 -0.015960	  0.017303	  0.016441	  0.036573	 -0.018826	  0.102604	  0.084068	  0.126190	  0.155200
 -0.027659	 -0.063428	 -0.027297	 -0.043504	 -0.016200	  0.023969	  0.002634	  0.031373	 -0.005234	  0.087261	  0.104576	  0.133288	  0.173965
 -0.016672	 -0.049276	  0.001573	 -0.040378	 -0.039818	  0.042440	  0.017076	  0.040139	 -0.000040	  0.080494	  0.096030	  0.150334	  0.199116
  0.000855	 -0.045848	  0.004813	 -0.037769	 -0.054147	  0.060843	  0.026838	  0.040063	 -0.008226	  0.082192	  0.089736	  0.170360	  0.231721
  0.031932	 -0.041027	  0.018563	 -0.019194	 -0.040764	  0.071847	  0.065871	  0.051408	 -0.047302	  0.077572	  0.079974	  0.183173	  0.236578
  0.031968	 -0.036230	  0.032024	 -0.016196	 -0.021264	  0.068047	  0.085147	  0.040122	 -0.037193	  0.065765	  0.070687	  0.167971	  0.250160
  0.035744	 -0.021840	  0.038978	 -0.044763	 -0.012129	  0.058521	  0.070612	  0.028440	 -0.048796	  0.066469	  0.106134	  0.131100	  0.254892
  0.039078	 -0.008284	  0.019527	 -0.062595	 -0.009833	  0.036158	  0.095074	  0.022285	 -0.046205	  0.091125	  0.116608	  0.112836	  0.239897
  0.048039	 -0.021402	 -0.020170	 -0.073416	 -0.000562	  0.050170	  0.100945	  0.009079	 -0.025206	  0.098226	  0.088339	  0.108185	  0.205159
  0.039159	 -0.028975	 -0.012813	 -0.054455	  0.035422	  0.038366	  0.115630	 -0.001950	  0.005120	  0.096361	  0.060906	  0.122054	  0.194770
  0.020973	 -0.025981	 -0.001584	 -0.065249	  0.025921	  0.027120	  0.132554	  0.004049	  0.045320	  0.106762	  0.045225	  0.148035	  0.188964
  0.031929	 -0.049892	 -0.004464	 -0.084904	  0.042178	  0.023315	  0.122260	 -0.027749	  0.042208	  0.105324	  0.060450	  0.126748	  0.166425
  0.039760	 -0.063832	  0.007930	 -0.077635	  0.045133	  0.018703	  0.115306	 -0.032268	  0.045187	  0.069898	  0.048350	  0.069009	  0.150381
  0.009076	 -0.083477	  0.025138	 -0.067385	  0.037685	  0.045863	  0.110958	 -0.021499	  0.060175	  0.044560	  0.009190	  0.032802	  0.148744
 -0.000578	 -0.063591	  0.023095	 -0.042511	  0.036203	  0.040277	  0.088242	 -0.000474	  0.075280	  0.045924	 -0.020637	  0.001191	  0.113255
  0.018297	 -0.043255	 -0.013370	 -0.059085	  0.048661	  0.061674	  0.087067	  0.020123	  0.095706	  0.039821	 -0.012634	 -0.012392	  0.096429
  0.022807	 -0.052479	 -0.014975	 -0.076451	  0.054236	  0.065424	  0.098107	  0.020649	  0.128790	  0.019829	  0.002570	 -0.024361	  0.107171
  0.021268	 -0.047420	 -0.027100	 -0.081766	  0.065201	  0.055678	  0.111110	  0.007828	  0.130766	  0.032938	  0.031674	 -0.039486	  0.117293
  0.007399	 -0.049874	 -0.024188	 -0.081609	  0.047597	  0.064740	  0.112883	  0.022071	  0.130318	  0.018635	  0.068491	 -0.043266	  0.129958
  0.022005	 -0.049722	 -0.032899	 -0.081412	  0.034613	  0.066580	  0.091596	  0.056365	  0.115657	 -0.001773	  0.078385	 -0.041615	  0.123814
  0.021977	 -0.047666	 -0.047464	 -0.083239	  0.038133	  0.034765	  0.091029	  0.049432	  0.099461	 -0.007324	  0.087443	 -0.041885	  0.152761
  0.038368	 -0.038342	 -0.033895	 -0.068351	  0.056343	  0.037781	  0.067897	  0.047415	  0.089515	  0.022600	  0.112274	 -0.031809	  0.127318
  0.037746	 -0.019995	 -0.026115	 -0.038170	  0.086730	  0.059105	  0.056659	  0.062837	  0.093313	  0.052784	  0.129732	 -0.029436	  0.105174
  0.036381	 -0.017229	 -0.014251	 -0.007384	  0.112827	  0.057133	  0.050439	  0.073182	  0.062196	  0.050143	  0.140970	 -0.030108	  0.097506
  0.028095	  0.016538	  0.002291	 -0.056363	  0.109790	  0.083534	  0.051315	  0.095132	  0.012998	  0.051492	  0.167246	 -0.041834	  0.092750
  0.033159	  0.040395	  0.039218	 -0.064449	  0.083537	  0.088877	  0.030679	  0.104750	 -0.036649	  0.085692	  0.164423	 -0.032750	  0.088024
  0.051227	  0.015169	  0.038787	 -0.023503	  0.082374	  0.069819	  0.033474	  0.097878	 -0.040561	  0.113278	  0.141422	 -0.057505	  0.071436
  0.057591	  0.021725	  0.013272	 -0.024650	  0.079591	  0.061376	  0.047486	  0.091104	 -0.025462	  0.126564	  0.130707	 -0.073563	  0.086209
  0.041942	  0.021429	  0.004267	 -0.057093	  0.092831	  0.071792	  0.017692	  0.108396	 -0.052195	  0.125132	  0.087067	 -0.043038	  0.091410
  0.024985	  0.010551	  0.010934	 -0.054987	  0.115102	  0.065856	  0.002695	  0.137057	 -0.091753	  0.110430	  0.072203	 -0.050249	  0.080432
 -0.002082	  0.007290	  0.010871	 -0.058437	  0.139647	  0.077482	  0.014501	  0.140270	 -0.098267	  0.094012	  0.099989	 -0.048624	  0.092699
  0.008647	  0.027333	 -0.002820	 -0.060646	  0.147954	  0.089084	  0.057170	  0.126939	 -0.087101	  0.117193	  0.083905	 -0.030765	  0.112995
  0.019256	  0.033483	  0.003426	 -0.059794	  0.124243	  0.085890	  0.061521	  0.108939	 -0.080785	  0.120909	  0.085504	  0.012956	  0.097360
  0.030820	  0.034663	  0.014345	 -0.089148	  0.106563	  0.080264	  0.066074	  0.111883	 -0.070145	  0.106314	  0.078218	  0.020771	  0.088547
  0.034105	  0.039347	  0.031235	 -0.084982	  0.103162	  0.072893	  0.128025	  0.121275	 -0.050864	  0.138329	  0.047676	  0.009629	  0.123411
  0.065025	  0.057817	  0.049108	 -0.070181	  0.092080	  0.076304	  0.164149	  0.111145	 -0.038118	  0.128174	  0.035523	  0.001974	  0.158710
  0.073582	  0.076264	  0.044671	 -0.028318	  0.049472	  0.072778	  0.183535	  0.085334	 -0.019754	  0.134455	  0.030317	  0.005267	  0.159914
  0.064426	  0.072659	  0.033813	 -0.014473	  0.017889	  0.070402	  0.171851	  0.051738	 -0.020626	  0.109737	  0.038776	  0.018443	  0.158550
  0.061951	  0.083179	  0.021641	 -0.028398	  0.019312	  0.064247	  0.201061	  0.015335	  0.001463	  0.110414	 -0.016802	  0.009010	  0.160329
  0.061693	  0.075536	  0.029343	 -0.025368	  0.022736	  0.095496	  0.223334	  0.024889	  0.012943	  0.088620	 -0.033721	  0.013798	  0.183064
  0.076956	  0.065031	  0.036487	 -0.034956	  0.047847	  0.107855	  0.222590	  0.029680	 -0.009753	  0.067927	 -0.023933	  0.010241	  0.172434
  0.071611	  0.056650	  0.060835	 -0.036199	  0.070476	  0.094699	  0.242866	  0.027699	  0.014602	  0.059542	 -0.026071	  0.007316	  0.168413
  0.065773	  0.070682	  0.065637	 -0.028387	  0.085303	  0.091560	  0.233948	  0.055485	  0.049184	  0.062925	 -0.006196	  0.029711	  0.157969
  0.050963	  0.082547	  0.064784	 -0.045451	  0.086034	  0.102626	  0.226350	  0.082501	  0.079566	  0.072942	  0.010082	  0.043328	  0.131120
  0.029819	  0.070539	  0.072525	 -0.039716	  0.088527	  0.110875	  0.217586	  0.086003	  0.107723	  0.063326	  0.021124	  0.059880	  0.130608
  0.053463	  0.087782	  0.055849	 -0.008371	  0.109605	  0.092316	  0.200143	  0.074880	  0.107873	  0.076177	 -0.004845	  0.074773	  0.106987
  0.046557	  0.080952	  0.069449	  0.000588	  0.121351	  0.106466	  0.180953	  0.099605	  0.122276	  0.097310	  0.004049	  0.083676	  0.086854
  0.046684	  0.058732	  0.110408	  0.009015	  0.124560	  0.120082	  0.163949	  0.103204	  0.147279	  0.111035	  0.007130	  0.094022	  0.072652
  0.034555	  0.085427	  0.121594	  0.004259	  0.101211	  0.108343	  0.169417	  0.111339	  0.176700	  0.090839	 -0.002884	  0.101038	  0.059117
  0.040230	  0.092644	  0.099601	 -0.017301	  0.089341	  0.110788	  0.179199	  0.105647	  0.203969	  0.093991	 -0.003263	  0.084233	  0.088744
  0.040586	  0.100013	  0.084684	  0.000852	  0.108946	  0.125284	  0.154490	  0.106555	  0.212574	  0.078829	  0.021923	  0.082036	  0.098669
  0.058608	  0.109132	  0.091794	  0.013558	  0.105006	  0.139884	  0.154757	  0.085177	  0.198085	  0.082983	  0.045156	  0.101357	  0.092417
  0.069306	  0.117205	  0.068318	 -0.002668	  0.118609	  0.113969	  0.151861	  0.071853	  0.192172	  0.072609	  0.058387	  0.091826	  0.080227
  0.056315	  0.139208	  0.060773	 -0.011440	  0.111225	  0.116421	  0.121428	  0.081015	  0.174774	  0.054962	  0.076582	  0.065088	  0.048433
  0.036342	  0.129827	  0.057500	 -0.013514	  0.134542	  0.120910	  0.113221	  0.083452	  0.147931	  0.079222	  0.062012	  0.063597	  0.064684
  0.033923	  0.087990	  0.056171	 -0.006058	  0.177436	  0.108543	  0.131538	  0.090467	  0.151884	  0.093047	  0.059558	  0.046003	  0.091454
  0.064060	  0.090717	  0.060784	  0.001602	  0.178322	  0.100673	  0.118746	  0.085094	  0.138897	  0.122512	  0.053800	  0.030181	  0.127898
  0.078288	  0.101132	  0.059146	  0.007299	  0.177001	  0.102256	  0.097458	  0.055009	  0.106900	  0.146130	  0.059350	  0.006770	  0.136692
  0.073900	  0.098484	  0.053057	  0.018479	  0.171417	  0.118070	  0.099543	  0.051577	  0.089890	  0.163172	  0.059206	 -0.009994	  0.123426
  0.063381	  0.086479	  0.017953	  0.033402	  0.144310	  0.138439	  0.119813	  0.041963	  0.071628	  0.193135	  0.022612	  0.005671	  0.106793
  0.039139	  0.104348	  0.015183	  0.027240	  0.135226	  0.171638	  0.141427	  0.012531	  0.059216	  0.196741	  0.032724	  0.013286	  0.096952
  0.036623	  0.121184	  0.034731	  0.015725	  0.128657	  0.185489	  0.137824	  0.007483	  0.052768	  0.208728	  0.020918	  0.012972	  0.103779
  0.028592	  0.121275	  0.058976	  0.009984	  0.119822	  0.194212	  0.120199	  0.041647	  0.036147	  0.232574	  0.004773	  0.007166	  0.088334
  0.028375	  0.126418	  0.073237	  0.005818	  0.111076	  0.166568	  0.112953	  0.057964	  0.045614	  0.220041	 -0.032647	  0.013278	  0.087725
  0.046359	  0.114120	  0.111988	  0.006791	  0.105349	  0.134256	  0.072335	  0.072206	  0.039110	  0.216305	 -0.043179	  0.026150	  0.100854
  0.068285	  0.082477	  0.128043	  0.016698	  0.104790	  0.148782	  0.041413	  0.052456	  0.054747	  0.245506	 -0.052110	  0.042171	  0.119916
  0.078000	  0.059825	  0.090625	  0.010756	  0.114977	  0.122087	  0.053576	  0.047118	  0.056322	  0.257779	 -0.046438	  0.045946	  0.139709
  0.066370	  0.082897	  0.078065	  0.002550	  0.140191	  0.111370	  0.048555	  0.058613	  0.048896	  0.237959	 -0.020187	  0.058984	  0.165423
  0.052360	  0.102370	  0.085419	  0.014927	  0.181639	  0.131604	  0.070303	  0.086631	  0.043450	  0.206756	 -0.000544	  0.064949	  0.196616
  0.054862	  0.109454	  0.076940	  0.022578	  0.163299	  0.130958	  0.073449	  0.110834	  0.042592	  0.161107	  0.030920	  0.071396	  0.201764
  0.088082	  0.068967	  0.103179	  0.044357	  0.144226	  0.144555	  0.084452	  0.107665	  0.041009	  0.131590	  0.047854	  0.089721	  0.173232
  0.103901	  0.061667	  0.121453	  0.047584	  0.120244	  0.152995	  0.102532	  0.102820	  0.033568	  0.123705	  0.065153	  0.108307	  0.154006
  0.102044	  0.098191	  0.112424	  0.038755	  0.124291	  0.169406	  0.127418	  0.115624	  0.025233	  0.114200	  0.071026	  0.129004	  0.173997
  0.087855	  0.100173	  0.138522	  0.029874	  0.121378	  0.183511	  0.145538	  0.115129	  0.019652	  0.113891	  0.065482	  0.119991	  0.163669
  0.104919	  0.112953	  0.136439	  0.041772	  0.114854	  0.163467	  0.171530	  0.103999	  0.029633	  0.134714	  0.085814	  0.138692	  0.157785
  0.121934	  0.115457	  0.113808	  0.061514	  0.138037	  0.130448	  0.191600	  0.152380	  0.046080	  0.170426	  0.086747	  0.166838	  0.159192
  0.116356	  0.110908	  0.093513	  0.058946	  0.171693	  0.128192	  0.179170	  0.145936	  0.043106	  0.158005	  0.084803	  0.151220	  0.146424
  0.091422	  0.107427	  0.083053	  0.078785	  0.167389	  0.140050	  0.204763	  0.120998	  0.003698	  0.165860	  0.075945	  0.126493	  0.142012
  0.062945	  0.111684	  0.092107	  0.073299	  0.161278	  0.118003	  0.221494	  0.127120	  0.000488	  0.154979	  0.082340	  0.120283	  0.134137
  0.069418	  0.092736	  0.101924	  0.050886	  0.173363	  0.111374	  0.206407	  0.112479	 -0.000810	  0.130548	  0.087152	  0.092063	  0.087989
  0.066015	  0.097730	  0.085417	  0.046908	  0.161794	  0.108293	  0.195625	  0.126428	  0.034148	  0.089835	  0.080189	  0.098919	  0.049419
  0.048163	  0.095341	  0.093372	  0.041083	  0.152841	  0.101728	  0.176785	  0.133905	  0.030133	  0.065106	  0.067239	  0.079070	 -0.006851
  0.037156	  0.123360	  0.075628	  0.025569	  0.138313	  0.114042	  0.188278	  0.123778	  0.051034	  0.077434	  0.017650	  0.058817	 -0.029880
  0.050538	  0.122099	  0.067302	  0.010585	  0.143071	  0.109819	  0.187051	  0.097391	  0.069515	  0.069513	  0.010346	  0.026517	 -0.068125
  0.046640	  0.091004	  0.081769	 -0.014680	  0.141019	  0.089960	  0.185426	  0.054339	  0.048553	  0.081715	 -0.016444	  0.002378	 -0.077234
  0.023706	  0.092556	  0.070824	  0.001013	  0.147791	  0.111762	  0.202477	  0.050003	  0.040907	  0.102779	 -0.051916	 -0.018876	 -0.036569
  0.009123	  0.086933	  0.073890	  0.009616	  0.154057	  0.114950	  0.195038	  0.043080	  0.076824	  0.106157	 -0.034008	 -0.014282	 -0.000659
  0.003132	  0.074015	  0.101070	 -0.007507	  0.134425	  0.122784	  0.202704	  0.017699	  0.121722	  0.087940	 -0.035165	  0.016956	  0.032631
 -0.003355	  0.068006	  0.128620	 -0.017269	  0.136562	  0.145681	  0.188580	 -0.016079	  0.137816	  0.062585	 -0.057314	  0.047842	  0.086091
  0.004610	  0.077112	  0.157329	 -0.025259	  0.138544	  0.135878	  0.189139	 -0.018629	  0.121138	  0.084427	 -0.047565	  0.095808	  0.164280
  0.007962	  0.090431	  0.139585	 -0.033030	  0.157011	  0.112692	  0.178640	  0.014125	  0.123979	  0.133279	  0.010021	  0.150938	  0.227244
  0.031788	  0.089881	  0.125624	 -0.020805	  0.152710	  0.119108	  0.188138	  0.062823	  0.141704	  0.133489	  0.007076	  0.173216	  0.290033
  0.061157	  0.085320	  0.113229	  0.004117	  0.162694	  0.154653	  0.195108	  0.053014	  0.158594	  0.110856	  0.004955	  0.194182	  0.293667
  0.056293	  0.089501	  0.116898	 -0.012670	  0.158882	  0.160496	  0.205330	  0.028711	  0.185445	  0.138965	  0.039503	  0.225084	  0.284454
  0.071789	  0.088549	  0.133581	 -0.022449	  0.163340	  0.145272	  0.192919	 -0.007603	  0.209865	  0.155451	  0.071500	  0.230030	  0.275904
  0.094567	  0.085727	  0.167108	 -0.007626	  0.158714	  0.155629	  0.172365	 -0.017837	  0.208959	  0.157040	  0.109221	  0.243761	  0.247692
  0.087429	  0.093429	  0.207929	  0.002483	  0.136666	  0.148396	  0.173513	 -0.024966	  0.210554	  0.141545	  0.080320	  0.251864	  0.178255
  0.085962	  0.105424	  0.195079	  0.008327	  0.129748	  0.156834	  0.192284	 -0.001440	  0.178339	  0.150930	  0.077083	  0.236876	  0.159652
  0.119007	  0.112026	  0.168624	  0.024428	  0.156104	  0.147041	  0.200809	 -0.002844	  0.184509	  0.165642	  0.062102	  0.226179	  0.150095
  0.140182	  0.131829	  0.183677	  0.029294	  0.172242	  0.170041	  0.182952	  0.014789	  0.191195	  0.155350	  0.052024	  0.191330	  0.137838
  0.134025	  0.138860	  0.203506	  0.021560	  0.177263	  0.184589	  0.186931	  0.067158	  0.174286	  0.131738	  0.041693	  0.158785	  0.135483
  0.126772	  0.117095	  0.192557	  0.014799	  0.180865	  0.190090	  0.196221	  0.069889	  0.185123	  0.128343	  0.052982	  0.141693	  0.126861
  0.141770	  0.109270	  0.203667	  0.009576	  0.175789	  0.163042	  0.174994	  0.092109	  0.165180	  0.111156	  0.060191	  0.144997	  0.136358
  0.168807	  0.113172	  0.187072	  0.025509	  0.160008	  0.117973	  0.162810	  0.111467	  0.148406	  0.096893	  0.047873	  0.104317	  0.155769
  0.170845	  0.123644	  0.165814	  0.032919	  0.161055	  0.125159	  0.170004	  0.136334	  0.142516	  0.080794	  0.088267	  0.101592	  0.188978
  0.167119	  0.132371	  0.193908	  0.025287	  0.166059	  0.137747	  0.174386	  0.180649	  0.128971	  0.070797	  0.096216	  0.094727	  0.219044
  0.157135	  0.152136	  0.185543	  0.032665	  0.151780	  0.154452	  0.179263	  0.176160	  0.099257	  0.039769	  0.110725	  0.106376	  0.276724
  0.156800	  0.157507	  0.170062	  0.059140	  0.154569	  0.158313	  0.190874	  0.158835	  0.082911	  0.030180	  0.155739	  0.140742	  0.322902
  0.158316	  0.143867	  0.182967	  0.080391	  0.164604	  0.189490	  0.214283	  0.155028	  0.042381	  0.050263	  0.182157	  0.172822	  0.330291
  0.158502	  0.157334	  0.160079	  0.098091	  0.206447	  0.190918	  0.213661	  0.176952	  0.043532	  0.074503	  0.225062	  0.224399	  0.346807
  0.146340	  0.152289	  0.169194	  0.071985	  0.223235	  0.181818	  0.198782	  0.157472	  0.055039	  0.095357	  0.253453	  0.272253	  0.365004
  0.147341	  0.129868	  0.176462	  0.080878	  0.196462	  0.205380	  0.197627	  0.148613	  0.059176	  0.113770	  0.274393	  0.301098	  0.367492
  0.182013	  0.132038	  0.156651	  0.109258	  0.194124	  0.257991	  0.154719	  0.155759	  0.063948	  0.128975	  0.305916	  0.314555	  0.388347
  0.189707	  0.127151	  0.146599	  0.130853	  0.214984	  0.282410	  0.155786	  0.151886	  0.036617	  0.150832	  0.303840	  0.331612	  0.377957
  0.192610	  0.112585	  0.148426	  0.132716	  0.231151	  0.257886	  0.165121	  0.128585	 -0.004092	  0.165389	  0.280022	  0.346496	  0.378653
  0.198192	  0.119955	  0.165469	  0.095984	  0.230185	  0.248450	  0.159511	  0.131088	 -0.027088	  0.165197	  0.276178	  0.337080	  0.374168
  0.198161	  0.128530	  0.172137	  0.093029	  0.237084	  0.234675	  0.150244	  0.136619	 -0.005034	  0.166819	  0.287540	  0.300392	  0.360327
  0.187585	  0.128204	  0.168227	  0.090384	  0.256613	  0.231908	  0.146431	  0.137454	  0.025807	  0.182914	  0.259576	  0.258292	  0.351308
  0.171469	  0.124391	  0.156775	  0.091968	  0.256964	  0.237257	  0.147336	  0.164006	  0.011846	  0.189732	  0.272408	  0.210604	  0.314518
  0.155780	  0.111446	  0.122750	  0.074380	  0.271171	  0.257703	  0.134652	  0.171568	  0.027296	  0.165710	  0.280619	  0.232469	  0.298026
  0.140111	  0.138942	  0.122365	  0.068163	  0.246681	  0.235054	  0.149759	  0.167543	  0.032421	  0.173621	  0.240392	  0.236842	  0.260306
  0.129622	  0.154131	  0.126211	  0.026787	  0.243734	  0.219670	  0.166445	  0.171981	  0.017153	  0.174225	  0.208984	  0.243250	  0.231005
  0.136113	  0.163872	  0.148626	  0.001428	  0.250127	  0.225260	  0.154190	  0.209356	  0.029032	  0.167666	  0.201591	  0.244281	  0.212197
  0.112390	  0.149863	  0.141250	 -0.017464	  0.236727	  0.233780	  0.146061	  0.208347	  0.037076	  0.154022	  0.166489	  0.188242	  0.217709
  0.090233	  0.153821	  0.140724	 -0.023018	  0.234374	  0.257775	  0.137067	  0.191863	  0.054464	  0.145165	  0.146265	  0.154503	  0.197200
  0.104757	  0.136408	  0.177245	 -0.027738	  0.223264	  0.266356	  0.162928	  0.177870	  0.049131	  0.162211	  0.148950	  0.181882	  0.208337
  0.107230	  0.143001	  0.209520	 -0.017299	  0.204551	  0.259192	  0.178815	  0.181470	  0.036636	  0.151589	  0.148968	  0.161726	  0.195277
  0.122574	  0.156350	  0.209579	 -0.000710	  0.176462	  0.270420	  0.173512	  0.165329	  0.047483	  0.137583	  0.108607	  0.116956	  0.201321
  0.130158	  0.169020	  0.200226	 -0.000895	  0.197858	  0.280885	  0.160645	  0.190377	  0.077237	  0.139225	  0.096186	  0.091694	  0.214959
 -0.026551	 -0.003465	 -0.005398	  0.003277	  0.011915	 -0.020873	  0.009186	 -0.064154	  0.064529	  0.099159	  0.102270	 -0.009920	 -0.020025
 -0.029834	  0.007512	 -0.023817	 -0.009826	  0.006056	 -0.032379	  0.008900	 -0.061012	  0.064038	  0.078392	  0.096036	 -0.005893	 -0.006540
 -0.030871	  0.017491	 -0.050013	 -0.005485	  0.026122	 -0.039573	 -0.023166	 -0.071182	  0.049301	  0.057980	  0.082959	 -0.016413	  0.002424
 -0.007407	  0.008075	 -0.048988	 -0.000883	  0.030005	 -0.012321	 -0.029810	 -0.056627	  0.053111	  0.049296	  0.077501	 -0.002546	 -0.003254
  0.020739	 -0.009741	 -0.035601	 -0.018879	  0.035440	 -0.012326	 -0.022174	 -0.042090	  0.062735	  0.025096	  0.072561	 -0.032468	  0.005491
  0.008567	 -0.009647	 -0.021490	 -0.036461	  0.036795	 -0.030452	 -0.020307	 -0.037934	  0.033234	  0.044278	  0.050271	 -0.040324	  0.004400
 -0.007180	 -0.024727	 -0.015673	 -0.023527	  0.025565	 -0.015097	 -0.003245	 -0.053297	  0.008398	  0.045360	  0.030330	 -0.023168	 -0.007994
 -0.003740	 -0.052212	  0.011800	 -0.024010	 -0.006879	 -0.006087	  0.019302	 -0.045925	  0.009735	  0.044524	  0.002291	 -0.017825	  0.033620
 -0.000009	 -0.030582	  0.009121	 -0.003433	 -0.015737	 -0.008971	  0.019551	 -0.010277	 -0.017159	  0.000500	 -0.019799	  0.029028	  0.056055
 -0.005190	  0.005972	  0.020278	  0.023347	 -0.012058	  0.013521	  0.007687	  0.030483	 -0.018389	 -0.032011	 -0.052555	  0.012437	  0.036421
 -0.002900	  0.014276	  0.015623	  0.039541	 -0.003105	  0.003773	  0.026825	  0.033728	 -0.051886	 -0.061040	 -0.055106	  0.000382	 -0.002802
  0.017380	 -0.012985	  0.017920	  0.026898	  0.009673	  0.014992	 -0.000958	  0.018082	 -0.050149	 -0.074887	 -0.052153	 -0.013870	 -0.036188
  0.033017	 -0.014080	  0.021951	  0.007653	 -0.008027	  0.039586	 -0.014176	  0.016116	 -0.039170	 -0.066392	 -0.040961	 -0.028343	  0.001608
  0.003516	 -0.013389	  0.022970	 -0.017975	 -0.023175	  0.022026	  0.000516	  0.008433	 -0.037781	 -0.069232	 -0.047615	  0.003663	  0.043542
 -0.017094	 -0.015060	  0.015114	 -0.009150	 -0.003711	  0.022793	 -0.011256	  0.041100	 -0.011723	 -0.024143	 -0.052010	  0.045052	  0.038339
  0.009747	  0.019197	  0.019397	 -0.002939	 -0.009837	  0.020241	 -0.000249	  0.057546	  0.002655	 -0.028378	 -0.033741	  0.039614	  0.001421
  0.012518	  0.022391	  0.014412	  0.000520	 -0.013552	  0.019738	  0.026494	  0.082710	 -0.034163	 -0.057087	 -0.050848	  0.006265	 -0.043137
 -0.002744	  0.028870	  0.003269	  0.019738	 -0.010205	  0.015217	  0.002806	  0.059420	 -0.053142	 -0.031313	 -0.049105	 -0.008067	 -0.056894
  0.018014	  0.026914	  0.008570	  0.018148	 -0.018396	  0.007969	  0.007966	  0.045185	 -0.044151	 -0.011313	 -0.028266	  0.016261	 -0.034365
  0.010024	  0.035193	  0.020555	  0.013445	 -0.056888	 -0.001777	 -0.003891	  0.049696	  0.009976	  0.011212	 -0.032063	  0.046137	 -0.012123
 -0.007801	  0.017512	 -0.011778	  0.012471	 -0.083546	  0.003066	  0.009750	  0.062634	  0.034687	  0.038989	 -0.000651	  0.079532	  0.006824
 -0.005425	 -0.003491	 -0.018366	  0.034078	 -0.104029	  0.013733	  0.022064	  0.077451	  0.016089	  0.028558	  0.000021	  0.072166	  0.026856
  0.002180	 -0.009394	  0.001048	  0.059317	 -0.120277	 -0.007697	 -0.000436	  0.086015	  0.015240	 -0.013827	 -0.004503	  0.045026	  0.007552
  0.002663	 -0.000881	 -0.018292	  0.067968	 -0.106510	 -0.009872	  0.001673	  0.081224	  0.010066	 -0.015993	 -0.012342	 -0.011457	 -0.033710
  0.003182	  0.001859	 -0.047258	  0.047070	 -0.101373	 -0.011303	  0.007999	  0.058490	 -0.011737	  0.022985	  0.020852	 -0.054282	 -0.038683
 -0.009340	 -0.004757	 -0.041838	  0.058376	 -0.082417	 -0.014255	  0.006189	  0.052700	  0.012522	  0.034464	  0.049453	 -0.067135	  0.004214
 -0.002194	  0.001670	 -0.027905	  0.086395	 -0.085518	 -0.012400	  0.011787	  0.035425	  0.035408	  0.036536	  0.049624	 -0.030866	  0.065975
 -0.004863	  0.009678	 -0.038875	  0.114213	 -0.070532	 -0.019665	  0.000834	  0.022803	  0.023579	  0.029490	  0.071235	 -0.011830	  0.072757
 -0.002997	  0.029023	 -0.033596	  0.096732	 -0.059912	 -0.018292	  0.024497	  0.002762	  0.016987	  0.035884	  0.080084	 -0.035353	  0.019585
  0.014846	  0.010063	 -0.020884	  0.079891	 -0.076130	 -0.025084	  0.028730	  0.003829	  0.017256	  0.067128	  0.078372	 -0.089316	 -0.011212
  0.009917	 -0.002338	 -0.020609	  0.075113	 -0.068797	 -0.033232	  0.056950	  0.017095	  0.061340	  0.091183	  0.089481	 -0.120207	  0.009007
 -0.007110	  0.000369	 -0.007363	  0.099402	 -0.053919	 -0.016246	  0.088979	  0.015885	  0.074324	  0.077530	  0.121394	 -0.100441	  0.081062
 -0.017173	 -0.008932	 -0.002796	  0.096265	 -0.044352	  0.013667	  0.089998	 -0.008355	  0.095641	  0.070734	  0.136802	 -0.068041	  0.157752
 -0.015878	 -0.020051	  0.041486	  0.073036	 -0.039923	  0.020847	  0.070569	 -0.007775	  0.092753	  0.072235	  0.121616	 -0.048059	  0.188596
 -0.007101	 -0.023348	  0.040977	  0.045503	 -0.030796	  0.021967	  0.033489	 -0.014594	  0.053786	  0.068511	  0.079637	 -0.079894	  0.136079
 -0.020546	 -0.014893	  0.031987	  0.040148	 -0.054466	  0.028544	  0.031480	 -0.008870	  0.023309	  0.041262	  0.056091	 -0.109114	  0.093927
 -0.019775	 -0.045672	  0.038559	  0.058027	 -0.069136	  0.034239	  0.030538	  0.028062	  0.024777	  0.007911	  0.055161	 -0.100841	  0.084746
  0.016224	 -0.039227	  0.018536	  0.081157	 -0.068567	  0.024175	  0.026820	  0.025133	  0.036257	  0.022101	  0.061687	 -0.094792	  0.125775
  0.020898	 -0.029272	  0.019354	  0.062142	 -0.071257	  0.015967	  0.048652	 -0.012201	  0.038596	  0.010753	  0.074548	 -0.069559	  0.176680
 -0.001500	 -0.053675	  0.000707	  0.053662	 -0.105943	  0.008466	  0.028191	  0.002422	  0.043997	 -0.001806	  0.067898	 -0.026747	  0.189656
  0.017440	 -0.071858	 -0.002093	  0.070153	 -0.102674	  0.019457	  0.049943	  0.014520	  0.008252	  0.000141	  0.050355	 -0.023833	  0.156721
  0.012269	 -0.069442	  0.003871	  0.077062	 -0.063448	  0.034827	  0.049312	  0.025739	 -0.010091	  0.009216	 -0.009906	 -0.039733	  0.101914
  0.005446	 -0.054305	 -0.006040	  0.105020	 -0.058491	  0.036242	  0.028723	  0.016904	 -0.017025	  0.042356	 -0.044638	 -0.055635	  0.066808
  0.019232	 -0.035114	 -0.006990	  0.142099	 -0.089251	  0.034842	  0.018224	  0.025012	 -0.036401	  0.045077	 -0.041059	 -0.017840	  0.077963
  0.043971	 -0.017646	 -0.012797	  0.141468	 -0.079440	  0.056017	  0.014115	  0.049385	 -0.019074	  0.035088	 -0.020070	 -0.006706	  0.125556
  0.072267	 -0.017135	 -0.032024	  0.104410	 -0.063565	  0.040803	  0.000269	  0.040079	 -0.008631	  0.041918	 -0.000986	  0.020555	  0.133272
  0.063130	 -0.031433	 -0.030807	  0.098402	 -0.059402	  0.021704	 -0.011525	  0.002814	 -0.022118	  0.042119	 -0.010357	  0.013055	  0.080224
  0.055990	 -0.022884	 -0.017744	  0.084188	 -0.052691	  0.022411	 -0.005669	 -0.019717	 -0.032249	 -0.002195	 -0.058888	 -0.038353	  0.024355
  0.047695	 -0.020909	 -0.008930	  0.062289	 -0.068909	  0.009415	 -0.047983	  0.002723	 -0.036384	 -0.000719	 -0.098652	 -0.074004	 -0.026576
  0.031688	 -0.035453	 -0.010758	  0.051805	 -0.064722	  0.016864	 -0.061877	  0.040396	 -0.023252	  0.033211	 -0.131529	 -0.102403	 -0.037028
  0.043171	 -0.037577	 -0.038510	  0.033878	 -0.073346	  0.007439	 -0.078955	  0.045360	 -0.009309	  0.011842	 -0.154875	 -0.075147	 -0.006339
  0.026524	 -0.026640	 -0.023696	  0.027117	 -0.083643	  0.030708	 -0.102314	  0.028386	  0.006742	  0.016147	 -0.148477	 -0.054986	  0.053430
  0.025625	 -0.042333	 -0.018183	  0.049242	 -0.050464	  0.024848	 -0.110593	  0.015667	 -0.014284	  0.000217	 -0.155640	 -0.036426	  0.061939
  0.021436	 -0.073519	 -0.017330	  0.036011	 -0.031138	  0.039706	 -0.107576	 -0.005487	 -0.022229	 -0.029018	 -0.154267	 -0.059867	  0.019330
  0.049042	 -0.075703	 -0.010188	  0.057364	 -0.044576	  0.044814	 -0.112144	  0.018355	 -0.026519	 -0.051898	 -0.168610	 -0.094722	 -0.045762
  0.032634	 -0.064502	 -0.001311	  0.090629	 -0.030774	  0.053478	 -0.122528	  0.057658	 -0.026156	 -0.065259	 -0.180398	 -0.096379	 -0.067705
  0.007678	 -0.045919	  0.018338	  0.062588	 -0.019937	  0.044928	 -0.133139	  0.027134	 -0.018807	 -0.091258	 -0.139408	 -0.096357	 -0.043161
 -0.018014	 -0.031731	  0.033600	  0.054770	 -0.037509	  0.038476	 -0.136961	  0.042400	 -0.010505	 -0.066100	 -0.082788	 -0.090619	  0.026790
 -0.019810	 -0.042226	  0.005550	  0.062080	 -0.048062	  0.054849	 -0.127878	  0.079487	 -0.000065	 -0.068860	 -0.093950	 -0.092171	  0.051549
  0.013146	 -0.048538	 -0.012092	  0.078463	 -0.047947	  0.049813	 -0.108223	  0.079908	 -0.003343	 -0.080045	 -0.111452	 -0.117739	  0.010102
  0.030844	 -0.025313	 -0.029522	  0.087180	 -0.040741	  0.045880	 -0.089359	  0.075945	 -0.007524	 -0.079050	 -0.144548	 -0.164341	 -0.032231
  0.038879	 -0.008325	 -0.018226	  0.097237	 -0.045013	  0.053464	 -0.060871	  0.069269	  0.004615	 -0.058634	 -0.164651	 -0.169409	 -0.053470
  0.043387	 -0.007762	 -0.005903	  0.104748	 -0.057587	  0.042784	 -0.063000	  0.107267	 -0.047112	 -0.022483	 -0.134926	 -0.127716	 -0.040777
  0.063446	 -0.009749	 -0.004997	  0.116452	 -0.064960	  0.029536	 -0.056001	  0.106558	 -0.073757	 -0.001662	 -0.101550	 -0.082362	  0.010393
  0.046068	 -0.012795	 -0.035169	  0.111663	 -0.084937	  0.030197	 -0.038826	  0.075359	 -0.084958	  0.016552	 -0.093837	 -0.075753	  0.060737
  0.031816	 -0.012210	 -0.025347	  0.111100	 -0.073518	  0.006373	  0.013545	  0.080263	 -0.077393	  0.021569	 -0.094804	 -0.085448	  0.023604
  0.032041	 -0.008838	 -0.009858	  0.089105	 -0.057915	  0.016416	  0.002541	  0.085855	 -0.073366	  0.014284	 -0.087626	 -0.114082	 -0.056788
  0.054227	 -0.004089	 -0.026281	  0.073697	 -0.046678	  0.009511	  0.019247	  0.073156	 -0.073861	 -0.004987	 -0.077931	 -0.132276	 -0.076749
  0.050182	  0.003374	 -0.021002	  0.079988	 -0.049410	 -0.002830	  0.051133	  0.065352	 -0.072701	 -0.003413	 -0.054985	 -0.136916	 -0.042132
  0.027352	  0.008904	 -0.011493	  0.058120	 -0.055097	 -0.023680	  0.078942	  0.070213	 -0.070566	  0.005828	 -0.017849	 -0.108194	  0.039870
  0.026835	 -0.004312	 -0.005267	  0.070429	 -0.067939	 -0.033028	  0.095135	  0.064790	 -0.074022	  0.008008	 -0.016065	 -0.087503	  0.098326
  0.019321	 -0.020610	 -0.012132	  0.104113	 -0.076029	  0.005822	  0.102341	  0.038988	 -0.088858	  0.004876	 -0.020827	 -0.067904	  0.093720
  0.023823	 -0.023525	  0.003199	  0.102024	 -0.078963	  0.024804	  0.083235	  0.030122	 -0.071742	 -0.004944	 -0.050543	 -0.109409	  0.069664
  0.032745	 -0.048837	  0.008360	  0.113830	 -0.049518	  0.010197	  0.076295	  0.010880	 -0.077970	 -0.019476	 -0.065032	 -0.158545	  0.050164
 -0.000178	 -0.046225	 -0.029380	  0.120782	 -0.033638	 -0.005538	  0.094217	 -0.022614	 -0.057532	 -0.012545	 -0.079376	 -0.165374	  0.063507
  0.016914	 -0.056639	 -0.036102	  0.103642	 -0.039111	  0.017896	  0.075858	 -0.047610	 -0.038296	  0.009828	 -0.080971	 -0.115887	  0.135730
  0.039618	 -0.058577	 -0.010751	  0.097955	 -0.021721	  0.032852	  0.039898	 -0.051170	 -0.052420	  0.000061	 -0.050231	 -0.076024	  0.206115
  0.023220	 -0.055055	 -0.008611	  0.109734	 -0.034786	  0.040055	  0.031777	 -0.035200	 -0.055519	 -0.006763	 -0.033624	 -0.064439	  0.224338
  0.033280	 -0.066942	 -0.021699	  0.124619	 -0.039371	  0.060125	  0.022961	 -0.046824	 -0.062109	 -0.011715	 -0.021080	 -0.063640	  0.161697
  0.032179	 -0.061215	 -0.012944	  0.147292	 -0.029079	  0.030335	  0.000346	 -0.110068	 -0.063325	 -0.030709	 -0.019884	 -0.086380	  0.083826
  0.042912	 -0.065061	  0.017520	  0.138714	 -0.014600	  0.012931	 -0.013323	 -0.117460	 -0.052313	 -0.018141	 -0.031916	 -0.083663	  0.065437
  0.035759	 -0.069913	  0.025265	  0.123540	 -0.025921	  0.016692	 -0.015023	 -0.098969	 -0.058176	  0.016734	 -0.033368	 -0.075215	  0.120756
  0.007507	 -0.056590	  0.025688	  0.115172	 -0.030821	  0.048301	 -0.026472	 -0.089627	 -0.063605	  0.032593	  0.000817	 -0.033363	  0.186982
  0.014443	 -0.011395	  0.016658	  0.114215	 -0.027523	  0.022938	 -0.035321	 -0.080686	 -0.039702	  0.069304	  0.040086	 -0.055294	  0.203612
  0.022465	  0.027894	  0.020076	  0.128771	 -0.030839	  0.009610	 -0.029204	 -0.071831	 -0.009884	  0.089336	  0.033097	 -0.095259	  0.142300
  0.008767	  0.020736	 -0.007515	  0.125577	 -0.013517	  0.007798	 -0.034999	 -0.056844	 -0.007795	  0.069645	  0.017867	 -0.129631	  0.036665
  0.008049	  0.008158	  0.018132	  0.131130	 -0.001462	  0.032932	 -0.039326	 -0.039685	 -0.013235	  0.069300	  0.001452	 -0.114714	 -0.011507
  0.005397	 -0.011660	  0.015350	  0.121461	 -0.001370	  0.027409	 -0.028593	 -0.044247	 -0.002637	  0.034170	  0.011651	 -0.064932	 -0.004032
  0.018125	 -0.025671	 -0.011838	  0.106976	 -0.020479	  0.024077	 -0.023431	 -0.014879	  0.017600	  0.029735	  0.035082	 -0.019463	  0.043670
  0.027657	 -0.034610	 -0.005812	  0.095445	 -0.058761	  0.024186	 -0.007253	  0.008435	  0.022443	  0.053238	  0.027086	  0.033633	  0.080442
  0.015503	 -0.032256	  0.005550	  0.096912	 -0.059653	 -0.001857	 -0.020030	  0.002785	 -0.002808	  0.038251	  0.026461	  0.019714	  0.059139
  0.009492	 -0.037415	  0.033981	  0.077818	 -0.038765	 -0.005371	 -0.037271	  0.014842	  0.017379	  0.033423	  0.013880	 -0.022292	  0.022346
  0.025197	 -0.083219	  0.015566	  0.083179	 -0.026890	 -0.003869	 -0.008581	  0.015254	  0.037739	  0.029003	  0.006704	 -0.048572	 -0.012595
  0.048553	 -0.092210	 -0.015704	  0.102819	 -0.016609	  0.001105	 -0.012781	 -0.002298	  0.017721	  0.029015	 -0.020298	 -0.046831	  0.001162
  0.031142	 -0.071761	 -0.032875	  0.102615	 -0.008172	 -0.016020	  0.008516	  0.004385	  0.000370	  0.074103	 -0.039503	 -0.041858	  0.054672
  0.032934	 -0.076375	 -0.029631	  0.101396	  0.014110	 -0.012729	  0.013831	  0.007383	  0.019752	  0.083467	 -0.017563	 -0.025183	  0.089435
  0.015183	 -0.071888	 -0.007126	  0.118468	  0.005320	 -0.022933	  0.028875	  0.022489	  0.033559	  0.074758	 -0.046241	 -0.008608	  0.080566
  0.003390	 -0.063984	 -0.000445	  0.118494	  0.001411	 -0.027374	  0.051351	  0.037845	  0.031156	  0.072104	 -0.049631	 -0.049110	  0.032815
  0.044896	 -0.064002	 -0.014174	  0.110910	 -0.010046	 -0.001405	  0.054169	  0.048137	  0.036528	  0.031768	 -0.049982	 -0.076496	 -0.023438
  0.049911	 -0.072111	 -0.001072	  0.108582	 -0.011886	 -0.024885	  0.048650	  0.036308	  0.047136	  0.029483	 -0.060771	 -0.062620	 -0.030548
  0.006199	 -0.071269	  0.011811	  0.107576	  0.020585	 -0.037347	  0.054124	  0.024555	  0.021833	  0.049238	 -0.046806	 -0.037425	  0.012598
  0.012271	 -0.067541	  0.023010	  0.098089	  0.014816	 -0.013418	  0.055320	  0.024884	  0.022224	  0.038610	 -0.045041	 -0.007794	  0.044627
  0.013515	 -0.044211	  0.054434	  0.121145	  0.002351	  0.006155	  0.054581	  0.021057	  0.021516	  0.039722	 -0.047830	 -0.031138	  0.027490
  0.035605	 -0.009036	  0.036368	  0.125657	 -0.016265	 -0.016455	  0.054255	  0.013428	  0.022371	  0.019776	 -0.059648	 -0.064555	 -0.024498
  0.021111	 -0.008260	  0.043331	  0.105592	 -0.033415	 -0.028669	  0.069776	  0.005261	  0.018391	 -0.006562	 -0.078816	 -0.075757	 -0.056442
  0.036896	 -0.024649	  0.026747	  0.109423	 -0.039630	 -0.014151	  0.101981	  0.043139	  0.051245	 -0.008823	 -0.096195	 -0.079837	 -0.086232
  0.047874	 -0.027105	  0.005333	  0.108123	 -0.035970	  0.018235	  0.108384	  0.060565	  0.067389	 -0.002426	 -0.082718	 -0.057028	 -0.070421
  0.053109	 -0.059530	 -0.022947	  0.076191	 -0.042002	  0.026451	  0.118529	  0.060614	  0.036010	 -0.010569	 -0.103898	 -0.046321	  0.011831
  0.067089	 -0.069797	 -0.026452	  0.075530	 -0.043179	  0.008440	  0.109399	  0.052158	  0.034507	 -0.019802	 -0.113905	 -0.038502	  0.045039
  0.076453	 -0.061727	  0.011539	  0.099306	 -0.027010	  0.016168	  0.092649	  0.082724	  0.019638	 -0.020642	 -0.132600	 -0.060175	  0.016945
  0.079629	 -0.040097	  0.023251	  0.105663	 -0.044006	 -0.014077	  0.090818	  0.103147	  0.017132	 -0.037537	 -0.122435	 -0.091383	 -0.031228
  0.102553	 -0.057792	  0.031390	  0.112335	 -0.046898	 -0.005707	  0.080107	  0.108456	  0.014330	 -0.041194	 -0.138375	 -0.089746	 -0.041997
  0.099937	 -0.056475	  0.025365	  0.111228	 -0.045555	  0.029413	  0.046887	  0.124100	  0.015795	 -0.040999	 -0.134845	 -0.040804	 -0.012623
  0.105047	 -0.038244	  0.026203	  0.127626	 -0.062421	  0.042846	  0.016745	  0.126317	  0.028985	 -0.076257	 -0.130027	 -0.001843	  0.026363
  0.097776	 -0.038679	  0.024478	  0.117797	 -0.048730	  0.040294	 -0.025955	  0.116560	  0.031662	 -0.052745	 -0.122556	  0.018042	  0.049146
  0.097271	 -0.052902	  0.017174	  0.128907	 -0.028206	  0.028968	 -0.027045	  0.118897	  0.028465	 -0.049845	 -0.103386	  0.020544	 -0.006756
  0.069194	 -0.051790	 -0.008466	  0.113733	  0.019794	  0.035771	 -0.023541	  0.115204	  0.061373	 -0.077947	 -0.106049	 -0.024456	 -0.061894
  0.057982	 -0.030758	 -0.029793	  0.116567	  0.027775	  0.049597	 -0.059866	  0.090965	  0.062142	 -0.085280	 -0.096436	 -0.030342	 -0.054369
  0.048343	 -0.007350	 -0.036031	  0.128275	  0.026836	  0.008799	 -0.027693	  0.089378	  0.071205	 -0.056632	 -0.078186	 -0.037072	 -0.019077
  0.032188	 -0.007482	 -0.036869	  0.130053	  0.027104	 -0.011229	 -0.035486	  0.086759	  0.101540	 -0.011065	 -0.083371	 -0.029654	  0.020038
  0.029712	 -0.017187	 -0.032316	  0.191053	  0.012053	  0.013505	 -0.026250	  0.089615	  0.102758	  0.012607	 -0.067030	 -0.042419	  0.043356
  0.025591	 -0.016490	 -0.028908	  0.196833	 -0.004257	  0.010556	 -0.019463	  0.088144	  0.086789	  0.020096	 -0.047147	 -0.066808	  0.068006
 -0.005768	  0.000315	 -0.030573	  0.172147	 -0.013002	  0.013106	 -0.043164	  0.060813	  0.072589	  0.005547	 -0.031313	 -0.025345	  0.076463
  0.030956	  0.041622	 -0.043801	  0.178486	 -0.000113	  0.011460	 -0.008574	  0.028122	  0.080332	 -0.013805	 -0.023297	 -0.018470	  0.061960
  0.035975	  0.030240	 -0.061510	  0.187463	  0.018483	 -0.007521	 -0.017993	  0.044372	  0.086035	 -0.019487	 -0.014384	 -0.008139	  0.071521
  0.009277	 -0.009269	 -0.069753	  0.162796	  0.025091	 -0.006215	  0.007791	  0.058348	  0.086529	 -0.010091	 -0.021366	 -0.008288	  0.096107
 -0.000047	 -0.034664	 -0.055752	  0.161956	  0.030230	 -0.030909	  0.023329	  0.039797	  0.078711	  0.016396	 -0.009572	 -0.013159	  0.091913
  0.013926	 -0.044289	 -0.049539	  0.168569	  0.009923	 -0.021022	  0.019810	 -0.004063	  0.069926	  0.018282	  0.013813	 -0.020377	  0.083130
  0.053286	 -0.074102	 -0.022786	  0.180096	 -0.025237	  0.001696	  0.054868	 -0.014184	  0.038215	  0.081879	  0.012188	 -0.040743	  0.080051
  0.066688	 -0.073619	 -0.019537	  0.172745	 -0.016256	 -0.028343	  0.069159	  0.014209	  0.039557	  0.112163	  0.045743	 -0.051487	  0.074097
  0.043288	 -0.049255	 -0.018782	  0.150823	 -0.015843	 -0.032074	  0.062254	  0.054660	  0.045398	  0.115737	  0.062491	 -0.068235	  0.075203
  0.045295	 -0.049825	  0.002060	  0.153465	  0.011525	  0.016321	  0.035766	  0.051015	  0.027001	  0.107500	  0.055248	 -0.051923	  0.073338
  0.050311	 -0.044220	 -0.001899	  0.172946	  0.041387	  0.010479	  0.032612	  0.052178	  0.023964	  0.098397	  0.048396	 -0.065408	  0.063067
  0.043570	 -0.031730	 -0.034237	  0.168991	  0.016557	 -0.014648	  0.011799	  0.061770	  0.029991	  0.111000	  0.055162	 -0.083924	  0.072920
  0.058830	 -0.049717	 -0.029752	  0.171265	  0.000469	 -0.031721	  0.025214	  0.069162	  0.044728	  0.100298	  0.049627	 -0.087571	  0.058429
  0.052655	 -0.060957	 -0.021799	  0.177003	  0.019338	 -0.032303	  0.031502	  0.074299	  0.055129	  0.132191	  0.038500	 -0.075986	  0.052322
  0.042893	 -0.060527	 -0.024324	  0.162436	  0.039581	 -0.038445	  0.019665	  0.101956	  0.041237	  0.121312	  0.039170	 -0.064323	  0.038867
  0.041218	 -0.062373	 -0.029289	  0.139079	  0.013657	 -0.041775	  0.023218	  0.106089	  0.024582	  0.095267	  0.062239	 -0.079373	  0.035252
  0.041193	 -0.039858	 -0.049503	  0.138328	 -0.023062	 -0.032553	  0.016178	  0.097175	  0.021719	  0.077746	  0.055601	 -0.092461	  0.039858
  0.056259	 -0.060766	 -0.062135	  0.138349	 -0.015989	 -0.007738	 -0.026733	  0.078741	  0.012809	  0.085012	  0.039337	 -0.085506	  0.003186
  0.052426	 -0.069634	 -0.054218	  0.143689	 -0.029674	  0.010318	 -0.037403	  0.078733	  0.001906	  0.093166	  0.031198	 -0.061961	 -0.021076
  0.025573	 -0.039630	 -0.022294	  0.158011	 -0.043039	  0.011654	 -0.018358	  0.064382	 -0.017841	  0.077725	  0.037422	 -0.090733	 -0.002326
  0.021818	 -0.083490	 -0.004434	  0.124149	 -0.031105	  0.027481	 -0.025513	  0.068837	 -0.042129	  0.069100	  0.049231	 -0.117572	  0.019507
  0.025109	 -0.098231	 -0.012482	  0.103154	 -0.042834	  0.038710	 -0.031779	  0.076990	 -0.061201	  0.075780	  0.079207	 -0.105986	  0.040162
  0.014893	 -0.098405	 -0.010650	  0.112081	 -0.028762	  0.052032	 -0.042111	  0.051908	 -0.050983	  0.093409	  0.093912	 -0.112944	  0.059901
  0.062320	 -0.112532	 -0.021125	  0.122410	  0.009603	  0.060252	 -0.053986	  0.026507	 -0.024848	  0.109395	  0.098254	 -0.091782	  0.064772
  0.074847	 -0.112021	 -0.018625	  0.113666	  0.015711	  0.062633	 -0.076518	  0.011456	  0.005431	  0.097262	  0.074333	 -0.092388	  0.059886
  0.071141	 -0.108672	 -0.008836	  0.124315	 -0.032486	  0.055666	 -0.059528	  0.002238	 -0.009725	  0.100087	  0.071019	 -0.095392	  0.114249
  0.050004	 -0.097748	 -0.022446	  0.139332	 -0.058399	  0.046137	 -0.059875	 -0.025873	 -0.030072	  0.085428	  0.078504	 -0.073074	  0.128765
  0.055212	 -0.087589	 -0.062696	  0.152049	 -0.023878	  0.007305	 -0.062412	 -0.046662	 -0.033334	  0.091755	  0.058019	 -0.054772	  0.121917
  0.076056	 -0.118121	 -0.063503	  0.135672	 -0.025626	 -0.032304	 -0.037314	 -0.030455	 -0.025431	  0.111615	  0.036867	 -0.062719	  0.137944
  0.071818	 -0.134014	 -0.046564	  0.118098	 -0.009848	 -0.011498	 -0.023194	 -0.020971	 -0.035461	  0.131522	  0.047361	 -0.083518	  0.139872
  0.105038	 -0.099779	 -0.034957	  0.074768	 -0.002141	  0.000694	 -0.014794	 -0.003110	 -0.058631	  0.113726	  0.053386	 -0.080908	  0.145985
  0.119332	 -0.089588	 -0.046607	  0.075603	  0.014653	 -0.020017	 -0.019296	  0.012832	 -0.044883	  0.073680	  0.044320	 -0.056022	  0.159009
  0.059520	 -0.091412	 -0.041740	  0.088542	  0.028238	 -0.023057	 -0.007210	  0.029691	 -0.048907	  0.053925	 -0.003874	 -0.040860	  0.149611
  0.044099	 -0.080003	 -0.036337	  0.078569	  0.044013	 -0.015624	  0.014252	  0.043479	 -0.049240	  0.034369	 -0.014555	 -0.036430	  0.119133
  0.061461	 -0.062045	 -0.001577	  0.078390	  0.026410	 -0.029488	  0.012635	  0.063543	 -0.060955	  0.043051	  0.043133	 -0.025291	  0.088584
  0.060943	 -0.054784	  0.010704	  0.075675	 -0.012856	 -0.053894	  0.022630	  0.055155	 -0.039352	  0.054527	  0.066580	 -0.012904	  0.070384
  0.035287	 -0.052369	  0.000856	  0.082987	 -0.027710	 -0.055047	  0.034248	  0.069373	 -0.009522	  0.047085	  0.055500	  0.023515	  0.044705
  0.040159	 -0.070044	 -0.004036	  0.081522	 -0.012489	 -0.067273	  0.040632	  0.092210	  0.011734	  0.022504	  0.030150	  0.046728	  0.016373
  0.073391	 -0.075342	  0.013385	  0.090925	 -0.005808	 -0.070556	  0.036886	  0.084985	  0.016153	  0.006643	  0.025905	  0.025650	 -0.011823
  0.032316	 -0.106117	  0.011124	  0.104623	 -0.008064	 -0.063177	  0.054785	  0.108416	  0.015423	 -0.022166	  0.022966	  0.015906	 -0.027376
  0.018997	 -0.110065	 -0.017653	  0.126717	 -0.001147	 -0.057372	  0.075395	  0.134319	  0.033794	 -0.004900	  0.027092	  0.031750	 -0.024288
  0.036512	 -0.096968	 -0.002489	  0.131142	  0.002443	 -0.050617	  0.062639	  0.141370	  0.059123	 -0.009991	  0.014200	  0.063989	 -0.026874
  0.036814	 -0.090666	  0.038231	  0.126473	  0.015663	 -0.060686	  0.045087	  0.109646	  0.050217	 -0.044770	  0.004255	  0.085122	 -0.039067
  0.023194	 -0.076839	  0.051854	  0.086658	  0.021321	 -0.052683	  0.074314	  0.106413	  0.027350	 -0.039905	  0.020223	  0.085460	 -0.055165
  0.021000	 -0.098934	  0.024040	  0.087058	  0.028271	 -0.025212	  0.094676	  0.128872	  0.005632	 -0.019298	  0.035124	  0.068436	 -0.047554
  0.066356	 -0.091615	  0.017296	  0.075238	  0.013404	 -0.023063	  0.087230	  0.128340	  0.016998	 -0.046460	  0.023121	  0.066328	 -0.019984
  0.038385	 -0.083975	  0.001753	  0.075693	 -0.007813	 -0.048329	  0.070316	  0.121671	  0.056516	 -0.064859	  0.022225	  0.051255	 -0.019940
  0.039198	 -0.067337	 -0.024503	  0.078178	 -0.041500	 -0.057861	  0.063969	  0.124465	  0.030082	 -0.037611	  0.003484	  0.038435	 -0.016260
  0.045105	 -0.068814	 -0.040777	  0.085488	 -0.044032	 -0.049635	  0.072737	  0.138993	  0.025878	 -0.025184	 -0.002983	  0.032398	 -0.037885
  0.047889	 -0.080530	 -0.045102	  0.099263	 -0.046742	 -0.061990	  0.069452	  0.150397	  0.010564	 -0.010901	  0.014247	  0.009365	 -0.070853
  0.070160	 -0.110094	 -0.033145	  0.091410	 -0.039158	 -0.072508	  0.081254	  0.150296	  0.013341	 -0.023582	  0.017732	  0.012074	 -0.070641
  0.080919	 -0.063942	 -0.027680	  0.087927	 -0.041082	 -0.053666	  0.068254	  0.137943	  0.013416	 -0.033375	  0.042503	  0.014268	 -0.019981
  0.080882	 -0.033766	 -0.049081	  0.078913	 -0.014222	 -0.035903	  0.050828	  0.120755	  0.024260	 -0.017936	  0.040280	  0.000506	 -0.017445
  0.076229	 -0.047692	 -0.051538	  0.090266	 -0.006603	 -0.006875	  0.065719	  0.113141	  0.052288	 -0.018261	  0.003534	 -0.028860	 -0.024187
  0.099544	 -0.087697	 -0.033954	  0.099473	 -0.009527	  0.009525	  0.077210	  0.101383	  0.045643	 -0.005325	 -0.002560	 -0.061379	 -0.013124
  0.106393	 -0.097354	 -0.006349	  0.094547	 -0.040059	  0.016268	  0.032585	  0.098574	  0.031016	  0.031485	 -0.003959	 -0.076214	  0.022220
  0.086332	 -0.080863	  0.013624	  0.086318	 -0.041682	 -0.012782	  0.002771	  0.055566	  0.018631	  0.048495	 -0.015007	 -0.086921	  0.046545
  0.045923	 -0.066731	 -0.017690	  0.087307	 -0.044251	 -0.014422	 -0.002966	  0.039463	  0.017081	  0.059020	 -0.011721	 -0.105762	  0.031863
  0.052309	 -0.028731	 -0.027022	  0.114656	 -0.051637	 -0.003161	  0.028530	  0.057302	  0.022835	  0.075962	 -0.025046	 -0.104287	  0.035287
  0.052917	  0.009006	 -0.008689	  0.100278	 -0.025222	 -0.007806	  0.024208	  0.008247	  0.032319	  0.082844	 -0.062699	 -0.107065	  0.046953
  0.048095	 -0.017653	 -0.009159	  0.105646	  0.000919	 -0.015229	  0.026959	 -0.021097	  0.015261	  0.073441	 -0.063258	 -0.111289	  0.037116
  0.056481	 -0.031227	 -0.019623	  0.104259	  0.009267	 -0.012718	  0.034391	 -0.013360	  0.021490	  0.065286	 -0.069476	 -0.123337	  0.025639
  0.070346	 -0.045840	  0.014591	  0.106358	  0.013433	 -0.015393	  0.049429	  0.005401	  0.014380	  0.051087	 -0.074206	 -0.141186	  0.023383
  0.082499	 -0.065869	  0.032919	  0.124878	  0.008305	 -0.005779	  0.048757	  0.004677	  0.020186	  0.082278	 -0.061254	 -0.148266	  0.014616
  0.070699	 -0.076794	  0.043682	  0.127241	 -0.023730	  0.001125	  0.038486	  0.011075	  0.013310	  0.100175	 -0.055143	 -0.130455	 -0.000768
  0.059204	 -0.071589	  0.037899	  0.117497	 -0.007008	  0.012822	  0.039999	 -0.011025	  0.026192	  0.107186	 -0.028698	 -0.152249	  0.004648
  0.028215	 -0.062694	  0.044076	  0.081333	  0.008311	 -0.004583	  0.027854	 -0.028563	  0.045579	  0.079102	 -0.034057	 -0.150944	  0.045072
  0.029704	 -0.071196	  0.039732	  0.076100	  0.003658	 -0.045717	  0.012681	  0.000054	  0.079086	  0.049767	 -0.055315	 -0.129921	  0.061474
  0.031462	 -0.081186	  0.027160	  0.106856	  0.005330	 -0.047842	  0.012115	  0.002645	  0.092462	  0.027564	 -0.042851	 -0.130824	  0.043145
  0.042263	 -0.113889	  0.006731	  0.139690	  0.015703	 -0.052011	  0.025128	 -0.022972	  0.062380	  0.025625	 -0.050848	 -0.150308	 -0.018448
  0.062704	 -0.106957	  0.006673	  0.114782	  0.005106	 -0.047477	  0.055658	 -0.029912	  0.062003	 -0.019237	 -0.045606	 -0.126019	 -0.018348
  0.052565	 -0.082003	  0.018056	  0.104626	 -0.017907	 -0.036810	  0.049022	 -0.002081	  0.072191	 -0.012501	 -0.029342	 -0.089311	 -0.025701
  0.057317	 -0.072291	  0.001816	  0.109616	 -0.005280	 -0.043863	  0.026832	  0.032435	  0.071874	 -0.020764	 -0.028460	 -0.085727	 -0.033348
  0.056094	 -0.088477	 -0.009289	  0.073976	  0.018337	 -0.049433	  0.016680	  0.040995	  0.051859	 -0.028565	 -0.022237	 -0.096687	 -0.012257
  0.070221	 -0.089087	  0.004800	  0.050541	 -0.000269	 -0.033444	  0.048777	  0.045742	  0.013892	  0.003794	  0.004995	 -0.081055	  0.018733
  0.100272	 -0.106134	 -0.004993	  0.055187	 -0.001560	 -0.030569	  0.044560	  0.031478	  0.014748	  0.016859	  0.028895	 -0.062734	  0.049544
  0.117693	 -0.092710	 -0.031395	  0.070434	 -0.001954	 -0.049891	  0.010957	  0.042821	  0.015697	  0.015107	  0.033248	 -0.080108	  0.049549
  0.110022	 -0.077981	 -0.048226	  0.084537	 -0.003401	 -0.057519	  0.030505	  0.077526	  0.001365	  0.025414	  0.007951	 -0.084884	  0.043200
  0.073938	 -0.097143	 -0.050628	  0.087077	  0.008018	 -0.063822	  0.036695	  0.078915	  0.001413	  0.038110	 -0.008183	 -0.058091	  0.054043
  0.081716	 -0.083051	 -0.063885	  0.086271	 -0.007232	 -0.061242	  0.006321	  0.069917	 -0.006076	  0.030570	 -0.007281	 -0.047978	  0.056179
  0.096329	 -0.089311	 -0.081831	  0.072448	 -0.028065	 -0.047423	 -0.011785	  0.076252	 -0.025822	  0.060050	 -0.022562	 -0.037354	  0.055545
  0.114212	 -0.086113	 -0.087955	  0.070426	 -0.022394	 -0.037444	  0.015501	  0.088682	 -0.016705	  0.046111	 -0.055261	 -0.002289	  0.069956
  0.094582	 -0.074081	 -0.069954	  0.081710	 -0.000869	 -0.039125	  0.005308	  0.082264	 -0.024009	  0.058194	 -0.071899	  0.020676	  0.067948
  0.091159	 -0.079616	 -0.026542	  0.097139	  0.012411	 -0.020524	 -0.011877	  0.064235	 -0.024581	  0.074175	 -0.065577	 -0.003018	  0.059305
  0.083052	 -0.090906	 -0.020291	  0.113749	 -0.007125	 -0.018434	 -0.026437	  0.058298	 -0.030336	  0.074773	 -0.084379	 -0.013023	  0.031384
  0.093144	 -0.106494	 -0.012472	  0.103998	 -0.009540	 -0.017039	 -0.003216	  0.084633	 -0.060016	  0.115706	 -0.070864	  0.009434	  0.039874
  0.110408	 -0.104385	 -0.022325	  0.097775	  0.002907	 -0.017129	  0.007857	  0.085634	 -0.057322	  0.144775	 -0.055530	 -0.015787	  0.034552
  0.107657	 -0.079861	 -0.024272	  0.082271	  0.012661	 -0.042672	  0.010653	  0.064958	 -0.052552	  0.155717	 -0.052364	 -0.065567	  0.013249
  0.090736	 -0.087208	 -0.019607	  0.088828	 -0.004382	 -0.053797	  0.013318	  0.044320	 -0.053926	  0.171592	 -0.051253	 -0.077262	 -0.022464
  0.085175	 -0.109461	 -0.004151	  0.069774	 -0.022095	 -0.044234	  0.009862	  0.018816	 -0.025799	  0.188705	 -0.048413	 -0.061982	 -0.005423
  0.075395	 -0.094988	  0.029933	  0.068490	 -0.002988	 -0.020605	  0.023412	  0.045603	  0.018657	  0.176639	 -0.054121	 -0.093543	  0.012328
