:RUN-2	LEVEL SWEEP	TEMP:NaN	2/13/2024	5:51 PM	HR:NaN:SW EAR: L	SW FREQ: 8.00	# AVERAGES: 512	REP RATE (/sec): 39	DRIVER: 	SAMPLE (µsec): 40	MASKER dB: 0:Threshold: 36.6:NOTES-:CHAMBER-Bach:Avgs: 512;512;512;512;512;512;512;512;512;512;512;512;512;512;512
:Tries: 618;606;602;606;610;611;606;571;596;589;606;591;599;589;597
:Log: :Vary signal level: TRUE :Control: NaN:CFTS Version: V2.37.2 (R3379):LEVELS:30;35;40;45;50;55;60;65;70;75;80;85;90;95;100;:DATA  0.019646	  0.010201	  0.035012	  0.079091	  0.009861	  0.025451	  0.016390	 -0.007838	  0.031498	  0.055793	  0.045431	  0.011589	  0.033872	 -0.008506	  0.037122
  0.003478	  0.008572	  0.072072	  0.055590	  0.002387	  0.034365	  0.018876	  0.009492	  0.037091	  0.047592	  0.045705	  0.029223	  0.035418	 -0.003739	  0.051089
  0.020791	 -0.000406	  0.063992	  0.032782	 -0.034109	  0.047860	  0.018582	 -0.017439	  0.019353	  0.044380	  0.060400	  0.028212	  0.019448	  0.017714	  0.049729
  0.047935	 -0.002339	  0.066577	  0.033301	 -0.069677	  0.036434	  0.008307	 -0.019580	  0.028705	  0.017881	  0.061309	  0.018950	  0.003017	  0.030817	  0.030004
  0.037796	  0.005586	  0.073176	  0.020821	 -0.065595	  0.043418	 -0.027340	 -0.013368	  0.055251	  0.002423	  0.061746	  0.016815	  0.019936	  0.053108	  0.035743
  0.023309	  0.021771	  0.067196	 -0.013898	 -0.071084	  0.023032	 -0.028088	 -0.011171	  0.049512	 -0.021341	  0.063719	  0.004088	  0.047246	  0.053363	  0.060409
  0.000356	  0.029066	  0.064518	 -0.017344	 -0.051277	  0.017569	 -0.008468	 -0.009233	  0.043772	  0.011693	  0.068229	  0.017611	  0.041471	  0.013622	  0.033477
 -0.007003	  0.013838	  0.052706	 -0.011980	 -0.027326	  0.020652	 -0.012729	 -0.014699	  0.028617	  0.046135	  0.047138	  0.031869	  0.039498	  0.007324	  0.026798
 -0.014661	 -0.009752	  0.028372	 -0.028325	  0.007055	  0.023897	  0.012905	  0.002172	  0.001741	  0.064828	  0.008425	  0.029017	 -0.003852	 -0.008297	  0.001591
 -0.007307	  0.006851	  0.015390	 -0.041519	  0.043640	  0.002715	  0.023809	 -0.024170	 -0.005788	  0.047726	 -0.018356	  0.016800	  0.003938	 -0.007236	 -0.015187
  0.014640	  0.015511	 -0.006471	 -0.066701	  0.047862	 -0.037649	  0.003575	 -0.050797	 -0.012682	  0.049898	 -0.007598	  0.028690	  0.006004	 -0.005898	  0.000013
 -0.003383	 -0.008702	 -0.031613	 -0.071342	  0.039399	 -0.042360	 -0.014838	 -0.050715	 -0.016700	  0.046960	 -0.008231	  0.013312	 -0.017860	 -0.007458	 -0.007003
 -0.008262	 -0.000286	 -0.015245	 -0.045876	  0.050192	 -0.017623	 -0.020487	 -0.024013	 -0.027705	  0.005969	 -0.028303	  0.019528	 -0.010264	  0.000767	 -0.006807
  0.000141	 -0.023629	 -0.013440	 -0.004966	  0.069386	 -0.007495	 -0.009524	  0.018996	 -0.017751	 -0.022233	 -0.026352	  0.011786	 -0.032547	  0.022670	 -0.001460
 -0.002807	 -0.031855	 -0.048496	  0.000733	  0.035482	 -0.004770	 -0.011348	  0.037072	 -0.020732	 -0.041918	 -0.058198	  0.004005	 -0.023636	  0.021691	  0.000686
 -0.014087	 -0.001355	 -0.055165	  0.010300	  0.022559	 -0.017326	 -0.002560	  0.031114	 -0.043751	 -0.053479	 -0.066597	 -0.009814	 -0.017968	  0.001597	 -0.018749
 -0.007513	 -0.003253	 -0.063788	  0.012042	  0.018988	 -0.043664	  0.015860	  0.036030	 -0.036928	 -0.061285	 -0.059941	 -0.034032	 -0.010793	 -0.023989	 -0.045341
 -0.027511	  0.004370	 -0.073852	  0.026276	  0.013729	 -0.031639	  0.012766	  0.049924	 -0.043766	 -0.061242	 -0.070037	 -0.060107	 -0.044169	 -0.065225	 -0.065464
 -0.038286	 -0.013274	 -0.092777	  0.018643	 -0.015956	 -0.032570	 -0.012113	  0.029807	 -0.040508	 -0.080514	 -0.057370	 -0.089119	 -0.046033	 -0.070293	 -0.072837
 -0.037271	 -0.020914	 -0.138163	  0.012373	 -0.025517	 -0.040298	  0.016422	  0.028416	 -0.029228	 -0.099264	 -0.061120	 -0.088426	 -0.042726	 -0.022032	 -0.093815
 -0.027664	 -0.042194	 -0.145848	  0.050886	 -0.016615	 -0.064563	  0.024374	  0.052389	 -0.034037	 -0.109206	 -0.067008	 -0.072695	 -0.044711	 -0.039881	 -0.111607
 -0.006585	 -0.076441	 -0.126781	  0.054381	 -0.026868	 -0.071866	  0.011322	  0.023268	 -0.037199	 -0.116301	 -0.054495	 -0.118120	 -0.068245	 -0.069532	 -0.130107
 -0.028111	 -0.113242	 -0.144764	  0.027706	 -0.009697	 -0.059915	 -0.001604	  0.020914	 -0.044792	 -0.131873	 -0.065407	 -0.131056	 -0.093023	 -0.099413	 -0.150630
 -0.029699	 -0.119024	 -0.159729	  0.032177	 -0.023454	 -0.007763	 -0.011291	 -0.000710	 -0.047359	 -0.135008	 -0.062589	 -0.144154	 -0.073990	 -0.117262	 -0.161802
 -0.000492	 -0.126235	 -0.123121	  0.023860	 -0.030746	  0.029540	 -0.049310	 -0.028155	 -0.036871	 -0.083394	 -0.070954	 -0.175399	 -0.086509	 -0.125110	 -0.189355
 -0.010841	 -0.117163	 -0.115021	  0.012316	 -0.045302	  0.014361	 -0.085508	 -0.017895	 -0.069702	 -0.090383	 -0.064231	 -0.185813	 -0.087225	 -0.156325	 -0.199746
  0.002648	 -0.108020	 -0.137048	  0.005521	 -0.087541	 -0.000239	 -0.066983	 -0.025388	 -0.061385	 -0.111041	 -0.077191	 -0.180659	 -0.045801	 -0.165080	 -0.186138
  0.008454	 -0.118100	 -0.156123	 -0.018794	 -0.088085	 -0.000546	 -0.050362	 -0.054353	 -0.026739	 -0.115743	 -0.086655	 -0.176526	 -0.028490	 -0.164558	 -0.174594
 -0.007487	 -0.121666	 -0.142123	 -0.044195	 -0.079153	  0.002871	 -0.056310	 -0.069484	 -0.040708	 -0.152626	 -0.114015	 -0.173492	 -0.049743	 -0.190924	 -0.205765
 -0.008074	 -0.121789	 -0.133478	 -0.055834	 -0.082115	 -0.003953	 -0.050672	 -0.063918	 -0.051816	 -0.182368	 -0.160511	 -0.181637	 -0.092108	 -0.224150	 -0.259745
  0.026428	 -0.113496	 -0.115077	 -0.085611	 -0.095927	 -0.001609	 -0.052659	 -0.061635	 -0.045729	 -0.164199	 -0.169425	 -0.195377	 -0.107821	 -0.227927	 -0.290131
  0.013314	 -0.103518	 -0.100473	 -0.125978	 -0.083633	 -0.005349	 -0.053625	 -0.063199	 -0.076199	 -0.144116	 -0.178353	 -0.233334	 -0.134418	 -0.250009	 -0.307131
  0.018055	 -0.089323	 -0.088700	 -0.137889	 -0.067892	  0.000924	 -0.039083	 -0.057549	 -0.126331	 -0.121391	 -0.195030	 -0.241340	 -0.142388	 -0.310053	 -0.333563
  0.000370	 -0.074889	 -0.083125	 -0.142953	 -0.062552	  0.003639	 -0.046232	 -0.041125	 -0.128984	 -0.104867	 -0.233272	 -0.234117	 -0.156849	 -0.352336	 -0.344673
 -0.005570	 -0.054770	 -0.095927	 -0.129677	 -0.061311	  0.000470	 -0.023985	 -0.024579	 -0.111852	 -0.105371	 -0.245285	 -0.240999	 -0.179540	 -0.372149	 -0.368822
  0.011188	 -0.021158	 -0.086657	 -0.115999	 -0.054361	 -0.014748	 -0.045527	 -0.021111	 -0.118825	 -0.125747	 -0.261354	 -0.262780	 -0.180200	 -0.338349	 -0.322098
  0.020233	 -0.043702	 -0.053680	 -0.095774	 -0.063745	 -0.015681	 -0.077018	 -0.022499	 -0.146981	 -0.138688	 -0.240443	 -0.286017	 -0.164610	 -0.285368	 -0.256920
  0.009061	 -0.035808	 -0.069303	 -0.129258	 -0.073713	 -0.032317	 -0.138476	 -0.048805	 -0.164767	 -0.143505	 -0.231590	 -0.275431	 -0.148559	 -0.231659	 -0.203325
 -0.013517	 -0.027291	 -0.047424	 -0.134642	 -0.088531	 -0.055190	 -0.162873	 -0.038482	 -0.197598	 -0.148030	 -0.198353	 -0.247668	 -0.125803	 -0.200079	 -0.154999
 -0.015091	 -0.009465	 -0.031874	 -0.120043	 -0.095646	 -0.072666	 -0.167827	 -0.047912	 -0.199299	 -0.158856	 -0.150960	 -0.222047	 -0.074330	 -0.159077	 -0.082114
 -0.008217	 -0.013323	 -0.030943	 -0.104212	 -0.089327	 -0.102597	 -0.138657	 -0.040358	 -0.203779	 -0.136898	 -0.095370	 -0.200126	 -0.012151	 -0.074841	 -0.003899
 -0.017951	 -0.004485	 -0.002585	 -0.089289	 -0.087255	 -0.133851	 -0.112306	 -0.004738	 -0.187223	 -0.105269	 -0.096519	 -0.157450	  0.026575	 -0.036806	  0.064784
 -0.039947	  0.003353	 -0.017500	 -0.083673	 -0.109415	 -0.134616	 -0.110084	  0.005825	 -0.125924	 -0.092208	 -0.069680	 -0.100531	  0.077172	  0.010475	  0.103238
 -0.065379	  0.008631	 -0.032159	 -0.090714	 -0.115417	 -0.115059	 -0.096886	  0.033327	 -0.115440	 -0.067823	 -0.053609	 -0.043360	  0.124744	  0.062343	  0.106769
 -0.074696	  0.018543	 -0.050083	 -0.100889	 -0.095286	 -0.102948	 -0.074471	  0.049830	 -0.089616	 -0.064726	 -0.016750	  0.016729	  0.126225	  0.125660	  0.066423
 -0.072096	  0.028274	 -0.080233	 -0.112546	 -0.083550	 -0.112506	 -0.061902	  0.083866	 -0.059906	 -0.059591	  0.001731	  0.098326	  0.169465	  0.114698	  0.021539
 -0.063874	  0.007255	 -0.089465	 -0.105811	 -0.078037	 -0.114027	 -0.089450	  0.084835	 -0.007838	 -0.057941	  0.018923	  0.126465	  0.219462	  0.076923	 -0.054886
 -0.073297	  0.001754	 -0.125021	 -0.104512	 -0.076892	 -0.088885	 -0.077953	  0.110415	  0.034589	 -0.022392	  0.059419	  0.136394	  0.193272	  0.013015	 -0.163526
 -0.060292	  0.004088	 -0.142023	 -0.101756	 -0.065366	 -0.062104	 -0.072978	  0.149211	  0.040366	  0.004908	  0.072021	  0.126099	  0.138303	 -0.126201	 -0.328592
 -0.057006	  0.035927	 -0.153467	 -0.053444	 -0.060626	 -0.056061	 -0.107284	  0.146819	  0.058867	  0.016818	  0.072799	  0.105625	  0.027430	 -0.280727	 -0.481505
 -0.077772	  0.050521	 -0.171475	 -0.042587	 -0.039337	 -0.041053	 -0.074705	  0.159050	  0.088397	  0.044888	  0.057061	  0.038304	 -0.108080	 -0.422754	 -0.592359
 -0.097705	  0.036780	 -0.180906	 -0.029771	 -0.050324	 -0.027159	 -0.047445	  0.136355	  0.114951	  0.004871	  0.027380	 -0.042575	 -0.262932	 -0.538129	 -0.618700
 -0.120333	  0.021944	 -0.179242	 -0.021353	 -0.040819	 -0.006455	 -0.046376	  0.124075	  0.072376	 -0.052564	 -0.016522	 -0.158316	 -0.406741	 -0.644492	 -0.561508
 -0.098838	  0.025494	 -0.151182	 -0.003741	 -0.021528	  0.003340	 -0.058283	  0.110359	  0.018198	 -0.088673	 -0.065266	 -0.288073	 -0.540987	 -0.692239	 -0.467380
 -0.053501	  0.019021	 -0.123270	 -0.008564	 -0.031836	 -0.005832	 -0.064745	  0.070483	 -0.002147	 -0.158221	 -0.162440	 -0.429047	 -0.669428	 -0.658958	 -0.335946
 -0.047064	  0.008553	 -0.099394	  0.001186	 -0.038864	  0.007865	 -0.077928	  0.006834	 -0.030976	 -0.264709	 -0.265143	 -0.579958	 -0.735178	 -0.598413	 -0.214164
 -0.036031	 -0.030334	 -0.108325	  0.019192	 -0.049453	  0.003702	 -0.109810	 -0.073453	 -0.082986	 -0.349959	 -0.411290	 -0.694105	 -0.727634	 -0.533125	 -0.150788
 -0.016846	 -0.062543	 -0.136454	 -0.008570	 -0.042062	 -0.025786	 -0.123674	 -0.121508	 -0.139704	 -0.416426	 -0.505134	 -0.787608	 -0.688735	 -0.413680	 -0.147127
 -0.022568	 -0.030186	 -0.145838	 -0.016032	 -0.046680	 -0.075017	 -0.181074	 -0.173588	 -0.217041	 -0.454005	 -0.583085	 -0.813401	 -0.625499	 -0.306967	 -0.180867
 -0.048580	 -0.030344	 -0.110339	 -0.029135	 -0.079915	 -0.129439	 -0.235546	 -0.237417	 -0.269468	 -0.478208	 -0.624949	 -0.795876	 -0.508885	 -0.227901	 -0.241945
 -0.071767	 -0.077841	 -0.110736	 -0.051753	 -0.128887	 -0.171864	 -0.251773	 -0.300292	 -0.317337	 -0.497508	 -0.644057	 -0.708595	 -0.351678	 -0.175654	 -0.303321
 -0.083883	 -0.074398	 -0.096765	 -0.043720	 -0.172135	 -0.200817	 -0.276323	 -0.347377	 -0.334440	 -0.483862	 -0.609688	 -0.580688	 -0.199207	 -0.108126	 -0.327417
 -0.069760	 -0.067425	 -0.098077	 -0.079626	 -0.213640	 -0.215225	 -0.349292	 -0.367292	 -0.348492	 -0.483723	 -0.553177	 -0.402634	 -0.101250	 -0.034268	 -0.302086
 -0.065636	 -0.069429	 -0.106820	 -0.124459	 -0.247834	 -0.234845	 -0.369296	 -0.361827	 -0.349685	 -0.426036	 -0.446358	 -0.218421	  0.017768	  0.019701	 -0.193838
 -0.052899	 -0.044261	 -0.130133	 -0.138314	 -0.282803	 -0.243433	 -0.345472	 -0.325455	 -0.288777	 -0.327943	 -0.288905	 -0.009958	  0.128006	  0.109181	 -0.036917
 -0.042769	 -0.060026	 -0.124994	 -0.143317	 -0.295270	 -0.219861	 -0.348937	 -0.279095	 -0.222760	 -0.201455	 -0.159265	  0.167500	  0.258277	  0.207817	  0.088146
 -0.046469	 -0.081773	 -0.129393	 -0.177567	 -0.261127	 -0.198414	 -0.309615	 -0.192693	 -0.116599	 -0.086245	  0.012978	  0.279748	  0.392472	  0.316304	  0.196442
 -0.047552	 -0.105832	 -0.127629	 -0.211036	 -0.257408	 -0.177970	 -0.241970	 -0.100179	 -0.010114	  0.025222	  0.174118	  0.374356	  0.480616	  0.390276	  0.256998
 -0.051308	 -0.122368	 -0.133883	 -0.215892	 -0.216839	 -0.158389	 -0.156676	 -0.023913	  0.077733	  0.094836	  0.312556	  0.440152	  0.543038	  0.386282	  0.291479
 -0.063500	 -0.108784	 -0.159862	 -0.190306	 -0.174516	 -0.093289	 -0.077447	  0.024657	  0.173002	  0.160996	  0.406143	  0.446948	  0.548297	  0.367264	  0.243695
 -0.083982	 -0.128783	 -0.170642	 -0.200760	 -0.143877	 -0.016927	 -0.003437	  0.091095	  0.237520	  0.204722	  0.448906	  0.406853	  0.503460	  0.304647	  0.164945
 -0.083886	 -0.139433	 -0.161080	 -0.180917	 -0.103206	  0.061594	  0.079186	  0.161642	  0.243484	  0.257721	  0.461582	  0.329782	  0.431399	  0.202802	  0.086845
 -0.082506	 -0.133691	 -0.108375	 -0.136262	 -0.075592	  0.092950	  0.101024	  0.179051	  0.245592	  0.297169	  0.432380	  0.233666	  0.325825	  0.122530	  0.005239
 -0.075583	 -0.123944	 -0.051706	 -0.092723	 -0.019105	  0.096073	  0.121567	  0.147489	  0.233634	  0.289629	  0.378590	  0.139354	  0.183292	  0.026886	 -0.072952
 -0.113595	 -0.092678	 -0.021847	 -0.051116	  0.033786	  0.115537	  0.122986	  0.148510	  0.209343	  0.249920	  0.282609	  0.040924	  0.049215	 -0.083018	 -0.115546
 -0.115379	 -0.072800	 -0.008759	 -0.019291	  0.052827	  0.084068	  0.119233	  0.120363	  0.145490	  0.172241	  0.156872	 -0.068136	 -0.054456	 -0.128144	 -0.119053
 -0.102386	 -0.056878	  0.016590	  0.014005	  0.071313	  0.044813	  0.100857	  0.080237	  0.102541	  0.120015	  0.061789	 -0.160985	 -0.146385	 -0.141400	 -0.144013
 -0.080933	 -0.066250	  0.011478	  0.023773	  0.091339	  0.036174	  0.075718	  0.015659	  0.023760	  0.060289	 -0.026315	 -0.240126	 -0.172699	 -0.174015	 -0.131515
 -0.047721	 -0.045855	 -0.003810	  0.056825	  0.080283	  0.027068	  0.048858	 -0.046858	 -0.032077	  0.017491	 -0.058190	 -0.281638	 -0.164076	 -0.162803	 -0.074641
 -0.024247	 -0.028795	 -0.030816	  0.034758	  0.039710	 -0.024527	 -0.000039	 -0.086346	 -0.049820	 -0.002503	 -0.100504	 -0.262428	 -0.117651	 -0.140518	 -0.050458
  0.010190	  0.013507	 -0.036270	  0.013888	 -0.023109	 -0.051526	 -0.062987	 -0.100379	 -0.049627	 -0.017995	 -0.122283	 -0.202092	 -0.069803	 -0.119044	 -0.030769
  0.014163	  0.027646	 -0.045262	 -0.017611	 -0.044767	 -0.072347	 -0.108400	 -0.126135	 -0.049049	 -0.025502	 -0.100760	 -0.185290	 -0.031022	 -0.051439	  0.027642
  0.012083	  0.002176	 -0.079379	 -0.042811	 -0.053569	 -0.112092	 -0.119577	 -0.127590	 -0.035923	  0.000610	 -0.082170	 -0.152665	  0.013727	  0.000663	  0.115437
  0.034630	 -0.008006	 -0.078026	 -0.069781	 -0.053286	 -0.150550	 -0.101278	 -0.053823	 -0.009235	  0.018642	 -0.035025	 -0.081470	  0.049863	  0.029984	  0.199685
  0.020321	  0.000408	 -0.066240	 -0.094810	 -0.064826	 -0.142386	 -0.078124	  0.028624	  0.034523	  0.042381	  0.005686	 -0.008654	  0.069806	  0.086839	  0.275218
  0.024088	  0.002515	 -0.075756	 -0.096147	 -0.078910	 -0.112679	 -0.020353	  0.076228	  0.094250	  0.083325	  0.072221	  0.047307	  0.136191	  0.170355	  0.339514
  0.006424	 -0.006008	 -0.062062	 -0.098061	 -0.079235	 -0.077608	  0.027241	  0.136027	  0.120233	  0.113942	  0.107659	  0.094944	  0.187245	  0.269777	  0.359931
  0.011736	 -0.012660	 -0.065222	 -0.076826	 -0.065417	 -0.036546	  0.036924	  0.202317	  0.132624	  0.156681	  0.144868	  0.131760	  0.251444	  0.324535	  0.347634
  0.005261	 -0.001491	 -0.091185	 -0.050311	 -0.019131	  0.025827	  0.054227	  0.234688	  0.140509	  0.186884	  0.185850	  0.175076	  0.282799	  0.332989	  0.323293
 -0.029504	 -0.015026	 -0.084343	 -0.032825	  0.018792	  0.077662	  0.076344	  0.233895	  0.173398	  0.201121	  0.225531	  0.176169	  0.284055	  0.299007	  0.314876
 -0.044081	 -0.002955	 -0.053555	  0.013049	  0.043704	  0.116694	  0.093761	  0.244053	  0.194826	  0.179439	  0.211583	  0.157939	  0.257821	  0.239953	  0.289539
 -0.036316	 -0.006010	 -0.040296	  0.048635	  0.078901	  0.140771	  0.083137	  0.265663	  0.189090	  0.159376	  0.168755	  0.155837	  0.249780	  0.216439	  0.241055
 -0.006331	 -0.019571	 -0.005110	  0.064912	  0.095330	  0.157290	  0.088912	  0.278967	  0.189517	  0.115876	  0.152992	  0.142066	  0.199782	  0.199748	  0.186544
 -0.048575	 -0.026826	  0.008461	  0.103935	  0.092240	  0.151379	  0.079118	  0.273748	  0.189339	  0.082101	  0.106019	  0.119782	  0.188617	  0.185213	  0.172735
 -0.049312	 -0.011195	  0.028495	  0.163724	  0.100643	  0.162562	  0.043684	  0.253811	  0.146201	  0.023443	  0.054953	  0.091082	  0.168902	  0.186866	  0.132132
 -0.042347	 -0.015379	  0.024262	  0.171208	  0.110666	  0.188561	  0.053859	  0.241911	  0.138388	 -0.014640	  0.019873	  0.080214	  0.139682	  0.178615	  0.116252
 -0.033235	 -0.008209	  0.040241	  0.160070	  0.092492	  0.203879	  0.038007	  0.204062	  0.106116	 -0.043579	  0.000953	  0.083512	  0.141444	  0.159079	  0.141797
 -0.034881	  0.008162	  0.065954	  0.142850	  0.075582	  0.177211	  0.010744	  0.174585	  0.071684	 -0.082403	 -0.013602	  0.062512	  0.152782	  0.173064	  0.139040
 -0.029809	  0.050515	  0.068325	  0.148216	  0.065817	  0.160914	  0.030096	  0.124489	  0.041934	 -0.104181	 -0.019944	  0.054583	  0.147925	  0.145956	  0.104649
 -0.014935	  0.073165	  0.087839	  0.139804	  0.040275	  0.136959	  0.014000	  0.077966	  0.009490	 -0.100966	 -0.026223	  0.061182	  0.147399	  0.110101	  0.093481
 -0.009716	  0.087239	  0.070733	  0.119550	  0.016317	  0.110711	 -0.008807	  0.053777	 -0.012955	 -0.103091	  0.003394	  0.058329	  0.160112	  0.091070	  0.100607
  0.024773	  0.086127	  0.052410	  0.095737	 -0.016410	  0.079117	 -0.041126	  0.035787	 -0.043882	 -0.126043	  0.019180	  0.045320	  0.142633	  0.075759	  0.092949
  0.033366	  0.066338	  0.056723	  0.057739	 -0.041063	  0.048879	 -0.069221	  0.042755	 -0.060883	 -0.147152	  0.025438	  0.017347	  0.156223	  0.064807	  0.100539
  0.045549	  0.034308	  0.039053	  0.012917	 -0.041577	  0.013120	 -0.047973	  0.054599	 -0.051356	 -0.135749	  0.024855	 -0.015378	  0.167114	  0.063060	  0.118102
  0.051532	  0.006907	 -0.007428	 -0.002725	 -0.055054	 -0.036864	 -0.048866	  0.032649	 -0.050440	 -0.099004	  0.000963	 -0.004061	  0.145668	  0.094561	  0.137891
  0.077495	  0.029252	 -0.000083	 -0.004004	 -0.056059	 -0.060246	 -0.042725	  0.018722	 -0.045766	 -0.127988	  0.001550	 -0.014066	  0.121401	  0.112335	  0.147569
  0.088301	  0.027859	 -0.021120	 -0.025862	 -0.034583	 -0.062476	 -0.040301	  0.028398	 -0.088304	 -0.137700	  0.011824	 -0.055737	  0.121045	  0.110440	  0.169871
  0.099010	  0.012631	 -0.033742	 -0.047783	 -0.035941	 -0.073826	 -0.049359	  0.044349	 -0.095418	 -0.128118	  0.004614	 -0.078870	  0.127369	  0.111058	  0.205763
  0.120822	  0.007534	 -0.037113	 -0.037638	 -0.067882	 -0.061127	 -0.046927	  0.048501	 -0.057374	 -0.130974	 -0.016514	 -0.114839	  0.152185	  0.128656	  0.253456
  0.107130	 -0.015178	 -0.028259	 -0.043582	 -0.086984	 -0.047701	 -0.049260	  0.044300	 -0.071242	 -0.107842	 -0.028352	 -0.112039	  0.189348	  0.162219	  0.267183
  0.107999	 -0.044986	 -0.024964	 -0.051490	 -0.092264	 -0.061695	 -0.034415	  0.027166	 -0.086297	 -0.098743	 -0.041742	 -0.080616	  0.257272	  0.191797	  0.269671
  0.102958	 -0.066621	 -0.069949	 -0.091924	 -0.077706	 -0.032548	 -0.052573	  0.010522	 -0.073361	 -0.096575	 -0.038281	 -0.007238	  0.302380	  0.240103	  0.297852
  0.113587	 -0.062108	 -0.076098	 -0.089504	 -0.051200	 -0.013296	 -0.080864	  0.004548	 -0.034956	 -0.064627	 -0.017864	  0.030124	  0.337263	  0.274127	  0.330735
  0.084966	 -0.046204	 -0.068151	 -0.081048	 -0.056308	 -0.024451	 -0.087431	  0.000819	 -0.034344	 -0.026203	 -0.034461	  0.060852	  0.364281	  0.327540	  0.345209
  0.062722	 -0.045030	 -0.071385	 -0.108726	 -0.034767	 -0.037207	 -0.074842	  0.014406	 -0.004793	 -0.009114	 -0.007405	  0.095451	  0.397287	  0.324236	  0.347572
  0.054691	 -0.002614	 -0.056024	 -0.099878	 -0.007360	 -0.034335	 -0.061102	  0.062495	  0.035068	  0.029122	  0.045382	  0.128181	  0.383006	  0.313640	  0.344454
  0.024628	  0.017487	 -0.037865	 -0.080100	 -0.007473	 -0.037124	 -0.064824	  0.080588	  0.051114	  0.032507	  0.068951	  0.167250	  0.361423	  0.320731	  0.318318
  0.013837	  0.001267	 -0.017329	 -0.058462	  0.007611	 -0.035007	 -0.042864	  0.104796	  0.082565	  0.064303	  0.108713	  0.217282	  0.346539	  0.311101	  0.266704
 -0.016372	 -0.033191	 -0.013641	 -0.064806	  0.021236	 -0.034225	 -0.018600	  0.123027	  0.092199	  0.109382	  0.136181	  0.264483	  0.346019	  0.273104	  0.206733
 -0.043187	 -0.021905	 -0.027707	 -0.036123	  0.020564	 -0.027185	 -0.011486	  0.102892	  0.115600	  0.160721	  0.130179	  0.276598	  0.312042	  0.245694	  0.147730
 -0.043210	  0.026321	 -0.022825	 -0.010956	  0.031913	 -0.005607	  0.015634	  0.112190	  0.119046	  0.181927	  0.110983	  0.300236	  0.288673	  0.223250	  0.095892
 -0.048822	  0.028305	 -0.026329	 -0.013587	  0.036219	 -0.003118	  0.039515	  0.121400	  0.142771	  0.165223	  0.120032	  0.292071	  0.292530	  0.158265	  0.034607
 -0.050907	  0.042336	 -0.023264	 -0.029774	  0.034939	  0.037855	  0.067501	  0.128199	  0.182284	  0.172529	  0.137801	  0.281167	  0.275116	  0.098600	 -0.012218
 -0.043703	  0.035969	 -0.001080	 -0.017357	  0.060156	  0.077975	  0.088090	  0.161777	  0.176678	  0.149974	  0.163996	  0.263398	  0.221432	  0.025700	 -0.079625
 -0.026591	  0.030298	  0.007775	 -0.006841	  0.051082	  0.096511	  0.121559	  0.152303	  0.189460	  0.145690	  0.174014	  0.221645	  0.153237	 -0.034111	 -0.123109
 -0.034134	  0.013611	  0.034883	  0.036550	  0.047348	  0.114908	  0.108718	  0.135100	  0.191167	  0.137415	  0.164751	  0.179828	  0.092517	 -0.075208	 -0.156664
 -0.025540	  0.028970	  0.036680	  0.060287	  0.039318	  0.121627	  0.104460	  0.123239	  0.167450	  0.170731	  0.127150	  0.125400	  0.018877	 -0.095961	 -0.144579
  0.001139	  0.030070	  0.036644	  0.058285	  0.053602	  0.136078	  0.127332	  0.124801	  0.167276	  0.172526	  0.098866	  0.088791	 -0.040271	 -0.123529	 -0.116426
  0.013883	  0.057134	  0.066299	  0.053344	  0.063436	  0.128460	  0.133183	  0.128309	  0.153601	  0.174415	  0.075841	  0.065359	 -0.071803	 -0.143060	 -0.103427
  0.018591	  0.074794	  0.078553	  0.060252	  0.055911	  0.149946	  0.105781	  0.126705	  0.119158	  0.147204	  0.066705	  0.033276	 -0.054413	 -0.129071	 -0.095490
  0.040335	  0.039988	  0.090426	  0.063429	  0.077640	  0.124084	  0.080577	  0.094766	  0.099325	  0.128251	  0.048122	 -0.008692	 -0.032723	 -0.094205	 -0.081650
  0.018933	  0.056161	  0.108279	  0.085497	  0.112940	  0.111964	  0.060568	  0.060961	  0.075101	  0.077812	  0.021687	 -0.061507	 -0.012851	 -0.097450	 -0.084228
  0.004446	  0.093155	  0.103923	  0.107954	  0.112883	  0.113300	  0.026145	  0.067745	  0.027081	  0.032249	  0.012304	 -0.087113	 -0.010075	 -0.107393	 -0.064399
 -0.015727	  0.108495	  0.085608	  0.107606	  0.098942	  0.109121	  0.047762	  0.059482	  0.014028	  0.014435	 -0.000915	 -0.081562	 -0.045224	 -0.097350	 -0.027667
 -0.013311	  0.117326	  0.068832	  0.103653	  0.086003	  0.095390	  0.051207	  0.040852	  0.029884	  0.014419	 -0.022878	 -0.116651	 -0.035744	 -0.111078	 -0.040195
  0.012913	  0.107644	  0.069239	  0.104213	  0.079971	  0.065957	  0.079392	 -0.002852	  0.017261	  0.029703	 -0.050684	 -0.137042	 -0.010973	 -0.093037	 -0.019485
  0.058506	  0.098479	  0.049237	  0.114595	  0.086479	  0.052724	  0.072637	 -0.017402	  0.018183	  0.017118	 -0.065242	 -0.152766	 -0.022190	 -0.045699	  0.026091
  0.079494	  0.115458	  0.060345	  0.092069	  0.079758	  0.038854	  0.033809	 -0.049399	  0.035392	 -0.019467	 -0.088699	 -0.148199	 -0.058067	 -0.017274	  0.059345
  0.095378	  0.114240	  0.079499	  0.076497	  0.070679	  0.032672	  0.000753	 -0.042922	  0.031026	 -0.044371	 -0.130137	 -0.151423	 -0.064152	  0.007435	  0.126145
  0.099758	  0.121657	  0.095261	  0.074409	  0.033442	  0.035029	 -0.013161	 -0.043552	  0.028716	 -0.059745	 -0.121535	 -0.143431	 -0.032762	  0.081284	  0.178946
  0.118072	  0.133105	  0.105425	  0.083854	  0.021255	  0.002039	 -0.024456	 -0.055653	  0.039852	 -0.089235	 -0.107457	 -0.121173	 -0.013774	  0.121232	  0.210492
  0.127352	  0.152184	  0.102871	  0.083949	  0.003619	 -0.009197	 -0.041061	 -0.044557	  0.054393	 -0.070503	 -0.102854	 -0.112503	  0.022720	  0.155922	  0.211522
  0.108787	  0.162343	  0.083449	  0.077039	 -0.007980	 -0.007094	 -0.049360	 -0.026363	  0.062616	 -0.070100	 -0.067515	 -0.092704	  0.062889	  0.207511	  0.201132
  0.096546	  0.160335	  0.070330	  0.072506	  0.008631	 -0.028459	 -0.030415	 -0.010645	  0.060682	 -0.054915	 -0.076329	 -0.069326	  0.106389	  0.257304	  0.212894
  0.094745	  0.174271	  0.070372	  0.059432	  0.038377	 -0.027846	 -0.015503	 -0.007352	  0.064007	 -0.021444	 -0.078282	 -0.066557	  0.146952	  0.259740	  0.214204
  0.089134	  0.177253	  0.070489	  0.042423	  0.023626	 -0.029230	 -0.002327	 -0.017570	  0.067519	  0.006754	 -0.060957	 -0.041449	  0.167477	  0.266633	  0.220771
  0.091666	  0.197927	  0.055662	  0.009627	 -0.004127	 -0.055173	  0.008711	 -0.017340	  0.097979	  0.023735	 -0.030176	 -0.006126	  0.185643	  0.267509	  0.230320
  0.098150	  0.191255	  0.056610	  0.002307	  0.018123	 -0.064875	  0.024252	 -0.004146	  0.074088	  0.035587	  0.032315	  0.015495	  0.231853	  0.250302	  0.222779
  0.112032	  0.146065	  0.032891	 -0.007999	  0.037699	 -0.027225	  0.045667	  0.030613	  0.044927	  0.037713	  0.057186	  0.026724	  0.210173	  0.236468	  0.210157
  0.093386	  0.121868	  0.027513	 -0.008247	  0.061765	 -0.007290	  0.051928	  0.042059	  0.058492	  0.067230	  0.063260	  0.041592	  0.197485	  0.230752	  0.199144
  0.044315	  0.145883	  0.025375	  0.002943	  0.076504	 -0.011697	  0.048600	  0.035023	  0.085657	  0.069835	  0.096863	  0.053874	  0.164960	  0.233398	  0.144822
  0.028691	  0.172527	  0.034543	  0.006628	  0.061774	 -0.012279	  0.031010	  0.083736	  0.058915	  0.080416	  0.099220	  0.050133	  0.170091	  0.209273	  0.092288
  0.008084	  0.189103	  0.038347	  0.003402	  0.066159	 -0.001194	  0.058712	  0.083351	  0.063503	  0.104364	  0.107831	  0.035696	  0.162636	  0.182885	  0.050511
  0.028862	  0.179919	  0.056985	  0.040388	  0.054955	  0.030720	  0.070828	  0.100231	  0.089809	  0.112776	  0.097759	  0.043783	  0.115533	  0.143172	  0.010870
  0.042282	  0.183750	  0.066738	  0.073565	  0.050368	  0.048379	  0.059103	  0.124532	  0.084000	  0.119704	  0.059021	  0.028801	  0.104520	  0.063783	 -0.034237
  0.035457	  0.151623	  0.062986	  0.102263	  0.084781	  0.038244	  0.074446	  0.126190	  0.056551	  0.099410	  0.053707	  0.029726	  0.099765	  0.010753	 -0.057655
  0.015555	  0.106026	  0.070192	  0.116532	  0.118466	  0.087441	  0.102655	  0.109490	  0.076651	  0.105096	  0.064638	  0.037527	  0.089323	 -0.036842	 -0.082875
 -0.017258	  0.085128	  0.070287	  0.102520	  0.114055	  0.091839	  0.109353	  0.105663	  0.087492	  0.078294	  0.090754	  0.058632	  0.077978	 -0.084257	 -0.134002
 -0.040613	  0.089775	  0.079451	  0.081456	  0.104758	  0.073722	  0.087557	  0.122496	  0.066916	  0.073962	  0.082057	  0.052538	  0.061736	 -0.122886	 -0.148810
 -0.032618	  0.115914	  0.090848	  0.045555	  0.117010	  0.083272	  0.074555	  0.110016	  0.094657	  0.060279	  0.064569	  0.026466	  0.018753	 -0.162164	 -0.109841
  0.001134	  0.083284	  0.123362	  0.036779	  0.108690	  0.088354	  0.063399	  0.091194	  0.070620	  0.079705	  0.048628	  0.013079	  0.003634	 -0.198696	 -0.085276
  0.020886	  0.034414	  0.124549	  0.006276	  0.080840	  0.118858	  0.050062	  0.105304	  0.066200	  0.072165	  0.087447	  0.058360	 -0.025649	 -0.222837	 -0.057463
  0.039284	  0.033736	  0.109600	  0.006559	  0.032359	  0.111217	  0.046553	  0.080417	  0.082767	  0.058308	  0.103814	  0.092409	 -0.064189	 -0.191276	 -0.028173
  0.062243	  0.021681	  0.122200	  0.028011	  0.029888	  0.069761	  0.045244	  0.072400	  0.084225	  0.051943	  0.056352	  0.070153	 -0.050928	 -0.157758	 -0.026674
  0.066269	  0.017826	  0.109751	 -0.003723	  0.019598	  0.083973	  0.005445	  0.067149	  0.084325	  0.061417	  0.036217	  0.074105	 -0.045886	 -0.130754	 -0.010836
  0.077473	  0.068183	  0.090345	 -0.014121	  0.018772	  0.082998	  0.022727	  0.082640	  0.099950	  0.060577	  0.026578	  0.073544	 -0.043277	 -0.111229	  0.005025
  0.101129	  0.105007	  0.114337	  0.000152	  0.009950	  0.089912	  0.055532	  0.065649	  0.118787	  0.071709	  0.021310	  0.071475	 -0.026236	 -0.108655	 -0.005369
  0.131654	  0.093096	  0.133739	  0.002486	  0.000008	  0.101494	  0.031722	  0.091551	  0.115800	  0.099444	  0.032816	  0.061986	 -0.006929	 -0.055133	 -0.016158
  0.162763	  0.113540	  0.114277	 -0.007623	  0.015057	  0.085766	  0.047263	  0.089448	  0.094172	  0.064788	  0.046223	  0.059180	  0.029207	 -0.024165	  0.009112
  0.167938	  0.113738	  0.090659	 -0.043174	 -0.007425	  0.051584	  0.051821	  0.073322	  0.081996	  0.042808	  0.019200	  0.061689	  0.046873	 -0.033071	  0.035408
  0.162212	  0.095412	  0.099247	 -0.051323	 -0.016240	  0.035171	  0.062927	  0.094503	  0.099345	  0.018610	  0.057445	  0.070557	  0.097075	 -0.015966	  0.036988
  0.175250	  0.090180	  0.101021	 -0.049652	  0.020520	  0.040413	  0.076478	  0.083271	  0.139055	  0.011361	  0.049191	  0.068597	  0.142487	  0.007715	  0.036463
  0.180662	  0.079720	  0.083443	 -0.040653	  0.025351	  0.055504	  0.090113	  0.078339	  0.135427	  0.019173	  0.049821	  0.072960	  0.155888	  0.010692	  0.023549
  0.163571	  0.080913	  0.068632	 -0.050874	  0.025997	  0.061251	  0.077995	  0.099073	  0.124572	  0.010173	  0.066473	  0.097933	  0.173681	  0.055026	 -0.005625
  0.161681	  0.107270	  0.083160	 -0.057429	  0.030460	  0.075413	  0.105651	  0.148060	  0.123727	  0.002491	  0.069566	  0.104179	  0.164080	  0.093508	  0.006646
  0.168386	  0.131857	  0.073049	 -0.040186	  0.058933	  0.101931	  0.096750	  0.149790	  0.111916	  0.035828	  0.101157	  0.132131	  0.127981	  0.135550	  0.016092
  0.153987	  0.113915	  0.073692	 -0.046882	  0.040436	  0.107457	  0.095120	  0.137624	  0.154577	  0.051284	  0.096158	  0.129840	  0.133449	  0.163632	  0.059544
  0.129973	  0.107806	  0.092888	 -0.000171	  0.051626	  0.089969	  0.089779	  0.132657	  0.180344	  0.054390	  0.097567	  0.126831	  0.147383	  0.168357	  0.086231
  0.131372	  0.090698	  0.123170	 -0.004225	  0.069572	  0.108177	  0.086086	  0.152383	  0.186606	  0.065574	  0.099894	  0.076753	  0.153355	  0.179552	  0.092288
  0.118542	  0.107332	  0.111374	  0.015440	  0.094724	  0.121466	  0.110716	  0.158518	  0.172870	  0.076700	  0.067968	  0.044788	  0.166976	  0.168830	  0.109116
  0.122489	  0.146254	  0.099517	  0.064077	  0.091877	  0.143082	  0.108319	  0.145989	  0.132654	  0.076512	  0.076869	  0.050435	  0.153511	  0.168079	  0.115232
  0.109738	  0.160183	  0.095587	  0.058573	  0.096002	  0.170943	  0.107064	  0.142884	  0.111083	  0.072749	  0.088066	  0.083088	  0.157838	  0.177688	  0.140100
  0.109611	  0.194768	  0.077244	  0.090147	  0.077152	  0.170609	  0.118716	  0.152740	  0.108661	  0.074756	  0.096561	  0.114260	  0.163575	  0.187051	  0.178081
  0.135463	  0.207461	  0.070388	  0.114423	  0.075976	  0.170244	  0.131754	  0.193950	  0.124484	  0.099471	  0.106566	  0.105558	  0.162976	  0.221898	  0.217608
  0.114891	  0.206657	  0.079095	  0.110171	  0.106781	  0.164941	  0.133387	  0.196898	  0.129815	  0.084367	  0.119986	  0.127655	  0.205730	  0.242621	  0.186528
  0.078970	  0.199158	  0.091712	  0.118413	  0.115852	  0.162426	  0.106881	  0.170241	  0.135475	  0.053250	  0.101581	  0.128609	  0.217487	  0.236174	  0.149290
  0.073882	  0.225375	  0.099422	  0.131206	  0.131011	  0.152471	  0.117883	  0.170001	  0.098242	  0.075417	  0.102903	  0.132607	  0.217902	  0.228483	  0.135708
  0.057921	  0.237912	  0.101521	  0.162828	  0.165309	  0.118142	  0.143916	  0.187963	  0.090239	  0.084597	  0.094753	  0.113167	  0.241352	  0.236257	  0.140303
  0.043388	  0.249014	  0.125835	  0.187048	  0.194926	  0.100585	  0.163011	  0.192235	  0.071764	  0.103909	  0.087998	  0.090933	  0.222015	  0.225867	  0.140516
  0.067509	  0.214218	  0.125227	  0.171349	  0.179293	  0.097448	  0.157795	  0.197959	  0.078667	  0.115945	  0.114728	  0.100431	  0.234550	  0.206195	  0.145552
  0.073257	  0.212424	  0.127948	  0.166168	  0.213920	  0.094370	  0.152078	  0.178158	  0.122251	  0.106517	  0.127835	  0.130432	  0.245848	  0.201538	  0.134025
  0.079244	  0.230940	  0.117908	  0.165348	  0.215232	  0.134136	  0.190597	  0.162291	  0.119708	  0.084647	  0.122189	  0.150348	  0.242760	  0.212696	  0.143035
  0.098650	  0.206188	  0.091922	  0.151475	  0.198600	  0.149082	  0.172059	  0.181405	  0.097636	  0.083469	  0.120103	  0.150030	  0.264843	  0.177470	  0.165219
  0.124469	  0.199501	  0.096084	  0.163697	  0.194948	  0.145007	  0.160517	  0.185437	  0.085112	  0.100520	  0.122744	  0.163977	  0.273325	  0.149810	  0.182976
  0.119728	  0.208428	  0.093700	  0.175661	  0.191348	  0.152177	  0.169933	  0.167294	  0.086073	  0.108853	  0.112944	  0.155329	  0.260783	  0.152682	  0.189498
  0.107547	  0.204522	  0.104075	  0.189171	  0.184280	  0.156735	  0.196018	  0.125965	  0.087019	  0.109837	  0.095304	  0.179765	  0.268945	  0.138007	  0.175664
  0.114817	  0.197585	  0.098201	  0.211592	  0.202326	  0.154330	  0.180474	  0.123053	  0.104561	  0.097207	  0.087937	  0.161730	  0.245649	  0.122743	  0.157554
  0.086190	  0.217958	  0.085535	  0.215187	  0.192485	  0.134624	  0.188004	  0.118399	  0.121506	  0.100465	  0.097217	  0.149584	  0.217237	  0.116283	  0.159755
  0.086165	  0.201049	  0.062802	  0.196423	  0.189723	  0.147006	  0.172372	  0.110504	  0.108191	  0.110856	  0.115089	  0.141822	  0.194942	  0.125437	  0.157235
  0.090967	  0.182741	  0.092676	  0.197423	  0.190323	  0.164395	  0.163722	  0.139635	  0.090129	  0.131566	  0.103822	  0.093466	  0.181515	  0.111237	  0.171683
  0.092821	  0.184296	  0.092581	  0.216029	  0.170338	  0.185575	  0.156506	  0.128733	  0.098979	  0.084719	  0.085237	  0.117767	  0.197536	  0.071020	  0.176366
  0.119245	  0.175169	  0.088856	  0.216377	  0.154103	  0.191523	  0.146726	  0.121269	  0.097892	  0.066918	  0.061115	  0.137868	  0.207869	  0.044966	  0.168500
  0.130824	  0.144833	  0.095200	  0.213415	  0.154086	  0.203217	  0.147876	  0.128601	  0.112701	  0.081324	  0.060427	  0.147747	  0.190565	  0.044390	  0.160697
  0.141619	  0.123720	  0.073810	  0.194131	  0.129555	  0.217250	  0.150174	  0.152759	  0.098197	  0.094611	  0.069512	  0.139734	  0.182407	  0.034671	  0.181156
  0.126605	  0.135776	  0.034362	  0.173244	  0.112720	  0.193760	  0.149601	  0.161001	  0.070039	  0.105474	  0.075606	  0.134171	  0.198011	  0.052255	  0.168687
  0.139687	  0.142725	  0.007619	  0.178631	  0.106829	  0.179202	  0.155929	  0.139122	  0.020942	  0.110705	  0.069782	  0.133332	  0.200483	  0.072983	  0.183018
  0.165749	  0.135759	  0.026853	  0.163327	  0.100450	  0.178963	  0.147461	  0.118228	  0.009892	  0.132266	  0.082965	  0.134761	  0.216038	  0.109908	  0.202321
  0.198939	  0.136627	  0.012112	  0.151257	  0.069517	  0.187599	  0.161284	  0.113852	  0.025257	  0.117245	  0.077072	  0.118598	  0.215492	  0.129101	  0.190304
  0.201753	  0.142815	  0.032847	  0.144529	  0.065173	  0.163104	  0.158366	  0.127927	  0.034398	  0.107116	  0.082397	  0.109146	  0.185040	  0.103944	  0.179834
  0.178203	  0.131649	  0.025566	  0.150689	  0.087742	  0.167879	  0.164407	  0.153597	  0.024788	  0.096528	  0.072866	  0.107004	  0.154877	  0.096696	  0.116607
  0.177557	  0.119508	  0.029355	  0.146729	  0.063451	  0.163265	  0.150329	  0.165584	  0.040461	  0.103286	  0.043098	  0.114068	  0.149857	  0.117984	  0.105041
  0.175868	  0.143939	  0.019841	  0.141859	  0.062781	  0.197323	  0.150110	  0.172842	  0.032357	  0.110073	  0.043351	  0.136250	  0.165787	  0.094044	  0.079588
  0.176686	  0.137456	  0.001716	  0.142195	  0.048252	  0.198581	  0.181439	  0.189526	  0.023132	  0.124047	  0.039954	  0.131119	  0.170482	  0.081960	  0.029475
  0.060111	  0.006028	 -0.044155	  0.023603	  0.031588	  0.048490	  0.015061	  0.068278	  0.008795	  0.042030	  0.012526	  0.000084	  0.030940	 -0.016605	  0.016696
  0.045229	  0.022535	 -0.059236	  0.003251	  0.046938	  0.052963	  0.000346	  0.053012	 -0.012936	  0.046504	 -0.005245	 -0.007879	  0.001598	 -0.011786	 -0.001432
  0.024047	  0.033802	 -0.048279	  0.000279	  0.064139	  0.057992	 -0.015342	  0.042075	 -0.016893	  0.043113	 -0.013802	 -0.004582	 -0.003275	  0.004756	  0.002552
  0.008354	  0.042919	 -0.025076	  0.018568	  0.067303	  0.044958	  0.003373	  0.039594	 -0.002577	  0.002766	 -0.008274	  0.018321	  0.006034	 -0.007934	  0.011379
  0.031118	  0.025699	 -0.033455	  0.016527	  0.028685	  0.005031	  0.027549	 -0.006637	  0.005571	 -0.007109	 -0.022862	  0.007088	 -0.023831	 -0.002079	  0.032445
  0.023751	  0.029110	 -0.062474	 -0.007982	  0.027633	 -0.006679	  0.007329	  0.011788	 -0.001154	  0.019849	 -0.028864	 -0.020881	 -0.013253	  0.015015	  0.045840
  0.017746	  0.009631	 -0.061441	 -0.002016	  0.038067	  0.030895	 -0.024017	  0.023789	 -0.020736	  0.020554	 -0.008967	 -0.030295	 -0.044538	 -0.014939	  0.008392
  0.022518	 -0.040645	 -0.055002	 -0.000044	  0.014042	  0.026908	 -0.010862	 -0.002795	  0.004392	  0.026979	  0.033237	 -0.018580	 -0.026072	  0.033209	  0.068557
  0.019421	 -0.035557	 -0.040844	  0.002179	  0.019400	  0.004728	 -0.027640	 -0.023648	  0.008443	  0.038041	  0.024745	 -0.019792	 -0.005695	  0.073596	  0.144770
  0.007892	  0.003547	 -0.032207	 -0.019691	 -0.003161	 -0.001180	 -0.004183	 -0.021390	  0.002173	  0.006119	 -0.037522	 -0.060838	 -0.100555	 -0.119700	 -0.198461
 -0.029277	 -0.008738	 -0.028444	 -0.021879	  0.002852	 -0.015839	  0.013739	 -0.016384	  0.026455	  0.006772	 -0.006501	  0.000839	  0.010700	  0.026811	  0.055376
 -0.044511	 -0.019384	 -0.012949	  0.023414	  0.006225	 -0.031264	  0.020504	 -0.031980	  0.032182	  0.034591	  0.049467	  0.087089	  0.103996	  0.189077	  0.372550
 -0.043548	 -0.004475	  0.010902	  0.031710	 -0.002475	 -0.054231	  0.036521	 -0.039827	 -0.005580	 -0.012502	 -0.020941	 -0.051183	 -0.119057	 -0.216439	 -0.373254
 -0.025336	 -0.001769	  0.027688	  0.029933	 -0.011932	 -0.078880	  0.025309	 -0.018340	  0.009738	  0.012104	  0.017940	 -0.027811	 -0.003962	 -0.026574	 -0.062139
 -0.006294	  0.001663	  0.045307	 -0.002420	 -0.026536	 -0.052584	  0.015519	  0.012900	  0.009052	  0.041505	  0.068438	  0.089328	  0.194308	  0.303742	  0.495480
 -0.007601	  0.015533	  0.044196	 -0.036238	 -0.060570	 -0.032180	 -0.015730	  0.004589	 -0.011738	 -0.047446	 -0.030946	 -0.068971	 -0.095103	 -0.171115	 -0.383090
  0.001423	  0.018500	  0.080667	 -0.038714	 -0.087922	 -0.007528	 -0.020287	 -0.025712	 -0.015058	 -0.066777	 -0.006300	 -0.001997	  0.000366	 -0.077155	 -0.174473
 -0.007507	 -0.027583	  0.095384	 -0.021107	 -0.072888	  0.001745	  0.001466	 -0.014934	  0.009563	 -0.041244	  0.062622	  0.164952	  0.251257	  0.313623	  0.558747
 -0.031296	 -0.034470	  0.098159	 -0.022174	 -0.049725	  0.003568	 -0.010227	 -0.028895	 -0.006699	 -0.087727	 -0.043776	 -0.016198	 -0.090313	 -0.171622	 -0.295073
 -0.066240	 -0.036346	  0.101257	  0.022800	 -0.031661	  0.003086	 -0.038429	 -0.025480	 -0.022992	 -0.078122	 -0.034974	 -0.038694	 -0.073544	 -0.123879	 -0.324863
 -0.078085	  0.004862	  0.087759	  0.052191	 -0.019325	  0.007534	 -0.026069	  0.004553	  0.016968	 -0.019197	  0.069028	  0.105569	  0.224302	  0.377001	  0.486470
 -0.109558	 -0.009505	  0.056926	  0.049028	 -0.043681	  0.003149	 -0.037686	 -0.021831	 -0.023398	 -0.059422	 -0.054301	 -0.089593	 -0.064471	 -0.076469	 -0.260673
 -0.111461	 -0.033942	  0.038248	  0.051076	 -0.058271	  0.010619	 -0.043800	 -0.020392	 -0.058769	 -0.075389	 -0.089157	 -0.127052	 -0.116616	 -0.167898	 -0.506561
 -0.069026	 -0.012329	  0.041666	  0.037186	 -0.059245	  0.053668	 -0.035623	 -0.023494	 -0.033032	  0.003291	  0.059522	  0.107882	  0.215808	  0.376307	  0.388168
 -0.035439	 -0.001728	  0.040539	  0.047412	 -0.059011	  0.019693	 -0.033554	 -0.059890	 -0.067765	 -0.037173	  0.001292	 -0.002782	 -0.035488	  0.022741	 -0.168670
 -0.024395	  0.004524	  0.051665	  0.055416	 -0.056763	  0.015210	 -0.020327	 -0.094489	 -0.077677	 -0.054104	 -0.045655	 -0.084216	 -0.153020	 -0.205630	 -0.561986
 -0.055688	  0.000024	  0.054844	  0.060651	 -0.059914	  0.047545	 -0.032841	 -0.078324	 -0.024039	  0.041596	  0.068155	  0.125100	  0.172603	  0.359369	  0.385632
 -0.093347	  0.000424	  0.046466	  0.100947	 -0.020452	  0.048684	 -0.028124	 -0.065146	 -0.027387	  0.019381	  0.011035	  0.050030	 -0.023562	  0.106967	  0.010176
 -0.062470	  0.023701	  0.045640	  0.138549	  0.012533	  0.069187	 -0.029103	 -0.060160	 -0.037740	  0.000502	 -0.067467	 -0.038511	 -0.166414	 -0.221427	 -0.578710
 -0.035588	  0.037821	  0.035516	  0.137591	  0.014934	  0.094760	  0.009483	 -0.039279	 -0.036706	  0.096470	  0.013276	  0.183383	  0.187005	  0.292702	  0.315533
 -0.031389	  0.024503	  0.036239	  0.144797	 -0.009005	  0.082334	 -0.018481	 -0.056009	 -0.072888	  0.072935	 -0.025874	  0.078214	  0.073836	  0.125637	  0.149210
  0.001322	  0.029803	  0.037378	  0.163493	 -0.023276	  0.079568	 -0.017925	 -0.063325	 -0.091094	  0.015907	 -0.136431	 -0.105393	 -0.166466	 -0.353638	 -0.634748
 -0.004517	  0.026291	  0.051669	  0.184891	 -0.007264	  0.100758	  0.027980	 -0.031589	 -0.042956	  0.088034	 -0.035072	  0.085686	  0.151881	  0.152117	  0.166964
  0.000759	  0.006786	  0.041227	  0.181390	 -0.010276	  0.077866	  0.030971	 -0.038107	 -0.027991	  0.094891	 -0.029446	  0.061148	  0.130304	  0.126807	  0.244079
  0.006978	  0.022688	  0.033003	  0.178613	 -0.000799	  0.068375	  0.022316	 -0.093323	 -0.050127	  0.049610	 -0.105147	 -0.123729	 -0.154409	 -0.394640	 -0.601216
  0.005131	  0.052230	  0.010334	  0.157332	 -0.016151	  0.061321	  0.052924	 -0.068845	  0.013701	  0.117440	  0.002663	  0.043137	  0.120384	  0.067829	  0.096984
  0.008327	  0.049972	  0.028827	  0.156698	 -0.021537	  0.057849	  0.032538	 -0.039306	  0.032783	  0.132288	  0.047376	  0.077804	  0.205007	  0.192056	  0.407882
  0.043082	  0.028911	  0.049067	  0.113601	 -0.002042	  0.069346	  0.012302	 -0.020092	  0.042664	  0.057128	 -0.085701	 -0.144212	 -0.122964	 -0.363525	 -0.512619
  0.069491	  0.032755	  0.046579	  0.090278	  0.023410	  0.088892	  0.041700	  0.015345	  0.098647	  0.070441	  0.003975	 -0.017458	  0.071491	 -0.021344	 -0.017494
  0.082081	  0.034657	  0.036401	  0.083021	  0.049893	  0.075327	  0.048928	  0.025867	  0.112119	  0.077374	  0.061772	  0.063796	  0.211866	  0.272225	  0.479256
  0.089794	  0.035493	  0.010730	  0.051493	  0.077362	  0.052033	  0.022480	  0.008906	  0.059702	  0.020767	 -0.046697	 -0.120819	 -0.162874	 -0.291777	 -0.426496
  0.073294	  0.022525	  0.018368	  0.039155	  0.078475	  0.078510	  0.029283	 -0.002172	  0.071745	  0.024833	  0.008070	 -0.029079	 -0.016601	 -0.057951	 -0.153275
  0.059340	  0.009547	  0.010658	  0.035366	  0.045284	  0.095576	  0.016266	 -0.004665	  0.094497	  0.070451	  0.064855	  0.090557	  0.227173	  0.353030	  0.525722
  0.059255	  0.005864	 -0.031881	  0.003779	  0.044983	  0.073686	 -0.014049	 -0.039530	  0.045015	  0.012111	 -0.053845	 -0.080045	 -0.128464	 -0.201748	 -0.321456
  0.070371	 -0.020352	 -0.036862	 -0.011888	  0.056371	  0.047657	 -0.001822	 -0.040784	  0.064969	  0.041403	 -0.038148	 -0.027803	 -0.079215	 -0.143854	 -0.256915
  0.067472	 -0.025789	 -0.041171	 -0.008582	  0.047841	  0.063770	  0.007243	 -0.011775	  0.064991	  0.080177	  0.069904	  0.135924	  0.223070	  0.318966	  0.525266
  0.046053	 -0.031700	 -0.011600	  0.005498	  0.049871	  0.071018	 -0.045465	 -0.040556	 -0.011858	  0.009781	 -0.046421	 -0.045407	 -0.079318	 -0.169862	 -0.236334
  0.061896	 -0.017051	  0.016034	 -0.002137	  0.061106	  0.037566	 -0.037328	 -0.036259	 -0.050245	  0.009241	 -0.055206	 -0.042019	 -0.104459	 -0.237871	 -0.399456
  0.092627	 -0.030146	 -0.006760	 -0.027530	  0.061719	  0.039332	 -0.006390	  0.001362	 -0.017770	  0.050849	  0.052724	  0.161669	  0.214549	  0.300209	  0.494524
  0.095169	 -0.057159	 -0.014295	 -0.026738	  0.045645	  0.043827	 -0.027480	 -0.005467	 -0.027302	  0.023278	 -0.015101	  0.010413	 -0.073363	 -0.082384	 -0.079363
  0.071920	 -0.049599	  0.004676	 -0.013323	  0.034011	  0.048760	 -0.042662	 -0.008229	 -0.041528	  0.015863	 -0.033891	 -0.027629	 -0.200581	 -0.291330	 -0.473883
  0.098106	 -0.048121	  0.054661	  0.037482	  0.016781	  0.062998	 -0.046636	  0.013498	 -0.003389	  0.085329	  0.126501	  0.175324	  0.132907	  0.299171	  0.475538
  0.082425	 -0.055348	  0.070866	  0.033428	  0.020676	  0.064713	 -0.022296	 -0.007406	 -0.006322	  0.059358	  0.049472	  0.033058	 -0.073988	  0.034522	  0.057850
  0.061170	 -0.092398	  0.054186	  0.025759	  0.008769	  0.032762	 -0.043916	 -0.051101	 -0.049070	  0.036621	 -0.028086	 -0.093143	 -0.258593	 -0.266351	 -0.532783
  0.081644	 -0.102633	  0.044338	  0.038735	 -0.022637	  0.059487	 -0.032512	 -0.067626	 -0.028445	  0.096063	  0.072245	  0.131579	  0.093897	  0.345889	  0.350195
  0.064237	 -0.093999	  0.049532	  0.028209	 -0.036139	  0.058644	 -0.041180	 -0.093499	 -0.047039	  0.056061	  0.001469	  0.072138	 -0.003964	  0.211578	  0.165781
  0.031938	 -0.100998	  0.030530	  0.051081	 -0.026333	  0.049819	 -0.044129	 -0.102414	 -0.065094	  0.019586	 -0.107750	 -0.080535	 -0.253400	 -0.244332	 -0.595642
  0.014443	 -0.091422	  0.011296	  0.076520	 -0.011912	  0.058478	 -0.048756	 -0.045309	 -0.036468	  0.079286	  0.011094	  0.100879	  0.079900	  0.242135	  0.197822
  0.033241	 -0.088622	  0.022656	  0.059543	 -0.002002	  0.062477	 -0.053649	 -0.044793	 -0.056279	  0.084822	  0.015912	  0.073156	  0.089116	  0.209621	  0.244757
  0.026882	 -0.059991	  0.025745	  0.037179	 -0.003667	  0.077016	 -0.072651	 -0.072857	 -0.080216	  0.025182	 -0.070988	 -0.105785	 -0.204271	 -0.279913	 -0.608914
  0.012132	 -0.034818	  0.060206	  0.047994	  0.020560	  0.095402	 -0.071077	 -0.040683	 -0.047722	  0.076417	  0.035411	  0.063997	  0.099753	  0.173248	  0.078752
 -0.000235	 -0.066591	  0.048624	  0.079763	  0.046575	  0.124568	 -0.027606	 -0.058526	 -0.047013	  0.095631	  0.064783	  0.069134	  0.158431	  0.335116	  0.371433
  0.005025	 -0.086726	  0.056880	  0.057447	  0.035622	  0.110611	 -0.001626	 -0.090212	 -0.061303	  0.030152	 -0.063033	 -0.143059	 -0.149991	 -0.214732	 -0.576592
 -0.021546	 -0.106206	  0.044416	  0.043423	  0.021150	  0.092565	  0.036126	 -0.046650	 -0.039501	  0.071722	  0.003360	  0.009903	  0.072380	  0.149025	 -0.090670
 -0.029509	 -0.124562	  0.015542	  0.036623	  0.013081	  0.090207	  0.043306	 -0.029788	  0.012470	  0.087276	  0.040030	  0.141604	  0.206756	  0.399636	  0.405231
 -0.012628	 -0.146850	  0.022591	  0.038802	  0.003347	  0.088404	  0.010833	 -0.053266	 -0.008575	 -0.000076	 -0.101726	 -0.072973	 -0.143242	 -0.186993	 -0.482321
 -0.032260	 -0.145742	  0.020730	  0.027343	 -0.001307	  0.063576	  0.009710	 -0.060470	 -0.013624	 -0.021080	 -0.040163	  0.013013	  0.007658	  0.017057	 -0.203910
 -0.060832	 -0.145208	  0.053245	  0.048744	  0.016077	  0.047462	  0.025959	 -0.053034	  0.012556	  0.015338	  0.028369	  0.121294	  0.209327	  0.394697	  0.461893
 -0.077709	 -0.117848	  0.057210	  0.048320	  0.012982	  0.057409	  0.035016	 -0.070629	  0.009783	 -0.049302	 -0.079521	 -0.091773	 -0.141305	 -0.206820	 -0.385059
 -0.092850	 -0.106909	  0.014994	  0.025239	  0.007504	  0.053860	  0.045989	 -0.059677	  0.024982	 -0.074804	 -0.046038	 -0.032240	 -0.073717	 -0.109448	 -0.314340
 -0.088469	 -0.096944	  0.004765	  0.037505	 -0.012693	  0.051441	  0.074576	 -0.002326	  0.053857	 -0.035431	  0.037050	  0.151926	  0.206937	  0.377094	  0.499790
 -0.067185	 -0.094773	 -0.021330	  0.059797	 -0.001760	  0.057891	  0.062801	 -0.026571	  0.018047	 -0.100054	 -0.071505	 -0.037504	 -0.092818	 -0.142111	 -0.248328
 -0.043517	 -0.077624	 -0.012301	  0.046082	 -0.010143	  0.080599	  0.076129	 -0.024472	  0.006378	 -0.119231	 -0.073829	 -0.065579	 -0.126572	 -0.224611	 -0.408745
 -0.049253	 -0.070378	 -0.002349	  0.055173	 -0.030704	  0.094680	  0.071917	 -0.002031	  0.057489	 -0.022023	  0.047363	  0.122171	  0.180104	  0.309282	  0.515681
 -0.073931	 -0.041154	  0.016908	  0.048236	 -0.048412	  0.094795	  0.061176	 -0.010325	  0.025841	 -0.033778	 -0.043296	 -0.004323	 -0.097211	 -0.095000	 -0.048210
 -0.071715	 -0.018049	  0.046394	  0.018845	 -0.044535	  0.092383	  0.061411	 -0.017485	 -0.003087	 -0.048225	 -0.058984	 -0.061700	 -0.182066	 -0.305433	 -0.450202
 -0.082256	 -0.011444	  0.063667	  0.032465	 -0.027919	  0.083070	  0.080012	  0.050271	  0.031001	  0.027264	  0.115493	  0.150928	  0.205709	  0.276622	  0.482452
 -0.056803	 -0.006516	  0.069781	  0.041634	 -0.055013	  0.056779	  0.080341	  0.052137	  0.050436	 -0.010080	  0.013509	  0.051511	  0.034037	  0.003931	  0.077068
 -0.057981	  0.013532	  0.074405	  0.062345	 -0.044924	  0.044807	  0.066824	  0.027266	  0.047508	 -0.057708	 -0.062203	 -0.074620	 -0.173726	 -0.308888	 -0.510379
 -0.041437	  0.020087	  0.076476	  0.075916	 -0.020766	  0.045215	  0.054646	  0.040205	  0.071930	  0.013734	  0.092468	  0.114283	  0.172304	  0.236063	  0.408083
 -0.025729	  0.007998	  0.095223	  0.056687	 -0.035653	  0.066865	  0.038187	  0.027152	  0.040904	  0.026499	  0.065847	  0.041889	  0.071957	  0.065911	  0.248138
 -0.036001	  0.022261	  0.100330	  0.033443	 -0.053347	  0.060367	  0.041235	 -0.012680	 -0.000393	 -0.013805	 -0.037764	 -0.115902	 -0.174308	 -0.364020	 -0.466221
 -0.022031	  0.036265	  0.099710	  0.041872	 -0.053836	  0.040294	  0.028070	 -0.017597	  0.014171	  0.073137	  0.070002	  0.076973	  0.159021	  0.163643	  0.328352
 -0.032394	  0.032536	  0.110871	  0.050528	 -0.022534	  0.028907	  0.017643	 -0.001693	 -0.002004	  0.051544	  0.039378	  0.064078	  0.119186	  0.148155	  0.344848
 -0.046330	 -0.000751	  0.102396	  0.080870	  0.011080	  0.024380	  0.068313	 -0.036210	 -0.042261	 -0.028387	 -0.080269	 -0.134272	 -0.203067	 -0.391099	 -0.546554
 -0.020995	 -0.028456	  0.109307	  0.074943	 -0.002251	  0.058313	  0.106382	 -0.021591	 -0.008923	  0.024593	  0.021830	  0.026639	  0.078451	  0.023889	  0.135601
 -0.001115	 -0.045291	  0.098373	  0.059100	 -0.016475	  0.063013	  0.117995	 -0.024811	  0.001842	  0.056562	  0.074793	  0.084376	  0.155592	  0.148835	  0.423344
  0.015988	 -0.046100	  0.078024	  0.032790	 -0.020015	  0.057158	  0.093715	 -0.038605	 -0.017089	  0.009478	 -0.041774	 -0.094337	 -0.182914	 -0.399735	 -0.521690
  0.062232	 -0.020215	  0.041355	  0.037091	  0.006056	  0.061040	  0.040691	 -0.019970	  0.031363	  0.044028	  0.024176	  0.026663	  0.019599	 -0.045739	 -0.012245
  0.063084	  0.004382	  0.052959	  0.032654	  0.019953	  0.046744	  0.056240	 -0.021306	  0.039522	  0.058941	  0.061724	  0.057608	  0.149666	  0.195250	  0.507289
  0.082347	  0.009497	  0.048720	  0.021729	  0.038066	  0.026560	  0.075520	 -0.057365	 -0.008299	 -0.009373	 -0.066985	 -0.145916	 -0.200480	 -0.390224	 -0.409415
  0.091712	  0.013107	  0.039497	  0.032310	  0.037891	  0.045160	  0.074878	 -0.063525	  0.023707	  0.017573	 -0.002158	 -0.032370	 -0.083422	 -0.143614	 -0.125936
  0.056669	  0.008060	  0.080766	  0.039117	  0.028299	  0.064321	  0.065165	 -0.029960	  0.035220	  0.036955	  0.108890	  0.106712	  0.153050	  0.258457	  0.542761
  0.043631	 -0.018755	  0.082740	  0.045440	  0.015906	  0.083712	  0.048047	 -0.072826	  0.007971	 -0.052551	 -0.009802	 -0.110054	 -0.165169	 -0.264395	 -0.338348
  0.031158	 -0.017878	  0.059036	  0.057097	 -0.005061	  0.127994	  0.051384	 -0.052749	  0.004590	 -0.014907	 -0.002387	 -0.077413	 -0.081090	 -0.149711	 -0.285419
  0.030246	 -0.012454	  0.048313	  0.057530	 -0.002633	  0.119273	  0.056222	 -0.025874	  0.017417	  0.080861	  0.132164	  0.106362	  0.218012	  0.355014	  0.538105
  0.026604	 -0.006358	  0.021351	  0.073940	  0.028656	  0.087995	  0.011739	 -0.054938	 -0.033413	  0.003942	  0.046527	 -0.076264	 -0.103924	 -0.119634	 -0.229988
  0.026426	 -0.000938	  0.025932	  0.076300	  0.036611	  0.097882	  0.012026	 -0.013449	 -0.053788	  0.019722	  0.023092	 -0.065990	 -0.125631	 -0.161967	 -0.432807
  0.025291	 -0.015144	  0.036462	  0.077069	  0.004964	  0.139357	  0.046950	  0.005744	 -0.011489	  0.106524	  0.128029	  0.154056	  0.217801	  0.380700	  0.491846
  0.046209	 -0.003317	  0.010626	  0.065165	 -0.017802	  0.162011	  0.039452	 -0.002724	 -0.005645	  0.055635	  0.062875	 -0.000338	 -0.041452	 -0.008253	 -0.096412
  0.053392	  0.014205	 -0.005699	  0.040186	 -0.041881	  0.145413	  0.043585	 -0.003697	 -0.025619	  0.019942	  0.039044	 -0.056561	 -0.165064	 -0.187030	 -0.494730
  0.046905	  0.029817	 -0.009494	  0.031965	 -0.035001	  0.146286	  0.091659	  0.012112	  0.005876	  0.082184	  0.132273	  0.181286	  0.193074	  0.401789	  0.444363
  0.038959	  0.030356	 -0.021272	  0.027909	 -0.024853	  0.099616	  0.078492	  0.016749	 -0.025080	  0.055328	  0.009378	  0.028174	  0.017118	  0.147013	  0.067768
  0.013856	  0.038907	 -0.025421	  0.028331	 -0.014207	  0.066473	  0.069290	  0.010199	 -0.050442	  0.036272	 -0.085356	 -0.076059	 -0.189053	 -0.206674	 -0.466934
  0.027113	  0.036065	 -0.023171	  0.034102	  0.003123	  0.080644	  0.080225	  0.031349	 -0.018202	  0.106512	  0.036138	  0.157678	  0.148294	  0.329921	  0.425540
  0.050111	  0.019600	  0.004690	  0.033175	  0.009562	  0.095605	  0.068689	  0.009651	 -0.053936	  0.104135	 -0.014050	  0.091387	  0.025601	  0.190080	  0.215054
  0.069456	  0.016696	  0.034536	  0.046133	 -0.004015	  0.091121	  0.060808	 -0.012093	 -0.099741	  0.045162	 -0.116880	 -0.097366	 -0.239750	 -0.257313	 -0.558055
  0.078351	  0.033542	  0.034295	  0.050081	  0.002516	  0.088934	  0.090669	  0.013112	 -0.030382	  0.102284	  0.001812	  0.087904	  0.079590	  0.262426	  0.241731
  0.102403	  0.020656	  0.029921	  0.064673	  0.015793	  0.065119	  0.094524	 -0.004505	 -0.017508	  0.102147	 -0.010753	  0.084630	  0.049358	  0.271025	  0.292007
  0.141892	  0.017675	  0.011497	  0.079634	  0.024894	  0.042005	  0.053874	 -0.040447	 -0.062625	  0.036442	 -0.110392	 -0.105604	 -0.259680	 -0.225695	 -0.585229
  0.133687	  0.029968	 -0.003818	  0.095160	  0.047487	  0.043264	  0.049886	 -0.039211	 -0.032974	  0.081189	 -0.002946	  0.089476	  0.023155	  0.234364	  0.107879
  0.130713	  0.044130	  0.023632	  0.109692	  0.041480	  0.052674	  0.039323	 -0.052699	 -0.001132	  0.105522	  0.009355	  0.147712	  0.089697	  0.345805	  0.404635
  0.111739	  0.060531	  0.036312	  0.080502	  0.017979	  0.054467	  0.010718	 -0.076314	 -0.020485	  0.015998	 -0.147735	 -0.056757	 -0.257554	 -0.220914	 -0.479695
  0.121648	  0.053529	  0.034204	  0.072013	  0.023940	  0.060535	  0.006960	 -0.066722	 -0.015622	  0.032706	 -0.047429	  0.092211	 -0.043095	  0.106644	  0.030767
  0.109605	  0.013180	  0.026127	  0.068931	  0.011274	  0.046742	  0.021216	 -0.053494	 -0.008168	  0.063537	  0.028758	  0.191168	  0.119894	  0.363198	  0.556431
  0.109083	 -0.036260	  0.010052	  0.069383	  0.024390	  0.021463	  0.013237	 -0.065456	 -0.036708	 -0.020262	 -0.067287	 -0.035323	 -0.190573	 -0.217892	 -0.343990
  0.093751	 -0.054894	  0.035967	  0.093386	  0.015060	  0.052662	  0.018231	 -0.088077	  0.000746	 -0.001604	 -0.008293	  0.070037	 -0.020515	  0.010662	 -0.055242
  0.054765	 -0.056373	  0.043765	  0.121141	  0.013563	  0.055529	  0.026332	 -0.091367	  0.054002	  0.018022	  0.035499	  0.160176	  0.114091	  0.315497	  0.444011
  0.029807	 -0.056700	  0.057984	  0.158934	 -0.010733	  0.048120	  0.010430	 -0.095305	  0.025325	 -0.044473	 -0.068766	 -0.009565	 -0.140537	 -0.128181	 -0.184766
  0.030513	 -0.071689	  0.092043	  0.196126	 -0.047461	  0.023244	  0.021565	 -0.078605	  0.039544	 -0.018361	 -0.050853	  0.045654	 -0.038069	 -0.006906	 -0.016096
  0.037362	 -0.065650	  0.085578	  0.213808	 -0.041321	  0.031078	  0.009091	 -0.091095	  0.069269	  0.004586	 -0.023842	  0.091649	  0.077235	  0.174826	  0.255001
  0.016941	 -0.044126	  0.070553	  0.190767	 -0.031421	  0.055730	 -0.040029	 -0.119603	  0.037797	 -0.053385	 -0.064952	 -0.001820	 -0.060815	 -0.072341	 -0.079508
 -0.017385	 -0.037585	  0.040271	  0.154046	 -0.012513	  0.051955	 -0.050640	 -0.124719	  0.042379	 -0.034041	 -0.035462	  0.049202	  0.000311	  0.015153	 -0.008885
 -0.010610	 -0.047157	  0.027039	  0.128889	 -0.039338	  0.044195	 -0.043437	 -0.120572	  0.038117	 -0.016436	  0.002685	  0.059298	  0.044311	  0.068375	  0.107962
  0.007480	 -0.052510	  0.026216	  0.121726	 -0.042684	  0.071528	 -0.016797	 -0.130411	  0.002953	 -0.051662	 -0.031822	 -0.025505	 -0.031452	 -0.123483	 -0.102520
  0.006521	 -0.026304	  0.027522	  0.144620	 -0.034106	  0.095887	  0.000517	 -0.106546	 -0.008095	 -0.040532	 -0.011816	 -0.014207	  0.060508	 -0.084316	  0.003851
 -0.001573	 -0.026538	  0.011826	  0.129113	 -0.025910	  0.118313	  0.006989	 -0.115018	  0.004290	 -0.031268	  0.033664	  0.017516	  0.120532	 -0.046608	  0.101421
  0.010498	 -0.036421	  0.033575	  0.110861	  0.002595	  0.097606	 -0.000533	 -0.142953	  0.015563	 -0.033208	  0.023707	 -0.008605	  0.056016	 -0.181910	 -0.060588
  0.002182	 -0.035989	  0.028365	  0.102249	 -0.011961	  0.081148	  0.010579	 -0.115301	  0.024139	 -0.053360	  0.043542	  0.008739	  0.088674	 -0.142418	  0.047236
  0.020106	 -0.043235	  0.007116	  0.082474	 -0.019195	  0.084268	  0.021467	 -0.096009	  0.023827	 -0.075757	  0.067475	  0.015198	  0.092083	 -0.107264	  0.126970
  0.025517	 -0.024334	  0.008074	  0.063316	 -0.000010	  0.074070	  0.037102	 -0.094277	  0.013416	 -0.101506	  0.041117	  0.003545	  0.010363	 -0.190788	 -0.016173
 -0.001410	 -0.026611	  0.020268	  0.073556	 -0.002432	  0.109441	  0.057208	 -0.062326	 -0.018309	 -0.124257	  0.039040	  0.023764	  0.040478	 -0.095476	  0.068567
 -0.005743	 -0.017041	  0.053769	  0.058184	  0.002083	  0.103442	  0.057026	 -0.041639	 -0.008639	 -0.098088	  0.018749	  0.051791	  0.072385	 -0.053986	  0.080979
 -0.003369	  0.010512	  0.073061	  0.044724	  0.023378	  0.086325	  0.055792	  0.003323	  0.011804	 -0.089313	  0.003931	  0.007181	  0.032746	 -0.121968	 -0.023203
  0.015596	  0.042014	  0.090820	  0.061970	  0.043753	  0.057522	  0.043486	  0.051311	  0.010389	 -0.092466	 -0.009997	  0.013667	  0.064261	 -0.088575	  0.070654
  0.019155	  0.038687	  0.094647	  0.051179	  0.043649	  0.031574	  0.037884	  0.079056	  0.013835	 -0.065680	  0.011918	  0.025120	  0.076386	 -0.089992	  0.082654
  0.037255	  0.032419	  0.074072	  0.037959	  0.054314	  0.039801	  0.032342	  0.088164	  0.018763	 -0.047115	  0.031514	  0.000958	  0.066994	 -0.143527	  0.034441
  0.039440	  0.008476	  0.058415	  0.052419	  0.087952	  0.053133	  0.027748	  0.094313	  0.019879	 -0.036232	  0.015652	  0.015295	  0.069648	 -0.098093	  0.069278
  0.045758	  0.009437	  0.024594	  0.057585	  0.052483	  0.061523	  0.048506	  0.119992	  0.029608	 -0.018928	 -0.006738	  0.012188	  0.065372	 -0.073222	  0.048124
  0.035258	  0.006762	  0.036001	  0.028812	  0.003028	  0.061168	  0.029942	  0.121760	  0.049572	 -0.026726	  0.031311	  0.009436	  0.078173	 -0.067384	 -0.008933
  0.053256	 -0.019756	  0.051328	  0.016530	 -0.004991	  0.043156	  0.026530	  0.108726	  0.049093	 -0.040237	  0.019541	  0.032145	  0.090917	 -0.028726	  0.032165
  0.019754	 -0.036038	  0.075671	  0.028713	  0.007423	  0.053781	  0.060677	  0.084138	  0.039255	 -0.029059	  0.013345	  0.023730	  0.084201	 -0.010486	  0.013385
  0.011180	 -0.020451	  0.109766	  0.064771	  0.003557	  0.055172	  0.050704	  0.070773	  0.040257	 -0.023745	  0.031700	  0.014063	  0.077102	 -0.009657	 -0.029126
  0.005148	 -0.028104	  0.116099	  0.070121	 -0.007843	  0.049813	  0.080857	  0.082798	  0.066534	 -0.004239	 -0.000652	  0.014748	  0.081631	 -0.003895	 -0.037298
  0.016093	 -0.049457	  0.126956	  0.091736	 -0.020868	  0.038824	  0.102809	  0.093660	  0.073180	  0.004742	 -0.018829	  0.024128	  0.079306	 -0.009790	 -0.031999
  0.059654	 -0.053899	  0.087012	  0.092289	 -0.029131	  0.056388	  0.092703	  0.090944	  0.075738	  0.010418	 -0.027232	  0.000376	  0.093023	 -0.016340	 -0.040714
  0.084836	 -0.048954	  0.076122	  0.082527	 -0.052436	  0.064958	  0.063626	  0.058828	  0.054017	  0.007435	 -0.024707	 -0.011475	  0.091364	 -0.005136	 -0.052406
  0.080298	 -0.047638	  0.080742	  0.097585	 -0.053706	  0.062863	  0.021543	  0.030547	  0.055174	  0.022627	 -0.029599	  0.000765	  0.085288	 -0.012326	 -0.062872
  0.065861	 -0.049721	  0.055276	  0.119858	 -0.046260	  0.083016	  0.012409	 -0.009914	  0.066348	  0.022480	 -0.025752	  0.011023	  0.074383	  0.016094	 -0.050804
  0.032644	 -0.033136	  0.047030	  0.106099	 -0.045903	  0.109070	 -0.000760	 -0.006019	  0.087413	  0.026816	 -0.008415	 -0.003753	  0.054255	  0.032373	 -0.032750
  0.017490	 -0.043842	  0.066380	  0.090103	 -0.031594	  0.119572	 -0.012157	 -0.009817	  0.093956	  0.003272	 -0.005476	 -0.027551	  0.053858	  0.007739	 -0.037494
  0.014679	 -0.055549	  0.075351	  0.104283	 -0.020227	  0.132887	  0.004149	 -0.035477	  0.097159	 -0.012426	 -0.013852	 -0.013967	  0.053659	  0.042323	  0.005306
 -0.004297	 -0.050330	  0.063038	  0.132787	 -0.016007	  0.132860	 -0.002704	 -0.026651	  0.120385	 -0.009166	 -0.012553	 -0.033269	  0.045508	  0.052690	  0.022697
 -0.013161	 -0.083167	  0.072636	  0.132762	  0.004263	  0.136899	 -0.029945	 -0.037150	  0.118760	  0.001860	 -0.032826	 -0.025493	  0.029074	  0.067035	  0.031209
 -0.025070	 -0.097894	  0.067220	  0.108808	  0.020690	  0.119181	 -0.038352	 -0.047527	  0.104510	  0.013096	 -0.016212	 -0.026435	  0.016693	  0.092148	  0.041367
 -0.033003	 -0.071002	  0.045165	  0.109728	  0.013412	  0.120742	 -0.033548	 -0.075508	  0.110923	  0.029689	 -0.026985	 -0.014471	  0.025056	  0.120690	  0.027271
 -0.042121	 -0.066499	  0.011500	  0.101008	 -0.005018	  0.108656	 -0.008017	 -0.092618	  0.088782	  0.042036	 -0.043657	 -0.005616	  0.043442	  0.116624	  0.046122
 -0.037902	 -0.067884	 -0.000160	  0.096642	 -0.004334	  0.099617	  0.002142	 -0.111868	  0.059686	  0.050717	 -0.045266	  0.014793	  0.037187	  0.114936	  0.036429
 -0.047703	 -0.100772	  0.033279	  0.118527	 -0.030644	  0.100671	  0.023049	 -0.124010	  0.045606	  0.032162	 -0.065596	 -0.011981	  0.043877	  0.102150	  0.002359
 -0.011943	 -0.118023	  0.067210	  0.139324	 -0.049836	  0.091147	  0.041714	 -0.095208	  0.035872	  0.024204	 -0.048660	 -0.014743	  0.028330	  0.096269	  0.024080
  0.008245	 -0.102198	  0.075343	  0.148770	 -0.035032	  0.103974	  0.045782	 -0.075732	  0.040705	  0.033140	 -0.077384	 -0.012665	  0.006141	  0.089180	  0.059848
  0.018647	 -0.088922	  0.070212	  0.163046	 -0.024427	  0.117419	  0.043064	 -0.065164	  0.036157	  0.048918	 -0.041934	 -0.028388	  0.016473	  0.082346	  0.069481
 -0.008210	 -0.072244	  0.066251	  0.142408	 -0.024114	  0.106890	  0.046691	 -0.068334	  0.013319	  0.059157	 -0.024310	 -0.036316	  0.033948	  0.088732	  0.054585
 -0.052115	 -0.077959	  0.071766	  0.141018	 -0.028485	  0.114988	  0.069758	 -0.059967	  0.007929	  0.037382	 -0.017973	 -0.035534	  0.056062	  0.062088	  0.046226
 -0.063513	 -0.078753	  0.072932	  0.143624	  0.009804	  0.123944	  0.090889	 -0.035599	  0.018735	  0.048880	 -0.019964	 -0.025307	  0.034782	  0.055594	  0.067057
 -0.067783	 -0.057266	  0.066600	  0.158541	 -0.002031	  0.076200	  0.077429	 -0.021977	  0.025743	  0.035914	 -0.022167	 -0.036955	  0.031319	  0.055521	  0.084659
 -0.103630	 -0.083891	  0.069072	  0.165577	 -0.013939	  0.075143	  0.067244	 -0.000043	  0.024905	  0.012287	 -0.002212	 -0.019814	  0.044906	  0.021657	  0.098708
 -0.117812	 -0.086696	  0.049541	  0.135638	 -0.007917	  0.084443	  0.091718	  0.001373	 -0.002173	  0.028285	  0.020207	 -0.006940	  0.047801	 -0.023468	  0.099238
 -0.133211	 -0.044632	  0.039972	  0.097001	 -0.024696	  0.068519	  0.073279	  0.012158	 -0.021318	  0.053759	  0.033197	 -0.011514	  0.058677	 -0.032967	  0.087724
 -0.116947	 -0.006108	  0.045559	  0.078068	 -0.008352	  0.058256	  0.019749	  0.025208	 -0.014700	  0.047494	  0.032965	  0.004155	  0.011143	 -0.054059	  0.076478
 -0.096047	  0.000112	  0.038195	  0.075804	  0.002918	  0.049736	  0.026046	  0.037277	  0.004398	  0.062931	  0.019371	  0.037378	 -0.008124	 -0.039006	  0.068177
 -0.119177	  0.011931	  0.059021	  0.085834	  0.002271	  0.043516	  0.050523	  0.042220	 -0.014439	  0.090971	  0.025744	  0.032578	 -0.005536	 -0.014975	  0.047999
 -0.094831	  0.049555	  0.057819	  0.095133	 -0.025510	  0.047569	  0.051269	  0.022839	 -0.022822	  0.107006	  0.028818	  0.045438	  0.003301	 -0.031654	  0.046743
 -0.063432	  0.036803	  0.067525	  0.077072	 -0.027856	  0.050306	  0.048112	  0.038128	 -0.009870	  0.114216	  0.045113	  0.041589	  0.020746	 -0.041160	  0.009058
 -0.043333	  0.018096	  0.073565	  0.032027	 -0.038256	  0.050766	  0.047960	  0.031655	  0.019183	  0.107869	  0.048827	  0.032819	 -0.009224	 -0.024195	 -0.014410
 -0.004249	  0.013042	  0.066261	  0.027519	 -0.016135	  0.047371	  0.034587	  0.001290	  0.022079	  0.112949	  0.067241	  0.065549	 -0.019309	 -0.029117	 -0.019687
  0.026595	 -0.010477	  0.044439	  0.015849	  0.000232	  0.071418	  0.036317	 -0.002794	 -0.004036	  0.087995	  0.068982	  0.081014	 -0.028308	 -0.020762	 -0.037062
  0.055013	 -0.008213	  0.028606	  0.012931	 -0.001689	  0.072916	  0.037888	  0.022116	 -0.023654	  0.101510	  0.081818	  0.069764	 -0.005280	 -0.003602	 -0.035745
  0.069419	  0.024663	  0.032923	  0.028803	 -0.007341	  0.076780	  0.005930	  0.000909	 -0.026959	  0.099201	  0.079178	  0.050063	  0.012079	 -0.024044	 -0.014871
  0.049510	  0.031119	  0.015603	  0.036737	 -0.019960	  0.086225	 -0.002061	 -0.014340	 -0.008105	  0.089993	  0.117610	  0.050096	  0.044382	 -0.025070	 -0.016691
  0.060376	  0.047739	  0.012394	  0.022550	 -0.015453	  0.071308	 -0.019052	 -0.013105	 -0.013833	  0.084145	  0.116289	  0.045699	  0.028443	 -0.019874	 -0.029445
  0.070955	  0.047575	  0.035392	  0.028137	 -0.013558	  0.090840	 -0.064987	 -0.022855	 -0.055938	  0.101853	  0.081132	  0.060511	  0.015001	 -0.010762	 -0.023636
  0.089222	  0.086587	  0.055381	  0.032572	  0.015612	  0.075268	 -0.088563	 -0.005799	 -0.052107	  0.085541	  0.093982	  0.055564	  0.004234	 -0.002657	 -0.009887
  0.093497	  0.079118	  0.036861	  0.041681	  0.038596	  0.055991	 -0.058407	 -0.019122	 -0.032297	  0.035070	  0.111120	  0.034456	 -0.015396	 -0.001848	  0.013987
  0.111898	  0.048781	  0.001761	  0.050967	  0.021483	  0.030303	 -0.070342	 -0.014690	 -0.022293	  0.016833	  0.112154	  0.032857	  0.005481	 -0.005343	  0.019760
  0.128006	  0.035594	  0.010647	  0.066430	  0.001576	  0.038955	 -0.072094	 -0.013309	  0.015826	  0.027778	  0.103187	  0.017765	  0.017072	  0.025892	 -0.001329
  0.152846	  0.025718	  0.009550	  0.081138	  0.030458	  0.049635	 -0.031209	 -0.015153	  0.017161	  0.027068	  0.100831	  0.007400	  0.013660	  0.037044	  0.002020
  0.123545	  0.030041	  0.025938	  0.082745	  0.044203	  0.043279	 -0.021939	 -0.025382	  0.002173	  0.006724	  0.088404	  0.007781	  0.008849	  0.048500	  0.033957
  0.131805	  0.009656	  0.034325	  0.059635	  0.040376	  0.073922	 -0.027088	 -0.024551	 -0.022381	 -0.016579	  0.113366	  0.007867	  0.019998	  0.024596	  0.017413
  0.127507	 -0.013033	  0.024368	  0.058843	  0.022394	  0.105402	 -0.027330	 -0.034164	 -0.035049	 -0.017027	  0.118396	 -0.014683	  0.037981	  0.004158	 -0.015638
  0.091829	 -0.035974	  0.021127	  0.066431	  0.026132	  0.109574	 -0.025800	 -0.027910	 -0.058385	 -0.004862	  0.107662	 -0.010974	  0.057474	  0.034782	 -0.010562
  0.074191	 -0.044606	  0.054404	  0.082698	  0.018162	  0.091041	 -0.010275	 -0.007673	 -0.054388	  0.022975	  0.079045	  0.011311	  0.053405	  0.034423	 -0.015550
  0.068952	 -0.048398	  0.070744	  0.109719	  0.015876	  0.092795	  0.017264	  0.019609	 -0.042530	  0.027127	  0.063590	  0.016895	  0.079866	  0.048580	  0.012845
  0.075908	 -0.040520	  0.058083	  0.131663	 -0.009679	  0.068034	  0.027210	  0.028294	 -0.050437	 -0.023949	  0.030849	  0.015948	  0.085872	  0.062279	  0.009301
  0.081649	 -0.057858	  0.063940	  0.146742	 -0.007785	  0.026141	  0.033834	  0.034777	 -0.045323	 -0.044864	  0.042306	  0.015494	  0.100697	  0.066874	  0.008010
  0.080445	 -0.067320	  0.088479	  0.133152	  0.012326	  0.021592	  0.052839	  0.007357	 -0.032822	 -0.044090	  0.044913	  0.013413	  0.132994	  0.061626	  0.003049
  0.090794	 -0.073700	  0.072721	  0.116726	  0.028922	  0.029175	  0.029671	 -0.014859	 -0.035754	 -0.021673	  0.010126	  0.041264	  0.126399	  0.045592	  0.010499
  0.081404	 -0.058817	  0.073998	  0.121007	  0.043357	  0.033492	  0.064038	 -0.035095	 -0.045694	  0.000954	 -0.012300	  0.029550	  0.132820	  0.047332	  0.037406
  0.076849	 -0.046560	  0.077500	  0.125057	  0.027828	  0.069022	  0.063022	 -0.037520	 -0.026153	  0.014840	 -0.032465	  0.026796	  0.136179	  0.046933	  0.039592
  0.049433	 -0.057239	  0.062597	  0.118641	  0.048828	  0.087957	  0.035786	 -0.021672	  0.009992	  0.013328	 -0.046073	  0.030819	  0.139988	  0.055811	  0.034536
  0.051629	 -0.072927	  0.069976	  0.104829	  0.044781	  0.052857	  0.052874	 -0.020364	 -0.002857	  0.022166	 -0.068808	  0.021049	  0.110517	  0.058188	  0.031355
  0.066052	 -0.085345	  0.058895	  0.106381	  0.029772	  0.012199	  0.035589	 -0.009681	  0.021904	 -0.010787	 -0.071819	  0.019905	  0.100524	  0.032137	  0.033270
  0.047429	 -0.091736	  0.017567	  0.087493	  0.028616	  0.013547	  0.025529	  0.025559	  0.040881	 -0.027082	 -0.054183	  0.012454	  0.113346	  0.031443	  0.047444
  0.023456	 -0.089434	 -0.000270	  0.093286	  0.020374	  0.055639	  0.028989	  0.031470	  0.020508	 -0.003677	 -0.072090	  0.039802	  0.112296	  0.035847	  0.066090
  0.014747	 -0.080472	  0.030704	  0.100490	  0.025231	  0.103144	  0.018028	  0.000961	  0.032820	  0.020871	 -0.106690	  0.057881	  0.117761	  0.035958	  0.029623
  0.025845	 -0.053232	  0.012332	  0.071161	  0.035788	  0.139680	  0.012416	 -0.006921	  0.065789	  0.026042	 -0.125381	  0.045966	  0.128561	  0.040233	 -0.006554
  0.029995	 -0.032501	  0.028517	  0.084052	  0.019658	  0.127033	  0.006114	  0.007562	  0.054890	 -0.006061	 -0.126554	  0.070961	  0.135594	  0.043122	 -0.001157
  0.038023	 -0.024251	  0.043270	  0.080163	 -0.025017	  0.134078	 -0.002079	  0.012037	  0.059264	 -0.029855	 -0.108081	  0.075461	  0.143926	  0.043368	 -0.015896
  0.013507	 -0.040236	  0.042600	  0.062115	 -0.016297	  0.130020	 -0.004590	 -0.004701	  0.052506	 -0.035287	 -0.089728	  0.042551	  0.119658	  0.026839	 -0.033578
 -0.005505	 -0.053636	  0.050843	  0.052451	 -0.016019	  0.115922	  0.016861	 -0.023773	  0.046048	 -0.001758	 -0.058467	  0.084311	  0.106875	 -0.007743	 -0.039987
 -0.004259	 -0.029300	  0.034845	  0.047636	 -0.021146	  0.113822	  0.022184	 -0.036627	  0.035183	  0.004864	 -0.039950	  0.104721	  0.124338	 -0.025174	 -0.059489
 -0.004442	 -0.015043	  0.066025	  0.044361	 -0.030294	  0.117410	  0.038771	 -0.018503	  0.009510	 -0.041645	 -0.042611	  0.089464	  0.115092	 -0.038157	 -0.058367
 -0.016036	 -0.016208	  0.084319	  0.039791	 -0.008583	  0.154173	  0.051833	 -0.013246	 -0.007713	 -0.053547	 -0.045255	  0.070670	  0.083520	 -0.039202	 -0.033058
