:RUN-4	LEVEL SWEEP	TEMP:NaN	2/13/2024	6:07 PM	HR:NaN:SW EAR: L	SW FREQ: 32.00	# AVERAGES: 512	REP RATE (/sec): 39	DRIVER: 	SAMPLE (µsec): 40	MASKER dB: 0:Threshold: 50.7:NOTES-:CHAMBER-Bach:Avgs: 512;512;512;512;512;512;512;512;512;512;512;512;512;512;512
:Tries: 587;587;583;597;592;585;582;581;585;578;577;568;588;577;581
:Log: :Vary signal level: TRUE :Control: NaN:CFTS Version: V2.37.2 (R3379):LEVELS:30;35;40;45;50;55;60;65;70;75;80;85;90;95;100;:DATA  0.024720	  0.054264	  0.023503	 -0.030654	  0.029384	  0.029841	 -0.028879	  0.023640	  0.060282	  0.054827	  0.037849	  0.039354	  0.031037	  0.078277	  0.114444
  0.016237	  0.037929	  0.022918	 -0.031976	  0.051139	  0.034497	 -0.026087	  0.023886	  0.063339	  0.014216	  0.013021	  0.047990	  0.027107	  0.067378	  0.166030
  0.033022	  0.052822	  0.001653	 -0.046831	  0.019546	  0.027793	 -0.044058	  0.007165	  0.054684	  0.019958	 -0.001974	  0.016527	  0.020106	  0.043906	  0.158955
  0.040480	  0.038100	 -0.026541	 -0.033679	 -0.000840	  0.028589	 -0.045604	  0.017844	  0.043770	  0.039341	  0.011143	 -0.000603	  0.036202	  0.026652	  0.136117
  0.005666	  0.014635	  0.005839	 -0.030449	 -0.029446	 -0.004956	 -0.038146	  0.014876	  0.063429	  0.032483	  0.021835	  0.009190	  0.049761	  0.053645	  0.101754
 -0.020309	 -0.001204	 -0.006599	 -0.017919	 -0.020718	  0.009472	 -0.057644	  0.017461	  0.074543	  0.012411	  0.009761	  0.005291	  0.018350	  0.095362	  0.087204
 -0.041855	 -0.014695	 -0.016224	 -0.019001	 -0.012465	 -0.007338	 -0.046061	  0.014500	  0.081285	 -0.002298	  0.022577	  0.001742	  0.013514	  0.076329	  0.068565
 -0.050420	 -0.047983	 -0.005342	 -0.018471	 -0.005719	 -0.005846	 -0.031387	 -0.017475	  0.069532	 -0.010523	  0.008631	  0.005733	  0.008497	  0.046901	  0.079689
 -0.052415	 -0.023687	  0.010915	 -0.015953	 -0.001651	 -0.007329	 -0.007212	 -0.035089	  0.047471	 -0.011184	  0.007575	  0.005241	 -0.005086	  0.031617	  0.057036
 -0.031204	  0.012148	 -0.003609	 -0.011677	 -0.007039	 -0.021862	  0.021207	 -0.040152	  0.017538	  0.021267	  0.020457	  0.017110	  0.007231	  0.019758	  0.019897
 -0.021710	  0.031661	 -0.002165	 -0.006246	  0.030544	 -0.002164	  0.039420	 -0.041390	 -0.005536	  0.012862	  0.030889	  0.004369	  0.010553	  0.012297	  0.009594
 -0.039638	  0.014186	  0.021016	 -0.014693	  0.029267	 -0.000987	  0.026912	 -0.019855	 -0.007523	 -0.000540	  0.039512	 -0.007265	  0.028515	  0.017358	  0.009746
 -0.043097	 -0.010072	  0.012097	 -0.007614	  0.008856	  0.000274	  0.026607	  0.023308	 -0.024697	 -0.008944	  0.028119	 -0.034027	  0.006435	  0.024394	 -0.009219
 -0.001800	 -0.021551	  0.045948	  0.017440	 -0.012912	  0.006617	  0.036444	  0.025462	 -0.038189	 -0.004752	  0.011622	 -0.016811	 -0.018660	 -0.001638	 -0.058795
  0.018800	 -0.023612	  0.048320	  0.039225	 -0.031531	  0.029592	  0.030167	  0.011996	 -0.058275	 -0.004037	 -0.022271	 -0.028391	 -0.009006	 -0.054090	 -0.121770
 -0.000019	 -0.019608	  0.018827	  0.039896	 -0.019536	  0.004957	  0.023045	  0.006950	 -0.067412	 -0.036818	 -0.043130	 -0.022775	 -0.022773	 -0.095666	 -0.128956
  0.014112	 -0.023558	 -0.026895	  0.047752	 -0.004779	 -0.013606	  0.019843	 -0.004571	 -0.081881	 -0.044320	 -0.036933	  0.000710	 -0.034748	 -0.099566	 -0.151363
  0.042701	 -0.022429	 -0.035528	  0.045743	  0.023872	 -0.015521	  0.025864	 -0.006120	 -0.084981	 -0.035364	 -0.050696	 -0.015241	 -0.049753	 -0.094616	 -0.164933
  0.051834	 -0.020432	 -0.041050	  0.048519	 -0.004233	 -0.041839	  0.034037	 -0.001316	 -0.097220	 -0.018659	 -0.066692	 -0.011383	 -0.053298	 -0.107942	 -0.184842
  0.054895	 -0.026915	 -0.047084	  0.046586	 -0.041740	 -0.050184	  0.041530	 -0.021119	 -0.110160	 -0.029926	 -0.041297	 -0.016760	 -0.063985	 -0.140356	 -0.189150
  0.077538	 -0.027035	 -0.060339	  0.055140	 -0.052974	 -0.064893	  0.038452	 -0.042114	 -0.121853	 -0.024052	 -0.054494	 -0.033159	 -0.071822	 -0.146943	 -0.172354
  0.076217	 -0.039782	 -0.050870	  0.058597	 -0.066832	 -0.098411	  0.043229	 -0.075277	 -0.121502	  0.002180	 -0.070002	 -0.012593	 -0.085199	 -0.120429	 -0.150362
  0.075635	 -0.023451	 -0.044321	  0.058314	 -0.064281	 -0.062198	  0.073711	 -0.033342	 -0.115600	  0.003430	 -0.085259	  0.032869	 -0.105986	 -0.131808	 -0.162506
  0.083094	 -0.005386	 -0.033172	  0.061664	 -0.039005	 -0.054648	  0.056042	 -0.023465	 -0.116006	  0.006171	 -0.082628	  0.047513	 -0.122650	 -0.162646	 -0.180495
  0.086497	  0.005382	 -0.052839	  0.058460	 -0.032657	 -0.031479	  0.057876	 -0.049988	 -0.119909	  0.014201	 -0.089203	  0.022101	 -0.163459	 -0.198941	 -0.221691
  0.094250	 -0.018130	 -0.069406	  0.040427	 -0.030190	  0.008315	  0.035580	 -0.047375	 -0.128772	 -0.003349	 -0.102744	  0.022135	 -0.193302	 -0.188031	 -0.230366
  0.092795	 -0.008120	 -0.049590	  0.035418	 -0.074326	 -0.005632	  0.019968	 -0.040963	 -0.148049	 -0.028660	 -0.106452	  0.022540	 -0.164389	 -0.192827	 -0.207715
  0.079055	 -0.025673	 -0.048112	  0.010818	 -0.051203	 -0.025020	  0.004570	 -0.047576	 -0.168669	 -0.053729	 -0.140576	  0.001168	 -0.169031	 -0.221517	 -0.202915
  0.075157	 -0.053293	 -0.025014	  0.006660	 -0.020539	 -0.020910	 -0.001201	 -0.085183	 -0.181696	 -0.075645	 -0.134262	 -0.020805	 -0.192331	 -0.219560	 -0.174925
  0.055729	 -0.028350	  0.020243	  0.016498	 -0.006058	 -0.009207	 -0.000052	 -0.070760	 -0.165055	 -0.059945	 -0.133897	 -0.035971	 -0.157234	 -0.220175	 -0.163578
  0.050079	 -0.014638	  0.036383	  0.023740	  0.012181	 -0.026528	 -0.009684	 -0.053926	 -0.128646	 -0.042581	 -0.154168	 -0.034305	 -0.138081	 -0.182306	 -0.183186
  0.057537	 -0.005249	  0.021676	  0.014864	  0.000525	 -0.063974	 -0.028162	 -0.057877	 -0.151869	 -0.022456	 -0.143276	 -0.020255	 -0.113613	 -0.148540	 -0.168058
  0.074005	 -0.021318	  0.013059	  0.004179	  0.015721	 -0.082106	 -0.059228	 -0.072383	 -0.139808	 -0.013624	 -0.120967	 -0.021083	 -0.073622	 -0.128265	 -0.109144
  0.048343	 -0.029300	 -0.001454	  0.019050	  0.024587	 -0.108455	 -0.078321	 -0.070536	 -0.123571	  0.025558	 -0.102427	  0.006140	 -0.012209	 -0.054680	 -0.043168
  0.036084	 -0.045027	 -0.029160	  0.023229	  0.014944	 -0.099512	 -0.074344	 -0.039670	 -0.113406	  0.053241	 -0.076244	  0.037714	  0.022018	  0.021269	  0.031500
  0.057302	 -0.020431	 -0.036988	  0.013847	  0.016056	 -0.076102	 -0.060453	 -0.002176	 -0.091274	  0.058467	 -0.056193	  0.054796	  0.053996	  0.053223	  0.094089
  0.056836	 -0.014696	 -0.019706	  0.003418	  0.005924	 -0.072079	 -0.063208	  0.009849	 -0.054969	  0.073302	 -0.028536	  0.083709	  0.076337	  0.098394	  0.107364
  0.035249	 -0.019929	 -0.009445	  0.018188	  0.013869	 -0.044080	 -0.052540	  0.023422	 -0.013692	  0.039423	  0.030612	  0.118709	  0.101076	  0.133392	  0.113330
  0.037929	 -0.006365	 -0.025839	  0.004165	  0.029084	 -0.019660	 -0.047247	  0.040891	  0.000520	  0.045297	  0.087187	  0.127128	  0.147909	  0.100123	  0.125049
  0.060540	 -0.011786	 -0.021503	  0.020129	  0.051372	  0.002792	 -0.038749	  0.008885	  0.024015	  0.048050	  0.100425	  0.136859	  0.147552	  0.072415	  0.106401
  0.050049	  0.022100	  0.005016	  0.024111	  0.073850	  0.036732	 -0.050826	  0.000935	  0.019237	  0.054539	  0.118529	  0.125719	  0.117830	  0.051539	  0.055775
  0.025700	  0.023566	 -0.020954	  0.027017	  0.063687	  0.055452	 -0.041810	  0.020312	  0.005842	  0.032642	  0.141229	  0.080551	  0.082549	  0.046927	  0.015291
 -0.014295	  0.032247	 -0.042311	  0.028851	  0.070252	  0.049870	 -0.039214	  0.030673	  0.003850	  0.037856	  0.099483	  0.028530	  0.053271	  0.046313	 -0.052663
 -0.032903	  0.046325	 -0.031280	  0.041060	  0.091585	  0.034375	 -0.011569	  0.044470	 -0.018464	  0.039668	  0.060425	 -0.008571	  0.033321	  0.032439	 -0.096970
 -0.009466	  0.056337	 -0.034533	  0.058607	  0.083661	  0.045878	  0.009626	  0.052037	 -0.020145	  0.011909	  0.004504	 -0.017207	 -0.000415	  0.037309	 -0.123378
 -0.000461	  0.051670	 -0.049767	  0.058042	  0.070347	  0.046189	  0.038176	  0.033889	 -0.052285	 -0.009964	 -0.019986	 -0.015989	 -0.037202	  0.004136	 -0.139200
  0.010418	  0.046009	 -0.073707	  0.048983	  0.070089	  0.069388	  0.028749	  0.001392	 -0.107879	 -0.052620	 -0.048139	 -0.020801	 -0.066769	 -0.042842	 -0.147588
  0.014097	  0.056364	 -0.061086	  0.031907	  0.079349	  0.066577	 -0.009771	 -0.039388	 -0.151686	 -0.076121	 -0.076056	 -0.052503	 -0.100820	 -0.083480	 -0.155016
  0.007438	  0.082457	 -0.074943	  0.023211	  0.072621	  0.039641	 -0.043466	 -0.073009	 -0.152427	 -0.118156	 -0.079193	 -0.064849	 -0.154344	 -0.120803	 -0.231538
 -0.022691	  0.077751	 -0.095588	  0.013936	  0.067512	 -0.001536	 -0.107125	 -0.102063	 -0.182766	 -0.160759	 -0.081764	 -0.063284	 -0.214126	 -0.147200	 -0.264786
 -0.028529	  0.046853	 -0.071096	  0.010363	  0.049317	 -0.034846	 -0.128693	 -0.139090	 -0.220315	 -0.195763	 -0.118576	 -0.103576	 -0.264999	 -0.178810	 -0.267629
 -0.016777	  0.042788	 -0.036096	 -0.008904	  0.046440	 -0.066374	 -0.162282	 -0.178633	 -0.260200	 -0.224642	 -0.149895	 -0.123941	 -0.274822	 -0.207173	 -0.275925
 -0.021060	  0.040535	 -0.032491	 -0.021276	  0.019425	 -0.081952	 -0.191130	 -0.171997	 -0.257330	 -0.221179	 -0.165807	 -0.134532	 -0.252006	 -0.198622	 -0.268081
 -0.010000	  0.003590	 -0.056210	 -0.015381	 -0.030637	 -0.109104	 -0.188772	 -0.153885	 -0.237823	 -0.219837	 -0.158092	 -0.130011	 -0.207926	 -0.199228	 -0.240879
 -0.015329	 -0.018978	 -0.083696	  0.005619	 -0.068237	 -0.130062	 -0.180775	 -0.159244	 -0.235529	 -0.193015	 -0.145037	 -0.119332	 -0.226799	 -0.213255	 -0.209065
 -0.005120	 -0.001306	 -0.087640	 -0.033175	 -0.074807	 -0.106461	 -0.154915	 -0.137645	 -0.232165	 -0.141221	 -0.144541	 -0.093586	 -0.197975	 -0.188757	 -0.176923
  0.027716	 -0.026477	 -0.107896	 -0.061182	 -0.083594	 -0.106333	 -0.119275	 -0.113258	 -0.201354	 -0.125164	 -0.118983	 -0.043873	 -0.146180	 -0.156392	 -0.139665
  0.006747	 -0.033654	 -0.101719	 -0.069314	 -0.068820	 -0.104738	 -0.086718	 -0.095075	 -0.176481	 -0.082635	 -0.115135	 -0.034038	 -0.139352	 -0.109116	 -0.123382
 -0.008488	 -0.020967	 -0.123520	 -0.061986	 -0.073284	 -0.078060	 -0.061610	 -0.043923	 -0.142334	 -0.040851	 -0.107202	  0.009837	 -0.086272	 -0.082762	 -0.052880
  0.015843	 -0.013226	 -0.133698	 -0.069738	 -0.081415	 -0.043005	 -0.071678	 -0.029054	 -0.105244	 -0.022391	 -0.067743	  0.012257	 -0.058510	 -0.087892	  0.025475
  0.004133	 -0.016309	 -0.108184	 -0.044439	 -0.050534	 -0.009434	 -0.061758	 -0.031725	 -0.072889	  0.017518	 -0.021597	 -0.008798	 -0.037107	 -0.063539	  0.060562
 -0.012343	 -0.025774	 -0.078956	  0.000002	 -0.022971	 -0.012360	 -0.055643	 -0.022615	 -0.059601	  0.032190	  0.014345	 -0.003175	 -0.003552	 -0.056066	  0.095659
 -0.014517	 -0.017098	 -0.064630	  0.019657	  0.004161	  0.002181	 -0.054922	 -0.038356	 -0.041340	  0.017373	  0.029008	 -0.045492	  0.002988	 -0.048641	  0.122633
 -0.026348	 -0.028226	 -0.070956	  0.023412	  0.041271	  0.013243	 -0.043508	 -0.040240	 -0.010958	  0.038318	  0.022978	 -0.077176	  0.027094	 -0.043512	  0.149178
 -0.029018	 -0.031532	 -0.057618	  0.025333	  0.054438	 -0.014894	 -0.056097	 -0.038026	 -0.000351	  0.059531	  0.019450	 -0.046402	  0.038149	 -0.033452	  0.153756
 -0.018963	  0.003987	 -0.030251	  0.034944	  0.034300	 -0.039617	 -0.031303	 -0.037950	  0.027882	  0.043146	  0.042788	 -0.052966	  0.041795	  0.007892	  0.168038
 -0.023091	 -0.000410	 -0.027244	  0.033004	  0.005570	 -0.034778	 -0.051800	  0.000198	  0.026895	  0.002560	  0.035547	 -0.044596	  0.075768	  0.054103	  0.222381
  0.010100	  0.000635	 -0.031601	  0.039705	 -0.010567	 -0.029548	 -0.057067	  0.004622	  0.009953	 -0.003040	  0.024170	 -0.025433	  0.080675	  0.069201	  0.194252
  0.014760	  0.005161	 -0.036171	  0.079572	 -0.026816	 -0.059691	 -0.040248	  0.015247	 -0.016782	 -0.002721	  0.056268	 -0.005328	  0.065684	  0.087926	  0.158028
 -0.002187	  0.000634	 -0.045345	  0.110041	 -0.096874	 -0.055904	 -0.040628	  0.015304	 -0.010051	  0.029189	  0.072872	  0.047493	  0.071428	  0.108021	  0.165057
 -0.009567	  0.002779	 -0.030765	  0.118026	 -0.098675	 -0.044863	 -0.002645	  0.001410	 -0.009314	  0.017240	  0.094609	  0.072653	  0.074801	  0.096283	  0.152849
  0.002727	 -0.010314	 -0.025759	  0.119033	 -0.074866	 -0.054155	  0.013368	  0.016101	  0.017730	  0.030552	  0.100590	  0.072343	  0.060128	  0.094683	  0.136404
 -0.020352	 -0.010033	 -0.016945	  0.090241	 -0.075073	 -0.060666	  0.004840	  0.022477	  0.016918	  0.038563	  0.117916	  0.086576	  0.038452	  0.074860	  0.118010
 -0.023411	 -0.009961	 -0.021876	  0.078081	 -0.083939	 -0.069950	  0.019429	  0.053014	  0.021685	  0.035685	  0.132436	  0.076909	  0.009309	  0.064405	  0.108027
 -0.016991	 -0.022442	 -0.039410	  0.074709	 -0.100143	 -0.075505	  0.027011	  0.083573	  0.025763	  0.057417	  0.116920	  0.069035	 -0.003042	  0.073673	  0.079612
  0.002050	 -0.056730	 -0.041180	  0.083036	 -0.084182	 -0.076872	  0.052988	  0.104060	  0.057579	  0.063416	  0.104807	  0.063265	 -0.012068	  0.051927	  0.059231
  0.022899	 -0.064966	 -0.022679	  0.094673	 -0.039437	 -0.042453	  0.052180	  0.105761	  0.060781	  0.036703	  0.123719	  0.056823	 -0.011605	  0.041897	  0.051212
  0.060584	 -0.053109	  0.000323	  0.095666	 -0.020425	 -0.021631	  0.043480	  0.075790	  0.045178	  0.057452	  0.144365	  0.091103	  0.000319	  0.056066	  0.077928
  0.050669	 -0.050334	  0.000341	  0.079397	 -0.021900	 -0.021986	  0.026068	  0.061445	  0.032691	  0.081500	  0.170503	  0.117422	  0.011084	  0.081775	  0.123632
  0.016228	 -0.056160	 -0.017120	  0.061243	 -0.029510	  0.002629	  0.046021	  0.080494	 -0.010240	  0.055562	  0.175185	  0.130991	  0.043344	  0.122585	  0.195404
 -0.005060	 -0.044797	 -0.026552	  0.041210	 -0.024425	  0.024169	  0.042852	  0.054170	 -0.014259	  0.043633	  0.157638	  0.159495	  0.086193	  0.153401	  0.263791
 -0.027349	 -0.012178	 -0.023378	  0.032822	  0.002975	  0.045358	  0.011086	  0.045641	 -0.008509	  0.080156	  0.146354	  0.216147	  0.134033	  0.207984	  0.282964
 -0.020493	  0.000274	 -0.007220	  0.039217	 -0.001838	  0.064384	  0.003238	  0.041245	  0.002776	  0.107563	  0.160851	  0.243835	  0.169759	  0.256903	  0.313427
 -0.025358	  0.012623	 -0.019097	  0.050040	  0.002326	  0.062950	  0.005028	  0.035863	  0.027405	  0.127710	  0.212130	  0.253201	  0.189070	  0.283735	  0.338278
 -0.009327	  0.039197	 -0.012155	  0.094092	  0.017506	  0.036760	 -0.010672	  0.033163	  0.029532	  0.164726	  0.225804	  0.286421	  0.203043	  0.291691	  0.346975
  0.019879	  0.031178	 -0.007929	  0.090214	  0.038077	  0.043800	 -0.009261	  0.049357	  0.040440	  0.164264	  0.237509	  0.298449	  0.236389	  0.281842	  0.347872
  0.039192	  0.045753	 -0.038988	  0.072312	  0.065822	  0.053739	  0.021598	  0.055136	  0.060113	  0.186860	  0.244188	  0.302211	  0.249629	  0.281961	  0.336007
  0.037677	  0.070606	 -0.029081	  0.034458	  0.082244	  0.092742	  0.030103	  0.068596	  0.071910	  0.192941	  0.259090	  0.305196	  0.271589	  0.288982	  0.323178
  0.027030	  0.077210	 -0.004932	  0.002233	  0.118436	  0.107603	  0.045293	  0.076649	  0.111088	  0.188692	  0.268781	  0.319003	  0.267729	  0.272888	  0.292068
  0.006269	  0.095461	  0.014255	  0.001663	  0.162753	  0.103223	  0.038082	  0.059118	  0.128574	  0.205234	  0.253246	  0.328442	  0.238854	  0.241940	  0.218718
  0.004486	  0.077505	  0.018904	  0.003630	  0.213656	  0.105692	  0.031070	  0.052418	  0.108959	  0.217578	  0.234846	  0.325533	  0.189464	  0.161075	  0.177897
  0.028694	  0.046320	  0.013627	  0.037861	  0.226172	  0.049478	  0.032087	  0.054658	  0.096222	  0.227915	  0.212750	  0.293671	  0.150806	  0.122699	  0.131422
  0.080435	  0.034414	  0.004500	  0.021770	  0.223246	  0.031941	  0.048578	  0.072252	  0.104364	  0.247053	  0.172076	  0.240569	  0.140186	  0.114535	  0.097152
  0.090161	  0.033533	  0.029963	 -0.001694	  0.232634	  0.035047	  0.027543	  0.099753	  0.123705	  0.245024	  0.153710	  0.202419	  0.096953	  0.065327	  0.059157
  0.108932	  0.047503	  0.024542	 -0.003735	  0.228427	  0.052320	  0.030112	  0.105941	  0.105413	  0.213700	  0.142803	  0.191728	  0.050339	  0.039682	  0.050300
  0.111768	  0.079794	  0.002081	 -0.012154	  0.225283	  0.062640	  0.021659	  0.076333	  0.087538	  0.180363	  0.103131	  0.181925	  0.042967	  0.017832	  0.044943
  0.078650	  0.051781	 -0.024079	 -0.033291	  0.214531	  0.039110	  0.060096	  0.048358	  0.072245	  0.149859	  0.082995	  0.174307	  0.047426	 -0.011113	  0.007790
  0.059220	  0.025350	 -0.044827	 -0.018253	  0.183778	  0.037548	  0.066250	  0.042908	  0.058542	  0.129385	  0.065550	  0.154514	  0.036826	 -0.004957	 -0.006213
  0.039182	  0.017163	 -0.031382	 -0.017805	  0.143225	 -0.010881	  0.011499	  0.024148	  0.051203	  0.099757	  0.060352	  0.103968	  0.014969	 -0.004627	 -0.015328
  0.039732	  0.020251	 -0.009070	 -0.035005	  0.121843	 -0.007749	  0.024994	  0.005837	  0.013231	  0.104446	  0.073235	  0.102337	  0.004836	  0.006120	 -0.029863
  0.032351	  0.036507	 -0.004770	 -0.035542	  0.129554	  0.006365	  0.006682	 -0.010249	 -0.016662	  0.106777	  0.086738	  0.138031	  0.021296	  0.050682	  0.002451
  0.054790	  0.048631	  0.006545	 -0.016256	  0.108686	  0.014358	 -0.012257	 -0.033728	 -0.036088	  0.080305	  0.106681	  0.164162	  0.029019	  0.099645	  0.049437
  0.070126	  0.026478	  0.007281	  0.000241	  0.077227	 -0.007858	 -0.002185	 -0.009127	 -0.027829	  0.083150	  0.104674	  0.158570	  0.041375	  0.132510	  0.107888
  0.065049	  0.017805	 -0.028476	  0.004383	  0.047563	 -0.010273	  0.009575	  0.023893	  0.009234	  0.113371	  0.121701	  0.155316	  0.104728	  0.185497	  0.167913
  0.056530	  0.019275	 -0.029122	  0.004731	  0.020142	  0.001243	  0.023482	  0.014890	  0.036923	  0.112727	  0.150869	  0.168585	  0.135225	  0.226898	  0.204129
  0.085085	  0.002579	 -0.036217	  0.030032	  0.026161	  0.024861	  0.056978	  0.024479	  0.035796	  0.148395	  0.220330	  0.218660	  0.161271	  0.227956	  0.248877
  0.076113	  0.005918	 -0.040351	  0.043423	  0.053746	  0.035834	  0.072664	  0.031770	  0.088668	  0.176421	  0.218843	  0.244034	  0.170881	  0.246738	  0.282092
  0.053353	 -0.005095	 -0.034855	  0.045811	  0.049535	  0.056504	  0.099629	  0.040910	  0.102128	  0.207139	  0.214444	  0.248012	  0.181364	  0.248795	  0.298125
  0.018011	  0.000022	 -0.034367	  0.060547	  0.003829	  0.062223	  0.123355	  0.059680	  0.108659	  0.195664	  0.229040	  0.264873	  0.167523	  0.252373	  0.313597
  0.016704	  0.000770	 -0.021976	  0.054335	 -0.019036	  0.063427	  0.131950	  0.074390	  0.123024	  0.226757	  0.193975	  0.252169	  0.144601	  0.207684	  0.291244
  0.016461	 -0.002483	  0.022442	  0.041852	 -0.037074	  0.077539	  0.138753	  0.071167	  0.106726	  0.247410	  0.181745	  0.231459	  0.129494	  0.172468	  0.251202
 -0.000102	  0.014404	  0.031374	  0.045418	 -0.032968	  0.067606	  0.173877	  0.074894	  0.070044	  0.260293	  0.163569	  0.210678	  0.108875	  0.122668	  0.207388
 -0.005712	  0.001902	 -0.015773	  0.043346	  0.007669	  0.041899	  0.175685	  0.093967	  0.054109	  0.254746	  0.116078	  0.150323	  0.099954	  0.088900	  0.148772
  0.016562	 -0.017242	 -0.024490	  0.049558	  0.018124	  0.051743	  0.163164	  0.118351	  0.065360	  0.228566	  0.109541	  0.121390	  0.075457	  0.069217	  0.114927
  0.020475	 -0.018651	  0.025977	  0.070366	  0.032133	  0.079789	  0.155825	  0.109418	  0.080596	  0.212723	  0.057341	  0.085528	  0.049935	  0.053473	  0.056078
  0.024097	  0.002099	  0.062434	  0.085276	  0.050509	  0.099169	  0.159952	  0.116896	  0.071292	  0.174456	  0.016126	  0.054206	  0.046774	  0.025148	 -0.002646
  0.034990	  0.000840	  0.078100	  0.076959	  0.065468	  0.095387	  0.167771	  0.096824	  0.064144	  0.113799	 -0.008429	  0.027754	  0.020282	 -0.028896	 -0.025565
  0.021864	  0.013778	  0.064946	  0.089604	  0.084290	  0.104637	  0.139003	  0.086157	  0.042901	  0.129912	 -0.035846	 -0.031817	 -0.017828	 -0.063303	 -0.037994
  0.057483	  0.012161	  0.051915	  0.091247	  0.090317	  0.093529	  0.095480	  0.110636	  0.033099	  0.112219	 -0.013761	 -0.074048	 -0.029998	 -0.082545	 -0.076835
  0.083369	  0.041009	  0.068908	  0.079218	  0.078210	  0.075056	  0.049193	  0.102992	 -0.009329	  0.093312	 -0.017205	 -0.087314	 -0.029220	 -0.108315	 -0.123881
  0.057959	  0.030609	  0.084437	  0.088125	  0.107555	  0.049133	  0.013446	  0.097570	 -0.034872	  0.072583	 -0.012030	 -0.078880	 -0.031895	 -0.128775	 -0.177285
  0.078791	  0.011090	  0.092857	  0.089653	  0.129657	  0.046218	 -0.000957	  0.092163	 -0.049851	  0.039161	  0.003311	 -0.061680	 -0.029448	 -0.164877	 -0.210577
  0.089657	  0.006953	  0.109621	  0.069860	  0.123272	  0.041642	 -0.010584	  0.112206	 -0.063990	  0.039219	  0.007831	 -0.039316	 -0.033194	 -0.168878	 -0.240942
  0.075618	  0.014807	  0.110205	  0.048655	  0.126999	  0.051247	  0.003330	  0.112917	 -0.075448	  0.019012	  0.014518	 -0.047259	 -0.049522	 -0.170790	 -0.279484
  0.092414	  0.006443	  0.066027	  0.069428	  0.129981	  0.078690	 -0.003416	  0.086043	 -0.114568	  0.026115	 -0.001671	 -0.063134	 -0.059028	 -0.136652	 -0.290508
  0.085843	 -0.012462	  0.053486	  0.064281	  0.121619	  0.068230	 -0.024532	  0.082344	 -0.127737	  0.027441	 -0.015659	 -0.112642	 -0.065735	 -0.136249	 -0.291644
  0.100009	 -0.025841	  0.072222	  0.075073	  0.128492	  0.048770	 -0.040203	  0.094680	 -0.131051	  0.041470	 -0.002987	 -0.147852	 -0.080383	 -0.148487	 -0.271072
  0.105905	 -0.028138	  0.057597	  0.088188	  0.129577	  0.046793	 -0.018573	  0.062401	 -0.145705	  0.015558	  0.006418	 -0.158671	 -0.117575	 -0.139114	 -0.232833
  0.081829	 -0.036987	  0.066094	  0.086060	  0.096943	  0.030054	 -0.017517	  0.008771	 -0.164767	 -0.022828	 -0.014250	 -0.162294	 -0.105539	 -0.132686	 -0.193880
  0.060985	 -0.010937	  0.062171	  0.102376	  0.095072	  0.014074	 -0.017886	 -0.029661	 -0.187289	 -0.032214	 -0.021826	 -0.157637	 -0.083975	 -0.132082	 -0.140193
  0.040219	  0.007659	  0.068995	  0.115063	  0.061626	  0.023078	 -0.026570	 -0.060766	 -0.208334	 -0.062438	 -0.048937	 -0.156983	 -0.094896	 -0.119685	 -0.089900
  0.036799	 -0.010765	  0.065777	  0.149400	  0.052986	 -0.001755	 -0.030942	 -0.076882	 -0.160432	 -0.028071	 -0.060456	 -0.134770	 -0.118225	 -0.110680	 -0.043796
  0.034743	 -0.007043	  0.041463	  0.178317	  0.072221	 -0.037966	 -0.056570	 -0.056671	 -0.152497	 -0.009762	 -0.036309	 -0.107650	 -0.112426	 -0.108657	 -0.036837
  0.034205	 -0.007576	 -0.003367	  0.160492	  0.085127	 -0.022524	 -0.065984	 -0.060036	 -0.159517	 -0.036705	 -0.034858	 -0.079923	 -0.103271	 -0.089196	 -0.019802
  0.030034	 -0.012491	 -0.025974	  0.129441	  0.091265	 -0.016912	 -0.055217	 -0.095759	 -0.143127	 -0.065359	 -0.037758	 -0.045793	 -0.089352	 -0.103453	  0.006664
  0.052311	 -0.015906	 -0.035652	  0.121281	  0.088931	 -0.034659	 -0.021702	 -0.113036	 -0.123350	 -0.048775	 -0.044957	  0.008450	 -0.053443	 -0.118750	  0.018061
  0.039951	 -0.019116	 -0.028973	  0.132664	  0.040240	 -0.042757	 -0.001090	 -0.108590	 -0.099006	 -0.026371	 -0.017489	  0.017271	 -0.044413	 -0.076606	  0.022166
 -0.006832	  0.003748	 -0.040837	  0.132316	  0.046671	 -0.027289	 -0.002848	 -0.101869	 -0.063013	  0.022606	  0.004345	  0.040643	 -0.039270	 -0.023059	  0.044496
 -0.030200	  0.010450	 -0.049650	  0.118293	  0.051826	 -0.004083	 -0.008818	 -0.084118	 -0.034344	  0.052090	 -0.007910	  0.074366	 -0.033101	 -0.026049	  0.034454
 -0.041796	  0.028985	 -0.049251	  0.104026	  0.045494	 -0.008960	 -0.012296	 -0.061300	 -0.017865	  0.030340	 -0.003670	  0.072897	 -0.018048	 -0.015300	  0.050936
 -0.046945	  0.057147	 -0.050181	  0.127658	  0.052636	 -0.003128	 -0.006831	 -0.052079	  0.008913	  0.045231	  0.016420	  0.071768	  0.025371	 -0.008239	  0.093726
 -0.040816	  0.093075	 -0.033215	  0.150138	  0.075463	  0.022281	 -0.006107	 -0.022707	  0.035740	  0.087328	  0.047990	  0.098000	  0.057778	 -0.014773	  0.098892
 -0.037829	  0.121368	 -0.023431	  0.130264	  0.077253	  0.041612	 -0.009349	 -0.035584	  0.053100	  0.090861	  0.072609	  0.112819	  0.070854	  0.008592	  0.083385
 -0.053212	  0.128604	 -0.034431	  0.123258	  0.065131	  0.058585	  0.001411	 -0.028346	  0.083151	  0.104358	  0.076147	  0.111239	  0.075436	  0.014498	  0.049656
 -0.052482	  0.131133	 -0.038714	  0.089779	  0.068549	  0.052668	  0.027453	 -0.013350	  0.085149	  0.117438	  0.098217	  0.105800	  0.060523	  0.036119	  0.035413
 -0.059155	  0.143327	 -0.044720	  0.078454	  0.063073	  0.050531	  0.055939	  0.021436	  0.051816	  0.100566	  0.111416	  0.119469	  0.035489	  0.049922	  0.009613
 -0.033674	  0.134307	 -0.055705	  0.066697	  0.056499	  0.048870	  0.039795	  0.010470	  0.061263	  0.095822	  0.113472	  0.112946	  0.006530	  0.048464	 -0.007235
  0.008605	  0.136039	 -0.054551	  0.061608	  0.057309	  0.064472	  0.046704	 -0.018414	  0.073109	  0.093759	  0.072560	  0.109210	 -0.009448	  0.055565	  0.029569
 -0.004042	  0.118637	 -0.040142	  0.034884	  0.025667	  0.060730	  0.072865	 -0.026059	  0.067939	  0.088618	  0.038102	  0.080519	 -0.019632	  0.080627	  0.055021
 -0.007614	  0.098412	 -0.061970	  0.005241	  0.011975	  0.040915	  0.075033	 -0.005617	  0.073493	  0.096810	  0.031470	  0.066593	 -0.018739	  0.070148	  0.055783
  0.011622	  0.084714	 -0.033834	  0.018136	  0.012474	  0.008712	  0.085399	  0.020228	  0.053738	  0.077966	  0.034143	  0.096022	 -0.012758	  0.070563	  0.060858
  0.034013	  0.059249	 -0.043311	  0.007486	 -0.006440	  0.022048	  0.078976	  0.016862	  0.028998	  0.084206	  0.048049	  0.085099	 -0.015148	  0.090181	  0.043102
  0.059601	  0.067864	 -0.049013	  0.012110	 -0.013155	  0.008599	  0.086239	  0.022334	  0.037835	  0.098775	  0.050969	  0.075488	 -0.000122	  0.092573	  0.045852
  0.074138	  0.072424	 -0.028816	 -0.010339	 -0.003366	  0.028158	  0.101781	  0.032219	  0.045638	  0.091136	  0.032343	  0.083125	  0.001570	  0.067995	  0.046834
  0.086089	  0.026085	 -0.039122	  0.000491	  0.016821	  0.069910	  0.098861	  0.032666	  0.041803	  0.085817	  0.002067	  0.096075	  0.021925	  0.059340	  0.058991
  0.073158	  0.005355	 -0.043996	  0.009903	  0.043769	  0.079511	  0.087860	  0.022283	  0.062570	  0.065439	  0.013948	  0.107322	  0.061348	  0.040830	  0.098761
  0.060413	  0.001551	 -0.053308	 -0.001577	  0.040998	  0.117636	  0.066711	  0.024898	  0.074135	  0.055007	  0.017456	  0.098815	  0.074807	  0.060433	  0.113940
  0.056806	 -0.008259	 -0.033420	  0.029505	  0.026112	  0.105987	  0.023433	  0.018167	  0.084170	  0.054047	  0.020139	  0.085227	  0.078975	  0.042895	  0.143076
  0.076876	 -0.012393	 -0.041056	  0.042722	  0.031614	  0.068830	  0.031139	  0.027317	  0.087885	  0.028578	  0.033673	  0.076300	  0.109826	  0.036261	  0.174278
  0.086589	 -0.014119	 -0.042785	  0.053155	  0.042073	  0.047810	  0.059102	  0.054118	  0.082067	  0.017939	  0.067772	  0.044362	  0.130177	  0.024595	  0.174019
  0.096864	 -0.024435	 -0.046113	  0.045093	  0.043367	  0.031482	  0.063578	  0.074169	  0.088433	 -0.005254	  0.105662	  0.050843	  0.128629	 -0.012927	  0.165697
  0.100024	 -0.009271	 -0.009701	  0.060577	  0.041289	  0.017501	  0.041983	  0.073385	  0.088062	  0.000564	  0.127018	  0.066836	  0.108400	 -0.038777	  0.150555
  0.089417	 -0.021433	  0.020450	  0.093644	  0.068671	  0.023698	  0.020736	  0.091484	  0.059333	  0.013833	  0.144979	  0.059756	  0.124293	 -0.050414	  0.134286
  0.081179	 -0.011868	  0.039857	  0.114611	  0.079681	  0.016658	  0.042024	  0.109418	  0.033132	  0.035438	  0.154946	  0.071205	  0.131647	 -0.044515	  0.090261
  0.065457	 -0.000003	  0.014469	  0.103012	  0.086056	  0.002968	  0.030847	  0.129520	  0.030024	  0.078158	  0.135073	  0.042875	  0.132551	 -0.039081	  0.062951
  0.043091	  0.010346	  0.008034	  0.103693	  0.087339	  0.017935	  0.016093	  0.131288	  0.029050	  0.071471	  0.120789	  0.024406	  0.106965	 -0.060708	  0.057687
  0.027993	  0.045508	  0.046906	  0.096790	  0.077490	  0.035651	  0.020547	  0.127135	  0.058691	  0.075948	  0.127858	  0.029683	  0.062770	 -0.111374	  0.046210
  0.026629	  0.089006	  0.062905	  0.109051	  0.096906	  0.054124	  0.013086	  0.146312	  0.076411	  0.080025	  0.089550	  0.039082	  0.054338	 -0.127277	 -0.005799
  0.021206	  0.088075	  0.028403	  0.117682	  0.114144	  0.064407	  0.033381	  0.142189	  0.060297	  0.064446	  0.110929	  0.052334	  0.021396	 -0.116981	 -0.069473
  0.014773	  0.077129	  0.013209	  0.090749	  0.116325	  0.104264	  0.048301	  0.130334	  0.044630	  0.055619	  0.150955	  0.033168	  0.023538	 -0.099653	 -0.109274
 -0.004581	  0.091565	  0.001758	  0.092668	  0.125019	  0.130594	  0.021487	  0.135350	  0.052002	  0.041613	  0.141955	  0.053299	  0.049571	 -0.092436	 -0.112333
 -0.028109	  0.116591	  0.013680	  0.096626	  0.111112	  0.122024	  0.020455	  0.099938	  0.043355	  0.050620	  0.145810	  0.075504	  0.035913	 -0.059955	 -0.098988
 -0.034639	  0.125073	  0.020285	  0.073572	  0.096510	  0.120847	  0.032354	  0.074794	  0.038826	  0.062286	  0.138997	  0.106725	  0.032702	 -0.014140	 -0.088200
 -0.028083	  0.105303	  0.019423	  0.070047	  0.099623	  0.086466	  0.066164	  0.083642	  0.067945	  0.077936	  0.104410	  0.128488	  0.046436	  0.014356	 -0.057612
 -0.030328	  0.136979	  0.023389	  0.084999	  0.087117	  0.086804	  0.061892	  0.083885	  0.096050	  0.083151	  0.129478	  0.138880	  0.055273	  0.043888	 -0.034996
 -0.041640	  0.135118	  0.005341	  0.076744	  0.096796	  0.094951	  0.055197	  0.078379	  0.077155	  0.085667	  0.164066	  0.151294	  0.093725	  0.075235	 -0.011835
 -0.014405	  0.117864	 -0.004321	  0.086387	  0.119837	  0.090731	  0.081620	  0.116712	  0.081957	  0.078421	  0.152057	  0.128919	  0.135521	  0.110983	  0.006303
  0.021709	  0.113637	 -0.018884	  0.111661	  0.119292	  0.105021	  0.086561	  0.124904	  0.114972	  0.089092	  0.168751	  0.120835	  0.156379	  0.133872	  0.012041
  0.073340	  0.132255	 -0.016204	  0.113903	  0.104120	  0.125368	  0.069483	  0.144831	  0.140316	  0.130257	  0.173096	  0.139991	  0.158156	  0.171097	  0.045257
  0.087240	  0.148485	  0.000012	  0.117486	  0.126205	  0.144746	  0.075530	  0.180882	  0.125419	  0.156350	  0.147976	  0.168423	  0.164942	  0.222099	  0.059988
  0.091362	  0.164690	  0.008482	  0.139857	  0.137714	  0.143852	  0.096404	  0.189195	  0.114331	  0.138576	  0.134406	  0.197717	  0.196996	  0.246227	  0.079254
  0.086185	  0.158618	  0.001467	  0.143508	  0.132715	  0.131097	  0.102260	  0.188630	  0.115723	  0.148814	  0.134827	  0.199816	  0.194396	  0.243532	  0.083999
  0.077592	  0.133386	  0.009269	  0.149791	  0.157655	  0.119704	  0.126389	  0.173322	  0.137795	  0.161960	  0.142614	  0.216299	  0.202883	  0.249689	  0.101197
  0.087494	  0.131275	  0.025365	  0.158980	  0.181025	  0.120438	  0.135450	  0.146366	  0.138016	  0.169407	  0.148285	  0.205383	  0.207583	  0.225977	  0.120119
  0.114052	  0.164069	  0.008301	  0.147630	  0.161468	  0.098402	  0.142005	  0.129938	  0.153205	  0.180575	  0.165964	  0.166129	  0.207627	  0.206736	  0.145923
  0.128829	  0.156024	 -0.003632	  0.155255	  0.171983	  0.094682	  0.120803	  0.136323	  0.189766	  0.169246	  0.168244	  0.176122	  0.226278	  0.219757	  0.174941
  0.123523	  0.120506	  0.001726	  0.175472	  0.153201	  0.114699	  0.087327	  0.143803	  0.180441	  0.178154	  0.147566	  0.180437	  0.219455	  0.236686	  0.181994
  0.119337	  0.106929	 -0.009690	  0.187087	  0.156200	  0.126890	  0.068587	  0.125191	  0.163189	  0.212776	  0.133678	  0.174881	  0.239605	  0.236295	  0.176260
  0.112665	  0.105452	 -0.010380	  0.195738	  0.152762	  0.127017	  0.087175	  0.111771	  0.155607	  0.221856	  0.107018	  0.203067	  0.264273	  0.240659	  0.154096
  0.113425	  0.069350	  0.002351	  0.175243	  0.178369	  0.111116	  0.088358	  0.128096	  0.118330	  0.220478	  0.095553	  0.196125	  0.280957	  0.240644	  0.105532
  0.121610	  0.079418	  0.019302	  0.134349	  0.178294	  0.088173	  0.066497	  0.130058	  0.125086	  0.208366	  0.113299	  0.170115	  0.270047	  0.228419	  0.115392
  0.118537	  0.085679	  0.033623	  0.117302	  0.159389	  0.047867	  0.066552	  0.128432	  0.129505	  0.210777	  0.145027	  0.140001	  0.253698	  0.227463	  0.134508
  0.091880	  0.080077	  0.023994	  0.122017	  0.101063	  0.038433	  0.064894	  0.108082	  0.147784	  0.202482	  0.143329	  0.127785	  0.268427	  0.222329	  0.150732
  0.065972	  0.087513	  0.016856	  0.100071	  0.097964	  0.030872	  0.059188	  0.090664	  0.145338	  0.133877	  0.114767	  0.133377	  0.279508	  0.219495	  0.147288
  0.077531	  0.099626	  0.006663	  0.088168	  0.096251	  0.030729	  0.068632	  0.118003	  0.144623	  0.116976	  0.117156	  0.130428	  0.270456	  0.235057	  0.139421
  0.075736	  0.093859	 -0.005487	  0.066428	  0.074277	  0.030019	  0.055896	  0.131441	  0.142929	  0.116863	  0.144352	  0.153329	  0.284537	  0.251809	  0.141280
  0.063821	  0.076819	  0.002312	  0.072469	  0.067488	  0.055204	  0.056452	  0.119786	  0.136760	  0.118685	  0.157115	  0.153703	  0.273362	  0.263397	  0.182760
  0.061885	  0.095017	 -0.017072	  0.041773	  0.072723	  0.088503	  0.053814	  0.109174	  0.105423	  0.129356	  0.174326	  0.178189	  0.271349	  0.248857	  0.206002
  0.031678	  0.093638	 -0.005927	  0.035244	  0.060304	  0.104007	  0.057640	  0.118166	  0.077071	  0.149342	  0.168886	  0.195882	  0.255247	  0.247814	  0.207942
  0.019618	  0.102292	 -0.002018	  0.036161	  0.035728	  0.109230	  0.048320	  0.144369	  0.083606	  0.160092	  0.179411	  0.204531	  0.232805	  0.261974	  0.178366
  0.020843	  0.099071	  0.001945	  0.067110	  0.014858	  0.135444	  0.034731	  0.174245	  0.045070	  0.161615	  0.168189	  0.192930	  0.247915	  0.262800	  0.171046
  0.024089	  0.110920	  0.012668	  0.052115	  0.015757	  0.111438	  0.046894	  0.194978	  0.029600	  0.184449	  0.146065	  0.163107	  0.259105	  0.235702	  0.144819
  0.036379	  0.120517	  0.022188	  0.026716	  0.018126	  0.127354	  0.056623	  0.190723	  0.019031	  0.201483	  0.147410	  0.177473	  0.269566	  0.224981	  0.169232
  0.024811	  0.127573	  0.050336	  0.031777	  0.049940	  0.121532	  0.079105	  0.184945	  0.050791	  0.205862	  0.150306	  0.173920	  0.256269	  0.193059	  0.211747
 -0.013043	  0.145674	  0.055684	  0.018633	  0.088558	  0.123459	  0.077984	  0.204039	  0.054892	  0.210123	  0.139947	  0.160535	  0.242177	  0.172529	  0.232122
 -0.036583	  0.128460	  0.014654	  0.009915	  0.098558	  0.145114	  0.061977	  0.208363	  0.060982	  0.212032	  0.139187	  0.163490	  0.237101	  0.187982	  0.225630
 -0.025453	  0.113478	 -0.002144	 -0.005087	  0.113759	  0.123672	  0.065816	  0.229056	  0.072077	  0.228643	  0.142276	  0.164519	  0.267864	  0.177980	  0.248675
 -0.012473	  0.084677	  0.020136	  0.005010	  0.115750	  0.138689	  0.068974	  0.211431	  0.087036	  0.232823	  0.128430	  0.152856	  0.289079	  0.171093	  0.240787
  0.002347	  0.077806	  0.034760	 -0.003500	  0.152040	  0.137322	  0.073614	  0.244258	  0.116258	  0.247580	  0.125208	  0.145754	  0.286601	  0.198224	  0.212873
 -0.004477	  0.066181	  0.068275	  0.003789	  0.151204	  0.127511	  0.083630	  0.236203	  0.126348	  0.213578	  0.112933	  0.147836	  0.289836	  0.193469	  0.201010
  0.009463	  0.056038	  0.067845	  0.042404	  0.179944	  0.125387	  0.108033	  0.221235	  0.124161	  0.180208	  0.108514	  0.160130	  0.250238	  0.187030	  0.195813
  0.016168	  0.068148	  0.046883	  0.080157	  0.199093	  0.150531	  0.133472	  0.226680	  0.151122	  0.171762	  0.099709	  0.178012	  0.247552	  0.161885	  0.194118
  0.007441	  0.085823	  0.034836	  0.092321	  0.170835	  0.150605	  0.129775	  0.220654	  0.163713	  0.187085	  0.071444	  0.190539	  0.240843	  0.163832	  0.164542
 -0.008767	 -0.025344	 -0.015907	  0.051143	  0.034525	  0.019416	  0.085582	 -0.031484	 -0.100893	 -0.002766	  0.012563	  0.110773	 -0.042112	  0.053961	 -0.006212
  0.006862	 -0.017701	 -0.038505	  0.032988	  0.023265	  0.021431	  0.101567	 -0.060560	 -0.087438	  0.015403	 -0.006051	  0.116114	 -0.048137	  0.044647	  0.003625
  0.027650	 -0.018319	 -0.045255	 -0.002589	  0.016539	  0.014054	  0.093881	 -0.073036	 -0.057116	 -0.012301	  0.011111	  0.101588	 -0.054964	  0.049888	  0.007691
 -0.000717	 -0.004557	 -0.041257	 -0.015564	  0.011257	 -0.007918	  0.052727	 -0.071395	 -0.025329	 -0.033261	  0.024201	  0.073012	 -0.042532	  0.058467	  0.013373
 -0.026875	  0.006590	 -0.069473	 -0.025195	  0.022441	 -0.027469	  0.039347	 -0.055732	 -0.036516	 -0.029936	  0.048348	  0.060891	 -0.006734	  0.044638	 -0.001661
 -0.035311	  0.016865	 -0.049700	 -0.032594	  0.018607	 -0.019863	  0.057338	 -0.061733	 -0.048248	 -0.035048	  0.026225	  0.065937	 -0.000277	  0.037063	  0.006831
 -0.015774	  0.024441	 -0.024365	 -0.027360	  0.025886	  0.005273	  0.053031	 -0.045507	 -0.049056	 -0.028866	 -0.006399	  0.042032	  0.011918	  0.018036	  0.021401
 -0.025687	  0.029429	 -0.005213	 -0.044241	  0.005467	  0.038688	  0.044022	 -0.021637	 -0.021720	 -0.030144	 -0.045245	  0.033227	 -0.002905	  0.005434	 -0.004571
 -0.027690	  0.030236	 -0.000666	 -0.038642	 -0.030006	  0.024660	  0.021979	 -0.023521	  0.033627	 -0.015642	 -0.087831	  0.027788	  0.021993	  0.017590	 -0.009116
 -0.020427	  0.011812	  0.020570	 -0.040442	 -0.026381	  0.030806	  0.007258	 -0.018676	  0.051021	  0.017308	 -0.093525	  0.004236	  0.041201	  0.021571	 -0.017436
 -0.022097	  0.029615	  0.012662	 -0.039648	 -0.031312	  0.038740	 -0.009913	 -0.025879	  0.062481	  0.024374	 -0.085369	 -0.006037	  0.019071	 -0.000668	 -0.006939
 -0.020291	  0.028922	 -0.020192	 -0.004944	 -0.015602	  0.027939	 -0.012947	 -0.022592	  0.066909	  0.029412	 -0.046257	 -0.011953	  0.020122	 -0.026314	 -0.001597
 -0.013872	  0.016634	 -0.028309	 -0.007068	 -0.010081	  0.019037	 -0.015132	  0.021535	  0.053093	  0.000835	 -0.004561	 -0.038041	  0.023886	 -0.046754	 -0.016011
  0.002253	 -0.021887	  0.002552	 -0.007403	 -0.038807	  0.008881	 -0.045985	  0.045714	  0.080728	  0.005628	  0.013997	 -0.057300	  0.043577	 -0.037498	  0.013434
  0.006921	 -0.038382	  0.028709	 -0.002172	 -0.051945	 -0.013111	 -0.090503	  0.030812	  0.067911	  0.018107	  0.045183	 -0.074381	  0.046230	 -0.043721	  0.009113
  0.019481	 -0.015168	  0.019611	  0.009146	 -0.022736	 -0.013717	 -0.079601	  0.060326	  0.016412	  0.021100	  0.036002	 -0.072105	  0.019984	 -0.043454	 -0.002163
  0.011826	 -0.019259	  0.053328	  0.027666	 -0.009243	 -0.011562	 -0.060618	  0.100233	 -0.000673	  0.022181	  0.035944	 -0.061738	 -0.006402	 -0.038350	 -0.004599
  0.031953	 -0.037039	  0.063850	  0.047516	  0.015958	 -0.055259	 -0.064373	  0.092821	 -0.003398	  0.003799	  0.033963	 -0.077142	 -0.014455	 -0.041974	 -0.006251
  0.044707	 -0.004166	  0.062355	  0.060804	  0.023830	 -0.051827	 -0.088736	  0.085276	  0.001246	  0.010043	  0.047041	 -0.119729	 -0.021739	 -0.041420	 -0.007284
  0.065853	  0.007278	  0.075205	  0.058597	  0.038337	 -0.048198	 -0.088925	  0.075035	 -0.003040	  0.019774	  0.040660	 -0.117171	 -0.007726	 -0.031140	  0.008374
  0.047220	  0.021174	  0.099829	  0.026996	  0.060064	 -0.047888	 -0.075992	  0.071569	  0.043461	  0.035359	  0.034555	 -0.109981	  0.010024	 -0.053523	  0.028451
  0.028864	  0.011814	  0.128142	  0.016451	  0.047248	 -0.067595	 -0.080046	  0.079291	  0.059455	  0.017394	  0.018368	 -0.115683	 -0.005800	 -0.088410	  0.019338
  0.018454	 -0.028505	  0.098235	  0.004210	  0.049662	 -0.086580	 -0.096937	  0.057833	  0.081715	  0.007099	  0.019553	 -0.106512	 -0.029837	 -0.056426	  0.018194
  0.020742	 -0.009903	  0.089382	  0.015014	  0.035794	 -0.103751	 -0.063657	  0.041999	  0.067439	  0.018520	  0.019185	 -0.098742	 -0.025865	 -0.058165	  0.010836
  0.022552	 -0.015592	  0.097390	  0.024061	  0.040477	 -0.100025	 -0.024105	  0.029477	  0.079824	  0.010882	  0.005105	 -0.111822	 -0.041352	 -0.069350	  0.003281
  0.036898	 -0.029457	  0.090723	  0.008467	  0.053758	 -0.060054	 -0.037209	  0.038749	  0.092403	  0.024717	  0.028774	 -0.113151	 -0.054082	 -0.040583	  0.000142
  0.050323	 -0.050376	  0.076168	 -0.031488	  0.081575	 -0.074565	 -0.026334	  0.042359	  0.094229	  0.051063	  0.049373	 -0.086153	 -0.042696	  0.004561	  0.008070
  0.060884	 -0.057715	  0.078038	 -0.052224	  0.119737	 -0.078317	 -0.023216	  0.052250	  0.082576	  0.051004	  0.065651	 -0.059562	 -0.071182	  0.015431	 -0.024678
  0.052333	 -0.058648	  0.103206	 -0.051404	  0.144684	 -0.046347	 -0.028658	  0.054234	  0.083370	  0.017429	  0.080218	 -0.067643	 -0.070551	  0.032621	 -0.026157
  0.035542	 -0.057259	  0.130824	 -0.073876	  0.149177	 -0.022575	 -0.022050	  0.053924	  0.090756	 -0.037974	  0.047819	 -0.074874	 -0.067082	  0.043944	 -0.014470
  0.039397	 -0.016980	  0.121830	 -0.076796	  0.129619	 -0.019203	 -0.004818	  0.048213	  0.091645	 -0.040277	  0.056419	 -0.051120	 -0.099492	  0.059279	  0.006800
  0.034527	  0.019297	  0.122935	 -0.070438	  0.114130	 -0.023130	  0.000179	  0.006536	  0.073342	 -0.041828	  0.051994	 -0.027199	 -0.114811	  0.060507	  0.043372
  0.028645	  0.015684	  0.120539	 -0.090610	  0.101207	 -0.010232	 -0.010622	 -0.011978	  0.067603	 -0.048914	  0.036098	 -0.019776	 -0.113331	  0.041326	  0.033007
 -0.009728	 -0.000110	  0.110893	 -0.098230	  0.091893	  0.018627	 -0.008106	 -0.032366	  0.106762	 -0.037578	  0.004472	 -0.014721	 -0.088975	  0.048314	  0.016575
 -0.015711	 -0.023205	  0.119087	 -0.105269	  0.073153	  0.035283	 -0.025163	 -0.041498	  0.108104	 -0.030091	  0.000270	 -0.019470	 -0.081553	  0.039794	  0.026003
 -0.001500	 -0.017134	  0.113819	 -0.095384	  0.065427	  0.051785	 -0.054148	 -0.028832	  0.106601	 -0.018453	 -0.002037	 -0.007974	 -0.117636	  0.027742	  0.020788
 -0.019980	 -0.004991	  0.128638	 -0.110000	  0.082771	  0.062750	 -0.034908	 -0.042363	  0.110771	 -0.017378	 -0.003170	  0.005628	 -0.126104	  0.029191	  0.005237
 -0.046660	 -0.004409	  0.122491	 -0.094183	  0.091829	  0.054846	 -0.024739	 -0.006905	  0.094812	 -0.016472	 -0.007105	  0.028253	 -0.114438	  0.058300	 -0.003047
 -0.051347	  0.018431	  0.122788	 -0.074235	  0.078955	  0.053349	 -0.016381	 -0.008499	  0.095910	 -0.009711	 -0.003141	  0.023317	 -0.117251	  0.042320	 -0.005825
 -0.038915	  0.019679	  0.124003	 -0.057923	  0.068018	  0.035483	 -0.033682	 -0.029258	  0.066946	 -0.016275	  0.006192	  0.030250	 -0.076016	  0.005890	  0.018753
  0.001628	  0.024345	  0.106593	 -0.033475	  0.038347	  0.000757	 -0.027933	 -0.022819	  0.065972	  0.008885	 -0.002990	  0.060950	 -0.065952	  0.001514	  0.049052
  0.007060	  0.026332	  0.078986	 -0.003352	  0.067903	 -0.032523	 -0.054188	  0.003448	  0.066335	 -0.008503	  0.009025	  0.061027	 -0.059656	  0.000477	  0.031405
  0.002849	  0.025621	  0.050912	 -0.002492	  0.089146	 -0.067656	 -0.095207	  0.008890	  0.053169	 -0.028175	  0.026054	  0.054212	 -0.049796	  0.007496	  0.017872
 -0.013175	  0.042201	  0.025821	  0.005994	  0.069813	 -0.076856	 -0.075283	  0.012135	  0.049575	 -0.013357	  0.014993	  0.041555	 -0.034315	  0.006639	  0.039195
 -0.005637	  0.035847	  0.002994	  0.032679	  0.021273	 -0.083186	 -0.063109	  0.054878	  0.056744	  0.021615	  0.017695	  0.022244	 -0.033010	 -0.016484	  0.033632
  0.002612	  0.045249	 -0.008092	  0.036422	  0.001440	 -0.083238	 -0.081011	  0.030776	  0.090676	  0.039227	  0.006099	  0.033457	 -0.042475	 -0.035274	  0.000912
 -0.021711	  0.041070	 -0.022532	  0.028500	 -0.000723	 -0.051808	 -0.080513	  0.001999	  0.092922	  0.039884	  0.019951	  0.044948	 -0.043662	 -0.035446	  0.020251
 -0.033490	  0.046981	 -0.051766	  0.024269	 -0.002515	 -0.043584	 -0.064674	  0.016046	  0.079347	  0.012821	  0.043160	  0.047547	 -0.020729	 -0.050289	  0.033967
 -0.000031	  0.031825	 -0.053039	  0.035347	 -0.035687	 -0.059278	 -0.054690	  0.023158	  0.072076	 -0.016254	  0.046743	  0.052636	 -0.029311	 -0.059663	  0.007857
  0.036635	  0.010615	 -0.031395	  0.064985	 -0.048120	 -0.079647	 -0.039302	  0.006488	  0.057175	 -0.021150	  0.015542	  0.043339	 -0.041254	 -0.060334	 -0.012664
  0.020110	  0.006649	 -0.030219	  0.044444	 -0.018741	 -0.098718	 -0.027713	  0.036281	  0.043302	 -0.008012	 -0.021682	  0.036161	 -0.067561	 -0.075258	 -0.057524
  0.007931	  0.008747	 -0.040013	  0.028281	  0.004806	 -0.117429	 -0.035387	  0.027350	  0.046608	  0.015687	 -0.031521	  0.019785	 -0.072147	 -0.053797	 -0.057385
 -0.011289	  0.021478	 -0.020536	  0.027382	 -0.009681	 -0.085342	 -0.022299	  0.026908	  0.035136	  0.020739	 -0.007600	  0.025749	 -0.091570	 -0.048855	 -0.024978
 -0.001692	  0.012016	 -0.007189	  0.019404	  0.008269	 -0.080127	 -0.004799	  0.035828	  0.053888	  0.025051	 -0.008028	  0.031868	 -0.082839	 -0.062817	  0.013444
 -0.001876	  0.020051	 -0.006369	  0.008488	  0.017280	 -0.077517	 -0.018759	  0.030365	  0.054428	  0.006819	 -0.042134	  0.020228	 -0.035841	 -0.046657	  0.038694
  0.003883	  0.038751	  0.006260	 -0.022000	  0.012238	 -0.078038	 -0.007549	  0.023057	  0.059838	 -0.010387	 -0.061814	  0.010536	 -0.034158	 -0.025358	  0.016625
  0.006265	  0.005088	  0.014637	 -0.032028	  0.040889	 -0.079505	 -0.020281	  0.011540	  0.054983	 -0.013807	 -0.044265	  0.002567	 -0.054103	 -0.008249	 -0.001739
  0.023910	 -0.015421	  0.045339	 -0.010083	  0.060080	 -0.062081	  0.037717	  0.022653	  0.024201	 -0.000940	 -0.020443	  0.014108	 -0.047678	  0.002981	  0.000333
  0.042687	 -0.018852	  0.081026	 -0.033687	  0.036596	 -0.071234	  0.070833	  0.006562	 -0.015083	  0.018198	 -0.020444	  0.053127	 -0.022401	 -0.006951	 -0.001468
  0.018112	 -0.005995	  0.116849	 -0.057521	  0.024317	 -0.081503	  0.054405	 -0.022178	  0.005117	  0.035204	 -0.024760	  0.051237	 -0.010109	 -0.024332	 -0.004884
  0.042108	  0.011087	  0.130826	 -0.055393	  0.033425	 -0.094629	  0.058786	 -0.047308	  0.001995	 -0.000258	 -0.019571	  0.056138	  0.014314	 -0.019268	 -0.027880
  0.021800	  0.039017	  0.153693	 -0.049071	  0.044581	 -0.109670	  0.078096	 -0.057427	 -0.002221	 -0.028022	 -0.024836	  0.061706	  0.010907	  0.010636	 -0.054182
  0.013007	  0.071698	  0.176590	 -0.051287	  0.053650	 -0.087008	  0.042749	 -0.053336	 -0.015243	 -0.032361	 -0.048657	  0.060803	  0.015288	  0.001127	 -0.061068
  0.023691	  0.055183	  0.202638	 -0.071341	  0.055550	 -0.059915	  0.027076	 -0.066269	  0.001122	 -0.034032	 -0.068487	  0.009393	  0.013012	 -0.003248	 -0.051351
  0.058590	  0.023984	  0.199850	 -0.070847	  0.042868	 -0.033027	  0.049772	 -0.082149	 -0.003091	 -0.039445	 -0.048765	 -0.025980	  0.025183	  0.030011	 -0.037853
  0.064371	  0.012372	  0.180257	 -0.065051	  0.019479	 -0.023461	  0.065780	 -0.056578	 -0.006300	 -0.044078	 -0.011799	 -0.029881	  0.023619	  0.024054	 -0.023898
  0.045829	  0.007269	  0.186004	 -0.066898	  0.023581	 -0.021131	  0.077614	 -0.070624	 -0.018172	 -0.048023	 -0.025360	 -0.032361	 -0.015471	 -0.002836	 -0.059277
  0.041582	  0.008229	  0.173167	 -0.043838	  0.049617	 -0.036756	  0.088634	 -0.078754	 -0.021064	 -0.059917	 -0.013689	  0.008930	 -0.009342	  0.012755	 -0.086285
  0.034622	  0.036063	  0.171762	 -0.047321	  0.042876	 -0.038150	  0.052272	 -0.098810	 -0.020074	 -0.074098	  0.009562	  0.030122	 -0.005489	  0.016206	 -0.080777
  0.027466	  0.045410	  0.152040	 -0.035249	  0.030442	 -0.033457	  0.018133	 -0.117345	 -0.010157	 -0.067334	  0.032899	  0.038694	 -0.012819	  0.011844	 -0.068230
  0.020440	  0.036587	  0.158769	 -0.014702	  0.016863	 -0.048329	 -0.000226	 -0.123170	 -0.001696	 -0.064356	  0.028820	  0.035618	 -0.028075	  0.024929	 -0.037624
  0.021824	  0.012095	  0.200581	 -0.012368	  0.025203	 -0.066612	 -0.035488	 -0.150444	  0.020392	 -0.069856	  0.038978	  0.020953	 -0.004162	  0.010451	 -0.016147
  0.032626	 -0.011378	  0.176098	 -0.009500	  0.074444	 -0.090716	 -0.060566	 -0.131256	  0.029671	 -0.055241	  0.050893	 -0.017351	  0.007594	 -0.008025	 -0.004547
  0.066419	 -0.027799	  0.153697	 -0.030471	  0.087680	 -0.096827	 -0.076044	 -0.127094	  0.022027	 -0.038443	  0.061151	 -0.060198	  0.013253	 -0.004087	  0.006099
  0.084554	 -0.047358	  0.137093	 -0.031071	  0.072073	 -0.088297	 -0.079954	 -0.119288	  0.020270	 -0.021160	  0.089697	 -0.078135	  0.026448	 -0.005394	  0.021483
  0.069101	 -0.042302	  0.119501	  0.000486	  0.068297	 -0.057251	 -0.064372	 -0.104271	  0.029052	 -0.015198	  0.114606	 -0.055384	  0.032576	  0.003723	  0.029630
  0.047410	 -0.023358	  0.115780	  0.025882	  0.073067	 -0.012684	 -0.062973	 -0.079764	  0.028885	 -0.007557	  0.131123	 -0.018209	  0.022595	  0.017274	  0.030014
  0.023793	 -0.022197	  0.090046	  0.045885	  0.069581	 -0.015736	 -0.063947	 -0.042099	  0.069129	 -0.021186	  0.120723	 -0.002270	  0.021688	  0.039167	  0.064702
  0.037489	 -0.012517	  0.078429	  0.052488	  0.105095	 -0.040146	 -0.034011	 -0.019715	  0.062481	 -0.029049	  0.089157	 -0.040196	  0.030323	  0.041454	  0.083303
  0.070739	 -0.025241	  0.082936	  0.021359	  0.092630	 -0.053190	 -0.026438	 -0.001498	  0.049243	 -0.036645	  0.074613	 -0.048720	  0.012210	  0.019583	  0.090736
  0.070437	 -0.033755	  0.078126	  0.024689	  0.040629	 -0.061523	 -0.023429	  0.010151	  0.079509	 -0.022035	  0.039088	 -0.032171	 -0.006600	  0.024324	  0.095053
  0.059180	 -0.028272	  0.054384	  0.020322	  0.043371	 -0.082660	 -0.027770	 -0.002581	  0.090906	 -0.053252	  0.019539	 -0.026563	 -0.013718	  0.005601	  0.097657
  0.058503	 -0.001730	  0.072780	  0.014196	  0.056836	 -0.071709	 -0.024291	  0.028664	  0.085653	 -0.065437	  0.014347	 -0.028374	 -0.018005	  0.013259	  0.083222
  0.060429	  0.037132	  0.086757	  0.036497	  0.079418	 -0.033774	 -0.010491	  0.048253	  0.096044	 -0.073920	  0.003412	 -0.029088	 -0.033355	  0.022538	  0.070400
  0.055583	  0.022173	  0.101406	  0.024937	  0.094137	 -0.042463	  0.012447	  0.077151	  0.111200	 -0.069062	  0.002382	 -0.044965	 -0.058489	 -0.016329	  0.057817
  0.051525	  0.008043	  0.073885	  0.010727	  0.084405	 -0.031244	  0.012864	  0.090668	  0.110015	 -0.066553	  0.006669	 -0.005261	 -0.058356	 -0.061069	  0.054942
  0.050964	  0.022672	  0.029825	  0.002279	  0.066573	 -0.015930	 -0.022857	  0.090430	  0.145737	 -0.083514	  0.005665	 -0.006965	 -0.080105	 -0.086335	  0.064247
  0.049903	  0.029489	  0.034913	 -0.022602	  0.053090	 -0.016886	 -0.058038	  0.102470	  0.144763	 -0.079980	 -0.013452	 -0.033690	 -0.097150	 -0.060901	  0.053934
  0.041446	  0.037616	  0.044131	 -0.055414	  0.033573	 -0.015685	 -0.077745	  0.093514	  0.124979	 -0.083452	 -0.018736	 -0.018173	 -0.094178	 -0.026855	  0.046295
  0.042502	  0.039366	  0.045683	 -0.090353	  0.023454	 -0.020445	 -0.059503	  0.087366	  0.123067	 -0.045538	 -0.040730	  0.000620	 -0.094456	 -0.053981	  0.059814
  0.037077	  0.039885	  0.060070	 -0.089150	  0.013302	 -0.023559	 -0.054671	  0.111782	  0.120492	 -0.034889	 -0.072325	  0.001420	 -0.051854	 -0.022908	  0.066292
  0.045790	  0.066148	  0.074667	 -0.065263	  0.010913	 -0.009093	 -0.060586	  0.100605	  0.147314	 -0.030717	 -0.041429	  0.005851	 -0.042495	 -0.009495	  0.043183
  0.035733	  0.094370	  0.091425	 -0.062751	  0.051513	 -0.003052	 -0.051581	  0.068867	  0.174634	 -0.020836	 -0.040181	  0.007519	 -0.042510	 -0.026972	  0.032306
  0.046799	  0.101382	  0.106560	 -0.089740	  0.090571	 -0.041537	 -0.027820	  0.055738	  0.162711	 -0.027008	 -0.050849	 -0.008864	 -0.035234	 -0.022478	  0.039666
  0.052212	  0.098432	  0.086178	 -0.086833	  0.090143	 -0.041195	 -0.027857	  0.039181	  0.143486	 -0.024227	 -0.048675	 -0.000616	 -0.053414	 -0.023172	  0.051095
  0.030528	  0.087006	  0.109272	 -0.073257	  0.098545	 -0.041612	 -0.035021	  0.050504	  0.115625	  0.016640	 -0.042684	 -0.000295	 -0.048489	 -0.041336	  0.034691
  0.031150	  0.066202	  0.140121	 -0.082437	  0.081834	 -0.053798	 -0.015550	  0.031633	  0.107883	  0.000537	 -0.025805	 -0.009798	 -0.038117	 -0.039313	  0.020221
  0.032094	  0.058490	  0.150868	 -0.087007	  0.083820	 -0.072383	 -0.001777	  0.026221	  0.129616	 -0.024502	  0.002961	  0.019402	 -0.030045	 -0.044000	  0.005359
  0.030581	  0.037251	  0.145860	 -0.072447	  0.114054	 -0.065975	 -0.009300	  0.036777	  0.145293	 -0.005300	  0.036073	 -0.001820	 -0.027029	 -0.021786	 -0.010217
  0.004487	  0.009759	  0.138806	 -0.052167	  0.105541	 -0.078117	 -0.027693	  0.029386	  0.110584	 -0.003166	  0.022595	  0.030635	 -0.007389	 -0.005102	 -0.012014
  0.001696	  0.029391	  0.128200	 -0.037635	  0.083443	 -0.076367	  0.012765	  0.025483	  0.083851	  0.020463	 -0.002940	  0.067576	 -0.011441	  0.004051	 -0.017631
  0.022914	  0.019154	  0.119490	  0.005777	  0.095589	 -0.060911	  0.008182	 -0.028735	  0.103394	  0.012367	  0.002239	  0.055325	 -0.027198	  0.011725	 -0.019901
  0.009531	 -0.021263	  0.112431	  0.039203	  0.094128	 -0.017530	 -0.029016	 -0.032857	  0.101250	  0.004855	  0.006690	  0.032004	 -0.030724	  0.007827	 -0.024010
 -0.023918	 -0.023512	  0.133950	  0.036570	  0.105942	 -0.004668	 -0.045205	 -0.016726	  0.088511	  0.012181	 -0.005103	  0.024706	 -0.016897	  0.003099	 -0.048252
 -0.019677	 -0.042480	  0.130924	  0.017398	  0.092776	 -0.029987	 -0.030389	 -0.025753	  0.075657	  0.010441	  0.005779	  0.027563	  0.016958	  0.022421	 -0.047857
  0.030796	 -0.057323	  0.113338	 -0.016795	  0.105139	 -0.043053	 -0.006500	 -0.030771	  0.059337	  0.016323	  0.010141	  0.035724	  0.023122	  0.032727	 -0.033334
  0.043127	 -0.085648	  0.109219	  0.003864	  0.130110	 -0.024647	  0.015447	 -0.056751	  0.041475	  0.003910	  0.010630	  0.021001	  0.018237	  0.051116	 -0.021231
  0.023714	 -0.083366	  0.091762	  0.036562	  0.122271	 -0.027858	  0.011551	 -0.047410	  0.030798	  0.020441	  0.023236	 -0.014987	  0.026430	  0.033781	 -0.007641
  0.004872	 -0.059011	  0.063455	  0.017451	  0.108043	 -0.040923	  0.006234	 -0.057551	  0.026184	 -0.017640	  0.007261	 -0.027079	  0.049345	  0.023369	  0.008017
  0.014043	 -0.033521	  0.070732	  0.023388	  0.097359	 -0.030347	  0.017700	 -0.055199	  0.039028	 -0.039565	  0.016701	 -0.031753	  0.071197	  0.004817	  0.008591
  0.025705	 -0.024966	  0.087321	  0.007032	  0.120350	 -0.031427	  0.020285	 -0.032278	  0.040179	 -0.041407	  0.036440	 -0.032563	  0.070774	  0.000470	  0.013803
  0.062890	 -0.014510	  0.133991	 -0.017193	  0.118074	 -0.025803	  0.031437	 -0.035680	  0.025502	 -0.042403	  0.036572	 -0.024882	  0.033759	 -0.003057	  0.013786
  0.054747	 -0.018086	  0.161228	 -0.009824	  0.080561	 -0.026953	  0.038031	 -0.052005	  0.028605	 -0.052835	  0.035134	 -0.030780	  0.016149	  0.008136	  0.023745
  0.028145	 -0.050935	  0.161658	 -0.006387	  0.070262	 -0.032936	  0.022880	 -0.018766	  0.042569	 -0.085966	  0.039396	 -0.025011	  0.032061	  0.021541	  0.034322
  0.012905	 -0.056094	  0.152353	 -0.008509	  0.075069	 -0.043913	  0.034870	  0.011075	  0.024750	 -0.077192	  0.052295	 -0.000667	  0.073538	  0.014631	  0.039599
 -0.004650	 -0.049839	  0.139865	 -0.003356	  0.074192	 -0.029770	  0.052865	  0.008291	  0.019059	 -0.053856	  0.061993	  0.005796	  0.078802	  0.000200	  0.047105
  0.001256	 -0.044822	  0.133406	 -0.017286	  0.047066	 -0.017739	  0.076997	  0.011410	  0.037455	 -0.047389	  0.077386	  0.016644	  0.081255	 -0.029445	  0.042471
  0.003818	 -0.040715	  0.159104	 -0.029170	  0.064361	 -0.043287	  0.066507	  0.037209	  0.019646	 -0.040307	  0.077482	  0.029511	  0.072271	 -0.047564	  0.039052
  0.022735	 -0.024084	  0.178995	 -0.064867	  0.058043	 -0.085641	  0.087246	  0.064893	  0.029383	 -0.037203	  0.063897	  0.050765	  0.038256	 -0.038223	  0.042954
  0.051310	 -0.004738	  0.172754	 -0.096786	  0.072830	 -0.101114	  0.089395	  0.057377	  0.059624	 -0.048151	  0.057592	  0.012716	  0.033865	 -0.012293	  0.056054
  0.076184	  0.028895	  0.169066	 -0.094177	  0.063172	 -0.116654	  0.069836	  0.032667	  0.076477	 -0.027732	  0.084521	  0.003030	  0.037428	  0.000632	  0.089665
  0.078425	  0.021315	  0.162204	 -0.097145	  0.046174	 -0.090434	  0.058320	  0.018215	  0.070696	 -0.000469	  0.094312	  0.015872	  0.034319	  0.011358	  0.090233
  0.093998	  0.005498	  0.146144	 -0.108843	  0.039485	 -0.063835	  0.061510	  0.027695	  0.073837	  0.006044	  0.087526	  0.015747	  0.038989	  0.008553	  0.087269
  0.086427	  0.047482	  0.114035	 -0.084848	  0.035834	 -0.063376	  0.067632	  0.035405	  0.102626	  0.001155	  0.075783	  0.011235	  0.014851	  0.013978	  0.091275
  0.086771	  0.057267	  0.097656	 -0.080116	  0.049078	 -0.059640	  0.039756	  0.014404	  0.135542	  0.023930	  0.074942	  0.010948	 -0.005529	  0.013310	  0.095196
  0.080204	  0.074270	  0.099259	 -0.051973	  0.085976	 -0.044734	  0.041874	 -0.018760	  0.165039	  0.053171	  0.082851	  0.008145	  0.009827	 -0.031425	  0.089812
  0.079884	  0.064116	  0.109209	 -0.017001	  0.091664	 -0.028114	  0.019745	 -0.004182	  0.178751	  0.055303	  0.079333	  0.027418	  0.015559	 -0.029161	  0.067207
  0.088574	  0.036530	  0.100016	 -0.028800	  0.056458	 -0.023978	  0.032985	  0.018367	  0.183208	  0.014076	  0.067707	  0.010059	  0.039709	  0.002236	  0.049144
  0.041141	  0.007513	  0.087947	 -0.037121	  0.035159	 -0.037017	 -0.005059	  0.044427	  0.170444	  0.005243	  0.056473	  0.015755	  0.062784	  0.019863	  0.073655
  0.050409	 -0.008843	  0.099802	 -0.023992	  0.007494	 -0.040209	 -0.037408	  0.045734	  0.156932	  0.020312	  0.055834	  0.021316	  0.059889	  0.056888	  0.085484
  0.100995	 -0.011188	  0.104614	 -0.031940	  0.009348	 -0.031203	 -0.050456	  0.020539	  0.156939	  0.023715	  0.035506	 -0.004101	  0.024509	  0.077813	  0.070620
  0.113249	  0.017795	  0.086476	 -0.023190	  0.013965	 -0.030110	 -0.034765	  0.036857	  0.172674	  0.050922	 -0.003551	 -0.026937	  0.003212	  0.091923	  0.046800
  0.124348	  0.031871	  0.058386	 -0.028434	 -0.003491	 -0.042514	 -0.045302	  0.026895	  0.179046	  0.044420	 -0.016045	 -0.031261	 -0.005252	  0.074707	  0.019061
  0.124111	  0.027292	  0.049239	 -0.018545	 -0.006971	 -0.052368	 -0.043417	  0.008801	  0.166482	  0.027876	  0.002865	 -0.033046	 -0.023766	  0.067614	  0.036478
  0.115523	  0.033829	  0.042730	 -0.000599	  0.010623	 -0.074544	 -0.047999	  0.026070	  0.144517	  0.009501	  0.008399	 -0.021685	 -0.008410	  0.035597	  0.049370
  0.105959	  0.022421	  0.055423	  0.006436	  0.036196	 -0.094819	 -0.063915	  0.017524	  0.110743	 -0.007052	  0.003886	 -0.026594	 -0.019461	  0.024550	  0.038331
  0.106569	  0.018679	  0.057702	  0.027111	  0.038159	 -0.082106	 -0.069284	  0.017054	  0.123320	 -0.015772	 -0.013701	 -0.018890	 -0.035170	  0.020649	  0.022347
  0.088557	  0.035306	  0.056668	  0.031909	  0.010382	 -0.081126	 -0.071333	  0.004075	  0.120371	 -0.021486	 -0.002411	 -0.014253	 -0.033643	  0.027061	  0.028483
  0.091044	  0.013961	  0.048022	  0.060306	  0.017711	 -0.093832	 -0.083625	 -0.010500	  0.106669	 -0.030158	  0.006560	  0.001859	 -0.060169	  0.024326	  0.019565
  0.080814	 -0.014355	  0.076257	  0.072878	  0.017035	 -0.103443	 -0.093944	 -0.007126	  0.094612	 -0.041205	  0.009284	  0.027519	 -0.048436	  0.031970	  0.015036
  0.093467	 -0.007137	  0.082046	  0.077480	  0.045843	 -0.110348	 -0.061634	 -0.022461	  0.114364	 -0.054572	  0.000250	  0.048616	 -0.047889	  0.021638	  0.005210
  0.066114	  0.004850	  0.087629	  0.048577	  0.069916	 -0.107782	 -0.052134	 -0.027104	  0.082404	 -0.068138	 -0.010780	  0.070428	 -0.037962	 -0.001475	 -0.013894
  0.048316	  0.016141	  0.093553	  0.047954	  0.069315	 -0.057849	 -0.068493	 -0.024013	  0.061534	 -0.069172	 -0.010107	  0.035083	 -0.014957	  0.017902	 -0.022203
  0.053633	  0.030664	  0.098911	  0.049213	  0.050659	 -0.058776	 -0.078004	 -0.021400	  0.053784	 -0.071453	 -0.014909	  0.023479	 -0.014973	  0.025511	 -0.013321
  0.042099	  0.025666	  0.077854	  0.018692	  0.073834	 -0.082241	 -0.070004	 -0.004792	  0.067898	 -0.069469	 -0.008590	  0.009398	 -0.028965	  0.030544	 -0.004195
  0.071382	 -0.004865	  0.081178	 -0.010594	  0.078841	 -0.108650	 -0.059412	 -0.010037	  0.067526	 -0.052781	 -0.025981	  0.036130	 -0.049234	  0.032600	  0.010168
  0.078008	 -0.027591	  0.091322	  0.004438	  0.066399	 -0.111666	 -0.025833	  0.016723	  0.074318	 -0.037041	 -0.030761	  0.077546	 -0.058592	  0.039769	  0.017127
  0.046136	 -0.032215	  0.086291	  0.001330	  0.063193	 -0.123036	 -0.013248	 -0.002915	  0.082042	 -0.034535	 -0.012991	  0.105947	 -0.059860	  0.032419	  0.003353
  0.016574	 -0.027858	  0.095141	 -0.017440	  0.059234	 -0.109568	 -0.007171	 -0.026224	  0.069135	 -0.052674	 -0.022596	  0.135289	 -0.072910	  0.008801	  0.013685
  0.035144	  0.003502	  0.071501	 -0.018842	  0.075553	 -0.095685	 -0.013404	 -0.016560	  0.057423	 -0.052105	 -0.033177	  0.130495	 -0.082243	 -0.019956	  0.048557
  0.052915	 -0.014000	  0.070239	 -0.034119	  0.074942	 -0.089753	  0.008313	 -0.007138	  0.036506	 -0.056086	 -0.029091	  0.098241	 -0.068127	 -0.023834	  0.067965
  0.052357	  0.017674	  0.040863	 -0.028436	  0.082151	 -0.063917	  0.032157	 -0.001632	  0.040791	 -0.053243	 -0.028529	  0.078692	 -0.092015	 -0.004639	  0.047938
  0.063508	  0.003395	  0.074057	 -0.027915	  0.099811	 -0.084059	  0.043530	 -0.019913	  0.032968	 -0.049333	 -0.009378	  0.067563	 -0.097119	 -0.019330	  0.057929
  0.068040	 -0.020852	  0.048717	 -0.033776	  0.077949	 -0.098557	  0.053950	 -0.015922	  0.025561	 -0.069540	 -0.006671	  0.057867	 -0.081475	 -0.035629	  0.054402
  0.061162	 -0.003364	  0.056431	 -0.038776	  0.110434	 -0.123291	  0.089393	 -0.043132	  0.004170	 -0.065800	 -0.005240	  0.033061	 -0.050868	 -0.039739	  0.074535
  0.054735	  0.004812	  0.077463	 -0.034454	  0.145214	 -0.125993	  0.089157	 -0.068931	 -0.010226	 -0.080997	 -0.012090	  0.004712	 -0.052969	 -0.033924	  0.064369
  0.014719	  0.006370	  0.076730	 -0.045394	  0.135903	 -0.096505	  0.086820	 -0.048623	 -0.012869	 -0.060552	  0.012384	  0.009830	 -0.046007	 -0.000209	  0.075284
 -0.016528	  0.028844	  0.075390	 -0.043410	  0.125308	 -0.065030	  0.103958	 -0.045359	 -0.022030	 -0.025700	  0.016174	  0.036207	 -0.043813	  0.011753	  0.103072
 -0.042191	  0.050064	  0.084688	 -0.024861	  0.121201	 -0.062120	  0.116837	 -0.053657	  0.010733	 -0.017679	  0.013618	  0.019495	 -0.044456	 -0.007715	  0.095992
 -0.031747	  0.022557	  0.071022	 -0.035569	  0.117271	 -0.086927	  0.124541	 -0.053265	  0.001921	 -0.046513	  0.034135	  0.013521	 -0.039199	 -0.004133	  0.085185
 -0.027045	 -0.012003	  0.044313	 -0.054354	  0.110075	 -0.088301	  0.112892	 -0.010429	  0.006871	 -0.078138	  0.007728	  0.004833	 -0.045014	  0.000558	  0.082713
  0.005177	  0.004893	  0.064903	 -0.070255	  0.097576	 -0.090089	  0.099159	 -0.003616	  0.025110	 -0.043738	  0.018796	 -0.014847	 -0.038052	  0.008635	  0.090227
  0.022206	  0.048539	  0.105016	 -0.026346	  0.086082	 -0.078095	  0.070040	 -0.040328	  0.042055	 -0.031938	  0.006699	  0.012608	 -0.042072	  0.023548	  0.123314
  0.029701	  0.061368	  0.122296	 -0.020687	  0.090543	 -0.051036	  0.072291	 -0.025286	  0.024304	 -0.040336	  0.024818	 -0.000576	 -0.054732	  0.005363	  0.092784
  0.049801	  0.061729	  0.107285	  0.011236	  0.093313	 -0.059642	  0.070045	 -0.020708	  0.035773	 -0.027891	  0.044707	 -0.015025	 -0.077505	 -0.014712	  0.058266
  0.061365	  0.057258	  0.099168	  0.040108	  0.102959	 -0.087168	  0.050561	 -0.011862	  0.064907	 -0.036179	  0.055763	 -0.008903	 -0.057903	 -0.046866	  0.051365
  0.069619	  0.033383	  0.094096	  0.059617	  0.080228	 -0.088116	  0.031644	 -0.013229	  0.082952	 -0.019581	  0.036378	 -0.013647	 -0.050111	 -0.058673	  0.044510
  0.071750	  0.046639	  0.117376	  0.041982	  0.058273	 -0.072782	  0.032544	  0.000409	  0.119325	 -0.025637	 -0.004769	 -0.017186	 -0.046564	 -0.075690	  0.041402
  0.049552	  0.023389	  0.093444	  0.053492	  0.028948	 -0.055505	  0.008142	  0.019616	  0.119748	 -0.012497	 -0.011927	 -0.021739	 -0.043717	 -0.066165	  0.025341
  0.054507	  0.011395	  0.073321	  0.088472	  0.023460	 -0.014684	 -0.033768	  0.008639	  0.130756	 -0.016229	  0.018290	 -0.001274	 -0.048615	 -0.030094	  0.032538
  0.072421	  0.017962	  0.075462	  0.090504	  0.016260	 -0.008253	 -0.029992	 -0.002290	  0.123225	 -0.015047	  0.030001	 -0.004000	 -0.020781	 -0.020280	  0.052714
  0.089534	 -0.007914	  0.059298	  0.064677	  0.016783	  0.014006	 -0.013942	 -0.003864	  0.113907	 -0.018104	  0.028728	  0.021011	 -0.014596	 -0.027434	  0.062064
  0.082017	  0.012109	  0.073141	  0.045797	  0.024605	  0.007294	  0.006667	 -0.002524	  0.073917	 -0.033699	  0.044769	  0.029646	 -0.000679	 -0.012359	  0.041403
  0.074355	  0.007434	  0.073022	  0.060457	  0.023276	  0.026541	  0.032000	  0.017278	  0.044771	 -0.040768	  0.044063	  0.026302	  0.014316	 -0.003211	  0.047514
  0.086262	 -0.026605	  0.052577	  0.101118	  0.011915	  0.065860	  0.029969	  0.015809	  0.030014	 -0.032038	  0.028564	 -0.011503	 -0.001550	 -0.012445	  0.048613
  0.058806	 -0.036062	  0.021822	  0.088003	 -0.004806	  0.049112	 -0.001592	 -0.001729	  0.038414	 -0.021376	  0.011957	 -0.036538	 -0.003395	 -0.018292	  0.029791
  0.028439	 -0.042005	  0.037790	  0.055850	 -0.001044	  0.009019	 -0.016862	  0.001427	  0.040959	 -0.005105	  0.020077	 -0.054938	  0.020543	 -0.012960	  0.017381
  0.015989	 -0.050566	  0.067944	  0.069955	  0.008447	 -0.013274	 -0.017496	  0.000240	  0.058013	 -0.012416	 -0.001271	 -0.044939	  0.033706	  0.011488	  0.040780
  0.030540	 -0.034669	  0.070246	  0.084660	  0.011786	 -0.022040	 -0.003169	 -0.006223	  0.108351	 -0.020104	 -0.001124	 -0.025020	  0.041757	  0.022854	  0.042633
  0.047008	 -0.009770	  0.069797	  0.086471	  0.005677	 -0.038177	  0.024035	 -0.006580	  0.103297	  0.007086	 -0.001677	 -0.018838	  0.051100	  0.022458	  0.041001
  0.048184	 -0.017981	  0.066011	  0.098328	 -0.001559	 -0.054686	  0.009001	  0.010831	  0.064178	  0.023954	  0.016132	 -0.012455	  0.033845	  0.001242	  0.055159
  0.031622	 -0.040047	  0.073337	  0.103382	  0.017877	 -0.073606	  0.011198	  0.023659	  0.038010	  0.017494	  0.029773	  0.007945	  0.042131	 -0.008530	  0.040525
  0.016927	 -0.050929	  0.080495	  0.110989	  0.026756	 -0.048772	 -0.021920	  0.035794	  0.020241	  0.019758	  0.039736	  0.034130	  0.067424	 -0.019587	  0.034483
  0.020855	 -0.064147	  0.078769	  0.078129	  0.026949	 -0.044565	 -0.023127	  0.068717	  0.024784	  0.034837	  0.020995	  0.051956	  0.004608	  0.004514	  0.034090
  0.039431	 -0.053208	  0.056091	  0.055589	 -0.006737	 -0.059212	 -0.021951	  0.073792	  0.019184	  0.039519	  0.018942	  0.052723	 -0.016323	  0.003047	  0.040549
  0.046359	 -0.034074	  0.076506	  0.033334	 -0.001370	 -0.073837	  0.001978	  0.047072	  0.025791	  0.037177	  0.044401	  0.071213	 -0.016252	  0.001346	  0.068636
  0.065102	 -0.010888	  0.074700	  0.019321	  0.026040	 -0.105348	  0.021878	  0.044038	  0.035731	  0.013666	  0.027075	  0.052264	 -0.018571	  0.017737	  0.075632
  0.079360	  0.019182	  0.096017	  0.025544	  0.001232	 -0.103737	  0.009961	  0.068048	  0.041785	  0.027106	  0.028507	  0.057978	 -0.010759	  0.006956	  0.084379
  0.089354	  0.022220	  0.083890	  0.003269	 -0.007739	 -0.086516	  0.011364	  0.029801	  0.033149	  0.036129	  0.030447	  0.065803	 -0.056356	  0.010022	  0.072190
  0.078010	  0.051390	  0.097349	 -0.017567	 -0.002823	 -0.073094	  0.010827	 -0.002500	  0.033550	  0.007215	  0.030238	  0.074301	 -0.098659	 -0.002907	  0.081548
  0.077572	  0.056320	  0.124171	 -0.012735	  0.018139	 -0.091204	  0.008964	 -0.010150	  0.045843	  0.002571	  0.007446	  0.072633	 -0.092259	 -0.035485	  0.095676
  0.081613	  0.041287	  0.128559	 -0.027625	  0.035142	 -0.089886	 -0.006686	 -0.026005	  0.040448	  0.033244	  0.002110	  0.080846	 -0.071898	 -0.057340	  0.105423
  0.125630	  0.051417	  0.101888	 -0.049173	  0.074110	 -0.100738	  0.003500	 -0.041281	  0.070346	  0.017572	  0.009568	  0.069971	 -0.079879	 -0.054578	  0.099060
  0.097303	  0.039902	  0.081245	 -0.054905	  0.056627	 -0.102949	 -0.007167	 -0.069393	  0.066338	  0.017804	  0.000660	  0.038710	 -0.095610	 -0.046063	  0.065006
  0.042801	  0.044634	  0.092766	 -0.078242	  0.030218	 -0.094452	 -0.009641	 -0.078045	  0.052169	  0.030584	 -0.011323	  0.033573	 -0.095509	 -0.019174	  0.080345
  0.046562	  0.040589	  0.105779	 -0.073685	  0.046979	 -0.102275	 -0.009318	 -0.057254	  0.061134	  0.009989	  0.003263	  0.033146	 -0.087772	 -0.041640	  0.089497
  0.022755	  0.049259	  0.113726	 -0.066129	  0.069023	 -0.095052	  0.005817	 -0.068367	  0.045712	  0.012039	 -0.002011	  0.051389	 -0.053681	 -0.040624	  0.087232
 -0.001241	  0.047585	  0.108833	 -0.066265	  0.062820	 -0.063400	 -0.011063	 -0.095547	  0.079814	  0.063483	 -0.003327	  0.060824	 -0.068612	 -0.019385	  0.084586
  0.005554	  0.015879	  0.110163	 -0.099591	  0.073838	 -0.058486	 -0.029967	 -0.120986	  0.083682	  0.079594	  0.007104	  0.059365	 -0.089642	 -0.029185	  0.090539
 -0.001085	  0.004333	  0.113467	 -0.121604	  0.086051	 -0.080768	 -0.029025	 -0.073811	  0.046676	  0.063896	  0.001393	  0.052583	 -0.095871	 -0.024980	  0.075182
  0.000952	  0.006102	  0.125354	 -0.127582	  0.088333	 -0.070819	 -0.017612	 -0.069627	  0.037277	  0.051724	 -0.019915	  0.060341	 -0.102540	 -0.035063	  0.065237
  0.012155	  0.036703	  0.105384	 -0.133972	  0.071184	 -0.010582	 -0.020637	 -0.069126	  0.031867	  0.039480	 -0.057400	  0.043029	 -0.102539	 -0.029656	  0.044289
  0.000647	  0.028230	  0.082587	 -0.105038	  0.060556	  0.003148	 -0.024622	 -0.065009	  0.022102	  0.049667	 -0.050060	  0.021720	 -0.095350	 -0.018144	  0.029455
 -0.039122	 -0.007596	  0.072060	 -0.101934	  0.070656	 -0.002235	 -0.055862	 -0.047504	  0.040272	  0.054939	 -0.055709	  0.047373	 -0.093171	  0.017848	  0.022141
 -0.061188	 -0.013001	  0.046366	 -0.111640	  0.049705	  0.006820	 -0.075248	 -0.053208	  0.050769	  0.072676	 -0.059645	  0.063703	 -0.114382	  0.018460	 -0.001964
 -0.065963	  0.003505	  0.043598	 -0.120496	  0.052689	 -0.011401	 -0.063784	 -0.038978	  0.056175	  0.059458	 -0.064012	  0.051595	 -0.095419	 -0.002149	 -0.008370
 -0.044049	 -0.005491	  0.043309	 -0.103835	  0.060187	 -0.029593	 -0.048757	  0.012583	  0.067960	  0.053559	 -0.066527	  0.043778	 -0.069293	 -0.020329	  0.016690
 -0.064922	 -0.022642	  0.032057	 -0.070324	  0.069522	  0.002506	 -0.061016	  0.017728	  0.048785	  0.039436	 -0.073868	  0.076108	 -0.082269	 -0.025183	  0.009966
 -0.088595	 -0.016855	  0.021159	 -0.059198	  0.088599	  0.034123	 -0.079935	  0.007866	  0.038575	  0.010052	 -0.055866	  0.084176	 -0.092428	 -0.019364	  0.023567
 -0.082945	 -0.000091	  0.027711	 -0.042398	  0.086648	  0.017150	 -0.059256	  0.000981	  0.025625	 -0.008334	 -0.052783	  0.081728	 -0.086871	 -0.017244	  0.052448
 -0.070944	 -0.005474	 -0.000423	 -0.021908	  0.090229	 -0.014806	 -0.029371	 -0.003742	  0.030297	  0.006462	 -0.048084	  0.061086	 -0.059079	  0.012165	  0.050754
 -0.037386	 -0.016086	 -0.018745	 -0.003799	  0.130717	 -0.011798	 -0.011549	  0.000693	  0.054547	  0.003946	 -0.052139	  0.034583	 -0.025736	  0.008115	  0.054574
 -0.019600	  0.014634	 -0.005678	  0.021926	  0.131874	 -0.040590	 -0.009408	  0.030654	  0.074806	  0.015662	 -0.071873	  0.045927	 -0.018348	 -0.005740	  0.053288
