:RUN-3	LEVEL SWEEP	TEMP:NaN	2/13/2024	5:59 PM	HR:NaN:SW EAR: L	SW FREQ: 16.00	# AVERAGES: 512	REP RATE (/sec): 39	DRIVER: 	SAMPLE (µsec): 40	MASKER dB: 0:Threshold: 46.2:NOTES-:CHAMBER-Bach:Avgs: 512;512;512;512;512;512;512;512;512;512;512;512;512;512;512
:Tries: 614;604;591;588;584;588;594;596;606;584;587;592;590;592;595
:Log: :Vary signal level: TRUE :Control: NaN:CFTS Version: V2.37.2 (R3379):LEVELS:30;35;40;45;50;55;60;65;70;75;80;85;90;95;100;:DATA  0.078067	  0.043499	  0.078810	  0.036520	  0.010833	  0.105349	  0.015917	  0.015189	  0.111772	  0.036876	  0.073881	  0.036018	  0.024652	  0.014354	  0.128253
  0.075543	  0.036193	  0.108401	  0.007249	  0.021527	  0.091421	  0.020627	  0.006689	  0.054766	  0.036087	  0.081975	  0.028514	  0.039906	  0.037086	  0.109331
  0.041352	  0.051111	  0.090716	  0.000477	  0.020118	  0.043494	  0.022961	 -0.009232	  0.016973	  0.018353	  0.097354	  0.033557	  0.053702	  0.047938	  0.089702
  0.045874	  0.089892	  0.083642	 -0.002566	  0.039973	 -0.002385	  0.004095	 -0.025774	  0.016851	  0.015155	  0.077578	  0.036560	  0.055995	  0.062178	  0.083371
  0.034460	  0.059558	  0.108505	 -0.034456	  0.028456	 -0.022399	  0.004616	  0.014966	  0.019289	  0.016479	  0.085320	  0.057533	  0.025939	  0.086209	  0.096678
  0.014836	  0.033943	  0.082127	 -0.049312	  0.010068	 -0.034934	  0.012953	  0.028783	  0.015538	  0.040557	  0.087912	  0.042629	  0.024507	  0.106468	  0.112868
  0.017398	  0.016319	  0.044789	 -0.048844	 -0.005821	 -0.028626	  0.020597	  0.042462	 -0.021915	  0.041984	  0.071708	  0.036889	  0.029954	  0.101134	  0.111722
 -0.000943	  0.007160	  0.000744	 -0.048107	 -0.039581	 -0.019197	  0.024619	  0.034584	 -0.036420	  0.021824	  0.056382	  0.000660	  0.038801	  0.099008	  0.095774
 -0.002052	  0.007319	  0.005654	 -0.031381	 -0.045247	 -0.019999	  0.042128	  0.025396	 -0.025310	 -0.000369	  0.039765	 -0.007431	  0.040330	  0.095101	  0.103559
 -0.007576	  0.002595	  0.005928	 -0.012180	 -0.020043	 -0.025210	  0.049058	  0.007083	 -0.004360	 -0.007601	  0.010342	  0.001646	  0.007735	  0.101895	  0.098831
 -0.044069	 -0.035728	  0.006752	  0.000858	 -0.021406	 -0.031390	  0.037164	 -0.018592	  0.002984	  0.008881	 -0.003167	  0.011184	  0.000190	  0.069236	  0.087970
 -0.048060	 -0.036689	  0.000579	  0.016082	 -0.028325	 -0.037716	  0.016395	 -0.029428	 -0.009179	  0.007485	 -0.006513	  0.011010	  0.023273	  0.046730	  0.054833
 -0.031449	 -0.026723	 -0.017338	  0.009773	 -0.009578	 -0.038842	 -0.008186	 -0.023815	 -0.022953	 -0.028899	 -0.030226	  0.010178	  0.029468	  0.006849	 -0.007189
 -0.008715	 -0.023135	 -0.054734	  0.007084	 -0.014225	 -0.014405	 -0.016149	  0.016705	 -0.045306	 -0.059059	 -0.050907	 -0.014064	  0.016277	 -0.042321	 -0.054568
 -0.011776	 -0.036290	 -0.075634	 -0.003520	 -0.015632	 -0.012495	 -0.013312	  0.024058	 -0.025752	 -0.045789	 -0.053627	 -0.012247	 -0.025332	 -0.068813	 -0.089681
 -0.020273	 -0.042432	 -0.075633	 -0.008965	 -0.018303	  0.010638	 -0.015542	  0.003084	  0.005208	 -0.020546	 -0.051855	 -0.010023	 -0.048660	 -0.073684	 -0.124545
 -0.030425	 -0.051665	 -0.069541	  0.006852	  0.020127	  0.015732	 -0.001036	 -0.021297	 -0.011095	 -0.003451	 -0.072889	 -0.021100	 -0.063801	 -0.148633	 -0.165275
 -0.059262	 -0.029454	 -0.107008	  0.045756	  0.018231	  0.002872	 -0.025201	 -0.009369	 -0.017533	 -0.000239	 -0.118538	 -0.041775	 -0.086353	 -0.189241	 -0.231529
 -0.043335	 -0.028210	 -0.113996	  0.048955	  0.021319	  0.000580	 -0.084160	 -0.025194	 -0.006825	 -0.036465	 -0.140275	 -0.077273	 -0.090732	 -0.183317	 -0.257970
  0.000405	 -0.037260	 -0.102762	  0.059725	  0.027511	  0.017513	 -0.107546	 -0.056298	 -0.016735	 -0.041262	 -0.154219	 -0.122467	 -0.095849	 -0.168177	 -0.242135
 -0.020008	 -0.022749	 -0.117287	  0.063329	  0.010265	  0.032321	 -0.115497	 -0.083273	 -0.025676	 -0.070485	 -0.154351	 -0.125023	 -0.111781	 -0.161917	 -0.204077
 -0.059648	 -0.014801	 -0.127704	  0.046251	 -0.008221	  0.040346	 -0.092665	 -0.099554	 -0.034401	 -0.099344	 -0.163734	 -0.085189	 -0.121970	 -0.168295	 -0.183488
 -0.037345	 -0.048981	 -0.128419	  0.070813	 -0.022606	  0.055146	 -0.065235	 -0.085348	 -0.025794	 -0.100498	 -0.176654	 -0.079051	 -0.136026	 -0.141297	 -0.143945
  0.009059	 -0.073750	 -0.125924	  0.079306	 -0.056016	  0.028104	 -0.096858	 -0.090936	 -0.011512	 -0.092077	 -0.186329	 -0.071988	 -0.119644	 -0.149206	 -0.168153
  0.026550	 -0.071255	 -0.104165	  0.068571	 -0.069561	 -0.024874	 -0.105150	 -0.120112	 -0.001070	 -0.070426	 -0.180043	 -0.065241	 -0.093664	 -0.153569	 -0.214912
  0.039008	 -0.059304	 -0.090189	  0.051262	 -0.082850	  0.005302	 -0.143383	 -0.137810	  0.014393	 -0.049354	 -0.164143	 -0.032573	 -0.089019	 -0.173249	 -0.220821
  0.040070	 -0.036204	 -0.100642	  0.044624	 -0.068872	  0.018537	 -0.164201	 -0.158352	  0.026765	 -0.066192	 -0.146525	 -0.051842	 -0.149594	 -0.202212	 -0.243033
  0.045219	 -0.017159	 -0.123031	  0.045461	 -0.063842	  0.017556	 -0.150771	 -0.157368	  0.023575	 -0.082787	 -0.158779	 -0.094354	 -0.216962	 -0.236977	 -0.253261
  0.046147	 -0.003149	 -0.117426	  0.059404	 -0.052686	  0.054522	 -0.129090	 -0.149376	  0.032189	 -0.096618	 -0.167267	 -0.137182	 -0.254037	 -0.241776	 -0.238672
  0.047080	 -0.046595	 -0.091478	  0.044324	 -0.039867	  0.051962	 -0.121395	 -0.155225	  0.006788	 -0.114325	 -0.179372	 -0.172256	 -0.273440	 -0.245183	 -0.245987
  0.034574	 -0.079205	 -0.068625	  0.033096	 -0.044548	  0.018561	 -0.136096	 -0.176639	 -0.022066	 -0.094030	 -0.158398	 -0.163081	 -0.263806	 -0.260420	 -0.215189
  0.058553	 -0.107664	 -0.065289	  0.030487	 -0.028034	  0.007090	 -0.126699	 -0.186120	 -0.059218	 -0.086694	 -0.159435	 -0.155428	 -0.248040	 -0.269482	 -0.168553
  0.092872	 -0.105540	 -0.060672	  0.029067	 -0.031648	 -0.014703	 -0.119504	 -0.185558	 -0.068693	 -0.116756	 -0.157147	 -0.165809	 -0.184418	 -0.240718	 -0.149888
  0.105683	 -0.102848	 -0.054296	  0.020383	 -0.017874	 -0.029068	 -0.130736	 -0.164984	 -0.046523	 -0.125188	 -0.162737	 -0.176105	 -0.156741	 -0.180826	 -0.113221
  0.115551	 -0.092802	 -0.042876	  0.014499	 -0.033767	 -0.039918	 -0.144011	 -0.147333	 -0.067649	 -0.129325	 -0.145008	 -0.154625	 -0.101784	 -0.127383	 -0.041206
  0.104899	 -0.068294	 -0.014089	  0.011453	 -0.044152	 -0.044541	 -0.109571	 -0.152620	 -0.061745	 -0.108523	 -0.122748	 -0.110303	 -0.045705	 -0.056720	  0.045739
  0.086977	 -0.053064	 -0.001606	 -0.002281	 -0.084308	 -0.039522	 -0.113955	 -0.136449	 -0.052550	 -0.076497	 -0.108942	 -0.075060	  0.004150	  0.001283	  0.108924
  0.102617	 -0.037526	 -0.012963	 -0.025604	 -0.088109	 -0.017312	 -0.094512	 -0.098987	 -0.018996	 -0.067420	 -0.050776	 -0.024115	  0.088140	  0.068683	  0.162603
  0.118660	 -0.041558	 -0.015134	 -0.019313	 -0.108190	  0.005738	 -0.049464	 -0.069480	  0.021454	 -0.049455	 -0.006312	  0.012688	  0.176253	  0.175296	  0.195458
  0.096715	 -0.047609	 -0.028055	 -0.039575	 -0.132426	  0.030890	 -0.034190	 -0.065745	  0.042435	 -0.000718	  0.025595	  0.051337	  0.235715	  0.217751	  0.218007
  0.070350	 -0.027532	 -0.047817	 -0.088585	 -0.103258	  0.059672	 -0.005603	 -0.019848	  0.077459	  0.012771	  0.019537	  0.096733	  0.275805	  0.247195	  0.219738
  0.068328	 -0.019420	 -0.045965	 -0.090631	 -0.051704	  0.074410	  0.022045	  0.034694	  0.100539	  0.039160	  0.055727	  0.125474	  0.292001	  0.266453	  0.176769
  0.078446	 -0.027872	 -0.041327	 -0.066265	 -0.019404	  0.095080	  0.047556	  0.081495	  0.105124	  0.072061	  0.107523	  0.167179	  0.286981	  0.223310	  0.123170
  0.096441	 -0.015952	 -0.047689	 -0.048041	  0.012110	  0.100690	  0.048377	  0.107337	  0.127960	  0.116602	  0.128268	  0.207928	  0.222088	  0.201233	  0.015984
  0.084519	 -0.018094	 -0.047530	 -0.007519	  0.016685	  0.088159	  0.066200	  0.123605	  0.140265	  0.162725	  0.136874	  0.185227	  0.138480	  0.098858	 -0.121111
  0.065519	 -0.024107	 -0.051015	  0.022935	  0.023808	  0.092302	  0.080671	  0.089140	  0.131909	  0.144593	  0.126196	  0.130367	  0.060909	 -0.024096	 -0.216465
  0.042767	 -0.019716	 -0.055671	  0.015807	  0.048040	  0.108342	  0.117649	  0.076703	  0.107640	  0.097280	  0.117476	  0.054591	 -0.076657	 -0.106833	 -0.307514
  0.041005	 -0.003846	 -0.070229	  0.003943	  0.072599	  0.067176	  0.129206	  0.087770	  0.117367	  0.059896	  0.040535	 -0.041753	 -0.185335	 -0.227245	 -0.372696
  0.027527	 -0.001297	 -0.075066	  0.022411	  0.065608	  0.075515	  0.123164	  0.059723	  0.070297	  0.004143	 -0.032571	 -0.147128	 -0.296681	 -0.323497	 -0.383399
  0.018855	 -0.013714	 -0.067496	  0.050873	  0.070106	  0.099175	  0.093534	  0.030100	 -0.018763	 -0.079313	 -0.118115	 -0.302697	 -0.409992	 -0.355562	 -0.313443
  0.008619	 -0.026244	 -0.058940	  0.048143	  0.083629	  0.082764	  0.036150	  0.011010	 -0.077667	 -0.154824	 -0.253534	 -0.477948	 -0.499407	 -0.353654	 -0.222684
  0.004476	 -0.025550	 -0.057103	  0.021457	  0.074828	  0.070511	 -0.019857	 -0.036048	 -0.126394	 -0.257335	 -0.400065	 -0.587654	 -0.574333	 -0.339048	 -0.141667
 -0.008659	 -0.033076	 -0.054836	  0.019765	  0.059644	  0.034287	 -0.048520	 -0.113768	 -0.196665	 -0.325215	 -0.541283	 -0.640092	 -0.613632	 -0.319545	 -0.128622
 -0.005711	 -0.032512	 -0.058034	  0.025188	  0.054496	  0.008718	 -0.065050	 -0.190705	 -0.258248	 -0.395811	 -0.621095	 -0.662506	 -0.602486	 -0.287033	 -0.192911
 -0.021801	 -0.041342	 -0.042816	  0.015662	  0.031014	 -0.071142	 -0.119915	 -0.269147	 -0.315745	 -0.490851	 -0.668080	 -0.673408	 -0.534361	 -0.291070	 -0.239695
 -0.013702	 -0.032358	 -0.032356	  0.006988	 -0.039766	 -0.143963	 -0.170800	 -0.320476	 -0.391909	 -0.563464	 -0.679095	 -0.634639	 -0.448541	 -0.278866	 -0.301191
 -0.015783	 -0.025431	 -0.025487	 -0.012079	 -0.065058	 -0.181316	 -0.215396	 -0.353295	 -0.444353	 -0.570020	 -0.636360	 -0.497658	 -0.346882	 -0.250711	 -0.305570
 -0.023904	 -0.019959	 -0.002349	 -0.025249	 -0.101286	 -0.215594	 -0.236939	 -0.363433	 -0.442380	 -0.569245	 -0.537609	 -0.355424	 -0.227812	 -0.199927	 -0.254647
 -0.002717	 -0.034875	 -0.041942	 -0.045616	 -0.132168	 -0.268516	 -0.246090	 -0.366325	 -0.397369	 -0.510319	 -0.444522	 -0.222959	 -0.071471	 -0.066155	 -0.157070
  0.015669	 -0.035080	 -0.056252	 -0.094646	 -0.171820	 -0.290624	 -0.252826	 -0.308870	 -0.319297	 -0.418040	 -0.282550	 -0.071028	  0.112028	  0.092489	 -0.013625
  0.043723	 -0.046378	 -0.062957	 -0.119886	 -0.208180	 -0.292580	 -0.233472	 -0.258045	 -0.244371	 -0.268492	 -0.051673	  0.100724	  0.269094	  0.207745	  0.112624
  0.039968	 -0.045011	 -0.063401	 -0.121387	 -0.217030	 -0.278028	 -0.180580	 -0.208081	 -0.177028	 -0.113059	  0.165921	  0.270420	  0.401201	  0.310067	  0.249359
  0.016439	 -0.052383	 -0.065960	 -0.104336	 -0.193705	 -0.242921	 -0.128459	 -0.139113	 -0.061833	  0.045920	  0.322990	  0.368572	  0.533434	  0.409857	  0.340213
  0.016425	 -0.065549	 -0.104152	 -0.077991	 -0.164406	 -0.169040	 -0.076071	 -0.087316	  0.056296	  0.218533	  0.417226	  0.433627	  0.615226	  0.471863	  0.420462
  0.044942	 -0.046327	 -0.090280	 -0.039025	 -0.116924	 -0.098429	 -0.028691	 -0.012437	  0.184975	  0.349469	  0.496571	  0.466637	  0.634842	  0.476207	  0.464045
  0.056974	 -0.057431	 -0.085247	  0.001666	 -0.052175	 -0.032159	  0.020324	  0.051155	  0.284020	  0.436096	  0.578900	  0.474103	  0.601918	  0.438060	  0.450373
  0.040388	 -0.063119	 -0.102691	 -0.003100	 -0.018621	  0.038053	  0.078914	  0.112726	  0.334952	  0.463049	  0.538608	  0.425618	  0.523166	  0.382820	  0.390412
  0.043670	 -0.053013	 -0.113838	  0.014564	  0.014851	  0.097645	  0.120273	  0.174737	  0.379163	  0.447481	  0.468866	  0.331151	  0.432042	  0.268409	  0.298797
  0.060887	 -0.013072	 -0.127464	  0.034141	  0.062875	  0.137380	  0.132123	  0.175394	  0.384374	  0.393606	  0.373057	  0.200143	  0.336121	  0.186166	  0.212248
  0.067561	  0.013551	 -0.115415	  0.056262	  0.099938	  0.150311	  0.143427	  0.191257	  0.335921	  0.323241	  0.243451	  0.068840	  0.215732	  0.083602	  0.133060
  0.045434	  0.020102	 -0.099451	  0.043624	  0.105586	  0.162029	  0.140824	  0.186146	  0.295492	  0.264729	  0.121941	 -0.012489	  0.093005	 -0.022272	  0.091161
  0.060781	  0.039519	 -0.086796	  0.043983	  0.084252	  0.133943	  0.127671	  0.136248	  0.231806	  0.190157	  0.032134	 -0.106278	 -0.006147	 -0.090151	  0.040080
  0.083562	  0.053169	 -0.081869	  0.062742	  0.091821	  0.139313	  0.119015	  0.081352	  0.157477	  0.097783	 -0.060689	 -0.183381	 -0.061435	 -0.127955	  0.000708
  0.071626	  0.017039	 -0.072338	  0.072074	  0.088760	  0.153114	  0.101562	  0.032173	  0.085387	  0.045757	 -0.126591	 -0.207432	 -0.120852	 -0.160608	 -0.050001
  0.077677	  0.000439	 -0.074310	  0.095648	  0.069549	  0.134928	  0.047579	  0.007956	  0.051413	  0.021078	 -0.163936	 -0.233236	 -0.159973	 -0.158267	 -0.096157
  0.083887	  0.018258	 -0.045181	  0.077187	  0.050776	  0.139541	  0.007755	 -0.011120	  0.059482	 -0.008292	 -0.196299	 -0.230743	 -0.154945	 -0.126819	 -0.105226
  0.089797	  0.008641	 -0.033678	  0.075817	  0.042013	  0.125656	 -0.019810	 -0.036448	  0.040942	 -0.060803	 -0.193316	 -0.188525	 -0.149843	 -0.094397	 -0.050101
  0.100631	  0.026782	 -0.056836	  0.071923	  0.023185	  0.099675	 -0.028835	 -0.027775	  0.044943	 -0.087873	 -0.188374	 -0.137602	 -0.079070	 -0.027356	  0.023694
  0.116277	  0.026070	 -0.074608	  0.076540	  0.018447	  0.069927	 -0.022229	 -0.023874	  0.048428	 -0.084065	 -0.121761	 -0.066914	 -0.011694	  0.058216	  0.130683
  0.090575	  0.020299	 -0.127624	  0.081455	  0.010117	  0.055220	  0.015035	 -0.018071	  0.045474	 -0.051025	 -0.054453	  0.028527	  0.099835	  0.174178	  0.245053
  0.076174	 -0.005335	 -0.128072	  0.048236	 -0.019774	  0.053626	  0.039432	  0.020731	  0.080255	 -0.005725	 -0.003183	  0.121022	  0.188496	  0.292131	  0.337815
  0.084211	 -0.049067	 -0.114008	  0.053220	 -0.049599	  0.057403	  0.054939	  0.005785	  0.114477	  0.071056	  0.061119	  0.214787	  0.229431	  0.363886	  0.407203
  0.076494	 -0.055615	 -0.125551	  0.038621	 -0.071956	  0.091027	  0.075734	  0.028696	  0.109180	  0.121342	  0.142381	  0.273645	  0.304323	  0.437583	  0.466923
  0.045151	 -0.068700	 -0.124311	  0.007536	 -0.048587	  0.138780	  0.092337	  0.045377	  0.116906	  0.124771	  0.207047	  0.324914	  0.375310	  0.513318	  0.509189
 -0.001329	 -0.069028	 -0.098440	  0.005960	 -0.017854	  0.181734	  0.104603	  0.043470	  0.127673	  0.152700	  0.250456	  0.369789	  0.411276	  0.559738	  0.516882
 -0.004117	 -0.067406	 -0.086097	  0.019237	 -0.022240	  0.168403	  0.104383	  0.069431	  0.120969	  0.191916	  0.268252	  0.374939	  0.440244	  0.554355	  0.554539
  0.021483	 -0.060465	 -0.083676	  0.028657	 -0.033469	  0.151383	  0.121314	  0.087789	  0.110401	  0.209953	  0.268142	  0.377863	  0.415686	  0.512495	  0.568406
  0.007077	 -0.066899	 -0.071839	  0.030788	 -0.016600	  0.156350	  0.123275	  0.110498	  0.126778	  0.216620	  0.253169	  0.354284	  0.369022	  0.498192	  0.549971
 -0.002199	 -0.061430	 -0.049826	  0.017427	 -0.032578	  0.180806	  0.102383	  0.126265	  0.129482	  0.206804	  0.221434	  0.302100	  0.373358	  0.496951	  0.533427
  0.005408	 -0.080414	 -0.017770	  0.003565	 -0.043071	  0.182299	  0.125052	  0.079824	  0.119571	  0.192239	  0.175004	  0.257672	  0.385472	  0.465743	  0.512560
  0.015068	 -0.090876	 -0.014612	  0.043975	 -0.068157	  0.152050	  0.115740	  0.060225	  0.099487	  0.158094	  0.126847	  0.231728	  0.370292	  0.435280	  0.425737
  0.025009	 -0.096941	 -0.013125	  0.063972	 -0.097916	  0.137735	  0.078411	  0.068450	  0.048897	  0.112257	  0.104223	  0.218226	  0.324370	  0.406683	  0.314265
  0.037701	 -0.110131	 -0.015595	  0.068420	 -0.110693	  0.128373	  0.063841	  0.032423	 -0.002432	  0.086063	  0.071661	  0.185477	  0.264724	  0.336716	  0.237239
  0.019366	 -0.104930	 -0.036262	  0.048871	 -0.092228	  0.073109	  0.049456	  0.017346	 -0.029076	  0.047619	  0.061362	  0.123862	  0.218531	  0.285632	  0.183174
  0.029699	 -0.100099	 -0.026639	  0.026983	 -0.101591	  0.035520	  0.043696	  0.010971	 -0.027654	  0.040698	  0.031925	  0.072462	  0.173063	  0.240695	  0.151334
  0.015896	 -0.097291	  0.009003	  0.021295	 -0.070007	  0.024354	  0.050773	 -0.016519	 -0.011306	  0.022158	  0.005374	  0.054021	  0.131090	  0.193572	  0.112468
  0.047403	 -0.078045	  0.021185	  0.013449	 -0.083376	  0.041963	  0.034608	 -0.020628	 -0.002017	  0.003077	  0.007295	  0.042301	  0.110303	  0.151898	  0.073820
  0.054089	 -0.052628	 -0.003104	  0.012129	 -0.109589	  0.026650	 -0.003558	  0.007012	 -0.021263	 -0.001124	 -0.005790	  0.025320	  0.081634	  0.107240	  0.045000
  0.046045	 -0.029258	 -0.026506	  0.020645	 -0.076247	  0.006614	 -0.008767	  0.009129	 -0.068311	 -0.028995	 -0.021944	 -0.003281	  0.042501	  0.079903	  0.044628
  0.053681	 -0.036086	 -0.008584	  0.013404	 -0.043223	 -0.017856	 -0.006972	  0.017420	 -0.092468	 -0.034487	 -0.013856	 -0.032455	  0.046755	  0.063536	  0.077792
  0.077287	 -0.031281	  0.014762	  0.023026	 -0.048716	 -0.030710	  0.002992	  0.028135	 -0.085443	 -0.035736	 -0.031640	 -0.047489	  0.066303	  0.066809	  0.106233
  0.068886	 -0.019510	  0.013275	  0.013109	 -0.056072	 -0.006049	 -0.007503	  0.022724	 -0.087447	 -0.008805	 -0.036451	 -0.045425	  0.073977	  0.047343	  0.140834
  0.069728	 -0.025801	  0.012718	  0.004140	 -0.020148	 -0.008539	 -0.020460	  0.026183	 -0.070611	 -0.035042	 -0.014452	 -0.046241	  0.093466	  0.066281	  0.205702
  0.076191	 -0.034671	  0.027484	  0.015459	 -0.008039	 -0.006228	 -0.016438	  0.022953	 -0.043391	 -0.064901	  0.034085	 -0.055301	  0.086704	  0.128596	  0.238455
  0.086973	 -0.054272	  0.035040	  0.019622	 -0.005948	 -0.037756	 -0.014785	  0.036370	 -0.042294	 -0.049260	  0.044148	 -0.029076	  0.096215	  0.165723	  0.310665
  0.095489	 -0.062663	  0.040105	  0.023598	 -0.009059	 -0.041256	 -0.031574	  0.036574	 -0.039978	 -0.008524	  0.060692	  0.015800	  0.160525	  0.201941	  0.380094
  0.087811	 -0.059439	  0.034006	  0.006222	 -0.003321	 -0.041919	 -0.049439	  0.033838	 -0.011603	  0.018536	  0.085371	  0.050485	  0.205815	  0.259429	  0.422143
  0.103949	 -0.028169	  0.023151	  0.032619	  0.008794	 -0.029304	 -0.033213	  0.028960	  0.031656	  0.043517	  0.092353	  0.099759	  0.256251	  0.297255	  0.444886
  0.097930	 -0.018990	  0.024053	  0.033223	  0.035067	 -0.023005	 -0.013133	  0.056574	  0.070419	  0.093760	  0.101853	  0.185029	  0.297359	  0.321425	  0.473705
  0.107925	 -0.020017	  0.017901	  0.012860	  0.040633	  0.011437	  0.035492	  0.103232	  0.099624	  0.127509	  0.150082	  0.215036	  0.296367	  0.325927	  0.486746
  0.115280	 -0.011504	  0.036108	  0.007154	  0.061415	  0.033432	  0.087440	  0.115551	  0.113334	  0.154746	  0.199305	  0.241941	  0.309809	  0.326319	  0.463221
  0.126998	  0.013375	  0.032899	  0.005659	  0.091935	  0.045145	  0.107150	  0.129243	  0.150657	  0.180594	  0.241149	  0.250668	  0.306004	  0.338552	  0.444373
  0.117144	  0.034025	  0.022683	  0.022776	  0.121470	  0.067433	  0.141894	  0.140012	  0.190184	  0.190095	  0.254398	  0.247526	  0.285445	  0.334348	  0.398340
  0.103195	  0.045418	  0.033093	  0.026341	  0.127717	  0.092278	  0.183832	  0.154877	  0.213313	  0.168842	  0.267122	  0.246932	  0.264524	  0.299436	  0.318984
  0.077854	  0.040107	  0.062452	  0.049388	  0.151135	  0.135046	  0.173294	  0.138565	  0.252419	  0.163204	  0.278510	  0.210237	  0.244145	  0.277864	  0.247086
  0.065131	  0.041023	  0.033676	  0.041662	  0.195378	  0.147882	  0.179122	  0.139046	  0.261010	  0.165323	  0.266319	  0.201562	  0.190422	  0.266337	  0.191436
  0.082527	  0.032416	  0.014040	  0.049007	  0.215136	  0.150672	  0.200887	  0.131077	  0.239077	  0.168856	  0.244617	  0.192222	  0.129466	  0.227850	  0.090935
  0.058498	  0.071437	  0.033393	  0.101802	  0.209973	  0.171405	  0.199911	  0.127192	  0.248573	  0.143822	  0.242069	  0.162962	  0.090817	  0.180435	  0.012701
  0.046680	  0.092772	  0.036552	  0.092478	  0.196299	  0.183575	  0.213100	  0.134110	  0.226055	  0.112433	  0.219398	  0.092553	  0.034885	  0.117748	 -0.028620
  0.040386	  0.086184	  0.025420	  0.083853	  0.185144	  0.200692	  0.205561	  0.145671	  0.193875	  0.086410	  0.153564	  0.042608	 -0.024446	  0.087486	 -0.084800
  0.048709	  0.080913	  0.018160	  0.106877	  0.178074	  0.209308	  0.213818	  0.143878	  0.166146	  0.084852	  0.091083	  0.013328	 -0.062985	  0.066308	 -0.124128
  0.034279	  0.068331	  0.004382	  0.127296	  0.181545	  0.225571	  0.184448	  0.111956	  0.135421	  0.074477	  0.027197	 -0.023158	 -0.079617	  0.036999	 -0.153633
  0.041554	  0.072321	 -0.002574	  0.133288	  0.194000	  0.233920	  0.159181	  0.073471	  0.121748	  0.039968	 -0.044242	 -0.062817	 -0.113759	  0.002200	 -0.164677
  0.018750	  0.065821	 -0.000373	  0.123496	  0.187593	  0.213781	  0.134458	  0.025411	  0.108676	 -0.007234	 -0.088718	 -0.108608	 -0.139677	 -0.016170	 -0.168153
 -0.017647	  0.022468	 -0.013235	  0.110385	  0.164022	  0.196033	  0.120422	  0.005893	  0.095671	 -0.074081	 -0.133106	 -0.133611	 -0.144472	 -0.008584	 -0.175107
 -0.017590	  0.013657	 -0.011426	  0.112367	  0.136168	  0.158622	  0.081371	 -0.002168	  0.082202	 -0.123017	 -0.170995	 -0.163150	 -0.147789	 -0.009068	 -0.147962
 -0.028720	  0.019634	 -0.006651	  0.108877	  0.092692	  0.123448	  0.055474	  0.004197	  0.073692	 -0.125627	 -0.205806	 -0.188992	 -0.151236	 -0.015866	 -0.098804
 -0.025675	  0.004547	 -0.020986	  0.112152	  0.050922	  0.093720	  0.049584	 -0.008099	  0.075813	 -0.179849	 -0.236567	 -0.183205	 -0.164821	 -0.028606	 -0.057732
 -0.000447	  0.015417	 -0.004579	  0.123707	  0.023829	  0.054749	 -0.006602	 -0.024877	  0.021492	 -0.211807	 -0.206365	 -0.159447	 -0.160349	 -0.028050	 -0.006428
  0.010325	  0.019411	 -0.002765	  0.120734	 -0.027847	  0.025829	 -0.031053	 -0.074648	 -0.023339	 -0.216011	 -0.212394	 -0.157122	 -0.147011	 -0.037245	  0.049505
 -0.003415	 -0.000121	 -0.015840	  0.123757	 -0.066981	  0.022501	 -0.019472	 -0.123298	 -0.019815	 -0.242633	 -0.211088	 -0.142595	 -0.109002	 -0.052160	  0.037142
 -0.018579	 -0.024824	 -0.031804	  0.146541	 -0.104849	  0.017004	 -0.019870	 -0.110205	 -0.024309	 -0.234534	 -0.196644	 -0.129515	 -0.073241	 -0.036006	  0.046340
 -0.014044	 -0.008825	 -0.046868	  0.142787	 -0.105086	  0.007456	 -0.045554	 -0.126182	 -0.027515	 -0.206227	 -0.190015	 -0.095659	 -0.048309	 -0.016011	  0.099208
 -0.003660	 -0.009485	 -0.055867	  0.127861	 -0.092186	 -0.001462	 -0.077183	 -0.165690	 -0.062115	 -0.205570	 -0.150658	 -0.059731	 -0.033703	 -0.005787	  0.153157
  0.007980	 -0.019409	 -0.056977	  0.124185	 -0.108157	  0.015833	 -0.086046	 -0.187956	 -0.091599	 -0.187906	 -0.108063	 -0.004453	 -0.037774	 -0.006592	  0.155672
  0.029556	 -0.026173	 -0.042350	  0.110371	 -0.109965	  0.019649	 -0.073333	 -0.180231	 -0.101422	 -0.149823	 -0.061853	 -0.008353	 -0.023814	  0.010760	  0.169643
  0.030012	 -0.002875	 -0.036049	  0.091386	 -0.100153	  0.011999	 -0.061475	 -0.167097	 -0.086192	 -0.115663	 -0.019522	  0.008256	  0.010067	  0.073797	  0.192051
  0.022152	  0.005694	 -0.043035	  0.090461	 -0.076979	 -0.006197	 -0.064597	 -0.151852	 -0.101331	 -0.089529	  0.016994	  0.021310	  0.048521	  0.125152	  0.195278
  0.042504	  0.006278	 -0.053712	  0.100498	 -0.073279	 -0.026316	 -0.091165	 -0.147284	 -0.082271	 -0.048490	  0.028360	  0.034522	  0.064516	  0.137924	  0.192953
  0.056266	  0.033660	 -0.064818	  0.080148	 -0.091054	 -0.071365	 -0.130189	 -0.136318	 -0.047438	 -0.025034	  0.028108	  0.043819	  0.057330	  0.135568	  0.188921
  0.068474	  0.041788	 -0.079172	  0.071064	 -0.094647	 -0.077457	 -0.131016	 -0.088380	 -0.027717	 -0.021501	  0.043421	  0.040481	  0.058086	  0.105755	  0.166167
  0.092225	  0.040247	 -0.087588	  0.071944	 -0.097417	 -0.070965	 -0.100531	 -0.086410	 -0.001637	  0.005867	  0.030456	  0.039110	  0.062528	  0.078922	  0.146516
  0.109382	  0.067736	 -0.094406	  0.086779	 -0.073445	 -0.059310	 -0.066754	 -0.067215	  0.001420	  0.005701	  0.021156	  0.073579	  0.027936	  0.081853	  0.107184
  0.112107	  0.071317	 -0.078008	  0.080081	 -0.051995	 -0.049493	 -0.058683	 -0.030530	 -0.004699	  0.020855	  0.026844	  0.066438	  0.041585	  0.090960	  0.116064
  0.113526	  0.048073	 -0.055629	  0.082719	 -0.055229	 -0.043090	 -0.039195	 -0.012673	 -0.001283	  0.027361	  0.013018	  0.047212	  0.066536	  0.103071	  0.098983
  0.125284	  0.045436	 -0.018484	  0.088515	 -0.039471	 -0.024421	 -0.026322	 -0.036010	 -0.004961	  0.030615	  0.015089	  0.034105	  0.054387	  0.118268	  0.120308
  0.152894	  0.050602	  0.004107	  0.077592	 -0.041016	  0.015607	 -0.025688	 -0.065334	  0.013055	  0.029304	 -0.006814	  0.005944	  0.054893	  0.137835	  0.138892
  0.134900	  0.070663	  0.014525	  0.066886	 -0.026667	  0.033311	  0.003784	 -0.086581	  0.012923	  0.028144	  0.002453	 -0.004678	  0.047754	  0.114846	  0.087162
  0.148900	  0.106101	  0.044803	  0.067432	 -0.021298	  0.016457	  0.027576	 -0.090714	  0.024186	  0.042736	  0.029011	  0.010082	  0.029802	  0.113660	  0.049350
  0.150329	  0.120012	  0.055278	  0.057106	  0.002736	  0.015205	  0.050952	 -0.098569	 -0.000911	  0.047615	  0.037679	  0.014938	  0.007010	  0.083642	  0.022209
  0.139562	  0.143429	  0.056065	  0.048501	  0.038500	  0.046361	  0.060105	 -0.107437	  0.021880	  0.044426	  0.025737	  0.010639	 -0.008150	  0.098023	  0.004018
  0.154480	  0.137401	  0.072018	  0.032649	  0.082611	  0.062049	  0.062562	 -0.091696	  0.051737	  0.068432	 -0.002559	  0.011784	 -0.026476	  0.110208	 -0.045406
  0.136155	  0.101900	  0.105503	  0.029819	  0.090987	  0.041659	  0.065183	 -0.091888	  0.062418	  0.084830	 -0.003901	 -0.006775	 -0.053251	  0.110335	 -0.062915
  0.098601	  0.106290	  0.112414	  0.026394	  0.104917	  0.029714	  0.075243	 -0.087371	  0.073838	  0.079485	  0.011467	 -0.036031	 -0.023898	  0.050095	 -0.053118
  0.067995	  0.087483	  0.086976	  0.032520	  0.089800	  0.053347	  0.078959	 -0.069627	  0.085358	  0.076728	  0.019385	 -0.070372	  0.025732	 -0.000901	 -0.050944
  0.051017	  0.056975	  0.085690	  0.033371	  0.072189	  0.051537	  0.096650	 -0.054943	  0.100025	  0.074173	  0.058541	 -0.076487	  0.020743	 -0.018772	 -0.078467
  0.052830	  0.035435	  0.106708	  0.034985	  0.054634	  0.078021	  0.110912	 -0.062441	  0.064968	  0.082012	  0.083783	 -0.073778	  0.011075	 -0.039276	 -0.079514
  0.073879	  0.052135	  0.093259	  0.034696	  0.051689	  0.087832	  0.128063	 -0.043718	  0.032203	  0.065723	  0.070472	 -0.056383	  0.009885	 -0.040741	 -0.068891
  0.078934	  0.084566	  0.083875	  0.029986	  0.099011	  0.097003	  0.135827	 -0.041731	  0.029318	  0.022904	  0.064341	 -0.044607	  0.035646	 -0.039703	 -0.013562
  0.104684	  0.093599	  0.115273	  0.023251	  0.106449	  0.091501	  0.144767	 -0.042424	  0.056809	  0.034220	  0.081703	 -0.038197	  0.024117	 -0.023903	  0.006932
  0.129332	  0.075841	  0.136929	  0.016284	  0.114682	  0.076876	  0.135057	 -0.032729	  0.092130	  0.033423	  0.087592	 -0.006094	  0.028757	 -0.026393	  0.025456
  0.152743	  0.064273	  0.153475	  0.040825	  0.105639	  0.120172	  0.139750	 -0.022134	  0.098613	  0.043562	  0.098263	  0.007951	  0.035263	 -0.040732	  0.046656
  0.158722	  0.076948	  0.175126	  0.045887	  0.102462	  0.127377	  0.145883	 -0.031626	  0.100023	  0.061467	  0.112224	  0.013308	  0.039128	 -0.054681	  0.018598
  0.164604	  0.052197	  0.187412	  0.053350	  0.127046	  0.096362	  0.168525	 -0.041951	  0.097642	  0.055445	  0.115999	 -0.014993	  0.044555	 -0.062783	 -0.004472
  0.151001	  0.021255	  0.186922	  0.040549	  0.101588	  0.092730	  0.154782	 -0.040495	  0.082391	  0.057384	  0.087491	 -0.028277	  0.028667	 -0.059680	 -0.027982
  0.176369	  0.023455	  0.156398	  0.039422	  0.117898	  0.100332	  0.138347	 -0.058359	  0.094819	  0.039434	  0.073811	 -0.014504	 -0.017332	 -0.059935	 -0.041421
  0.151855	  0.040752	  0.113287	  0.031931	  0.098016	  0.102029	  0.152563	 -0.050264	  0.125590	  0.055424	  0.057610	 -0.032514	 -0.033942	 -0.080433	 -0.061173
  0.123981	  0.072427	  0.073403	  0.068334	  0.105645	  0.105239	  0.163429	 -0.020153	  0.121148	  0.042747	  0.037941	 -0.063764	 -0.039159	 -0.087582	 -0.077856
  0.136914	  0.092002	  0.069146	  0.106581	  0.105540	  0.094347	  0.160375	 -0.028672	  0.114880	  0.023119	  0.040908	 -0.066199	 -0.055603	 -0.095119	 -0.106535
  0.135610	  0.091330	  0.054621	  0.151374	  0.096719	  0.096896	  0.170101	 -0.004551	  0.128252	  0.038459	  0.022427	 -0.028433	 -0.043129	 -0.087673	 -0.090041
  0.127258	  0.091240	  0.077998	  0.184468	  0.111625	  0.099515	  0.157496	  0.024296	  0.146990	  0.043469	  0.003672	 -0.000492	 -0.032473	 -0.057755	 -0.038219
  0.163533	  0.114611	  0.077425	  0.202294	  0.104527	  0.095919	  0.160431	  0.038176	  0.168647	  0.085611	  0.039280	  0.024987	  0.040354	  0.010971	  0.051358
  0.190840	  0.109228	  0.056534	  0.211571	  0.102916	  0.118053	  0.143408	  0.059124	  0.193951	  0.112593	  0.075588	  0.084560	  0.104925	  0.052403	  0.116254
  0.176503	  0.109788	  0.053571	  0.221883	  0.091417	  0.144998	  0.155744	  0.064494	  0.209713	  0.152883	  0.103649	  0.127293	  0.172382	  0.108105	  0.164489
  0.179216	  0.120060	  0.046281	  0.220674	  0.083177	  0.141727	  0.176710	  0.074263	  0.195380	  0.184319	  0.121773	  0.160482	  0.234121	  0.201198	  0.245830
  0.170628	  0.131820	  0.048970	  0.221690	  0.083488	  0.165223	  0.151409	  0.089089	  0.191010	  0.173319	  0.119365	  0.200171	  0.288293	  0.278918	  0.314430
  0.152594	  0.155457	  0.063744	  0.255613	  0.100485	  0.188897	  0.142796	  0.111478	  0.192760	  0.195744	  0.132389	  0.232423	  0.368618	  0.339153	  0.354371
  0.153677	  0.173446	  0.078648	  0.261721	  0.099670	  0.222038	  0.167008	  0.123114	  0.201183	  0.233712	  0.164925	  0.247394	  0.366201	  0.357252	  0.347040
  0.152443	  0.170886	  0.096092	  0.256742	  0.123967	  0.235993	  0.185689	  0.121905	  0.232797	  0.246706	  0.183066	  0.293953	  0.362291	  0.396386	  0.357689
  0.113857	  0.185983	  0.098855	  0.263460	  0.123963	  0.246972	  0.170981	  0.149445	  0.231844	  0.230364	  0.163379	  0.313972	  0.360495	  0.378816	  0.347361
  0.103163	  0.182952	  0.098484	  0.259050	  0.127050	  0.237051	  0.161580	  0.147613	  0.195654	  0.219865	  0.164975	  0.336908	  0.330035	  0.359942	  0.339347
  0.111632	  0.152875	  0.105604	  0.257831	  0.117492	  0.224762	  0.159059	  0.124112	  0.193310	  0.194977	  0.149448	  0.340752	  0.298166	  0.339267	  0.336533
  0.066966	  0.172452	  0.088402	  0.279537	  0.100698	  0.223406	  0.167297	  0.095291	  0.182173	  0.211558	  0.135440	  0.332002	  0.252993	  0.288164	  0.306024
  0.080522	  0.182218	  0.086134	  0.282270	  0.116171	  0.218418	  0.161243	  0.055633	  0.187348	  0.230717	  0.134347	  0.280507	  0.226103	  0.204840	  0.236365
  0.092509	  0.162052	  0.093572	  0.266724	  0.092395	  0.222619	  0.165747	  0.030779	  0.194558	  0.202110	  0.120913	  0.244084	  0.190907	  0.168729	  0.190587
  0.069556	  0.156524	  0.070223	  0.240496	  0.069753	  0.215441	  0.157399	  0.013088	  0.159399	  0.155640	  0.107736	  0.207737	  0.171040	  0.130960	  0.175829
  0.063436	  0.151489	  0.067776	  0.243603	  0.105692	  0.202253	  0.141226	  0.015386	  0.142559	  0.101594	  0.125944	  0.181896	  0.157283	  0.096241	  0.163062
  0.033992	  0.152679	  0.075435	  0.232121	  0.105188	  0.192077	  0.131987	  0.005611	  0.173337	  0.074223	  0.151902	  0.141689	  0.137800	  0.099539	  0.170296
  0.071996	  0.135867	  0.068732	  0.229861	  0.113102	  0.197630	  0.175302	  0.009658	  0.187084	  0.067886	  0.177171	  0.126018	  0.151228	  0.108378	  0.192842
  0.126238	  0.127441	  0.085133	  0.245497	  0.113078	  0.204546	  0.185760	  0.025863	  0.207718	  0.075844	  0.193542	  0.131969	  0.176131	  0.125292	  0.229220
  0.175348	  0.144783	  0.085853	  0.219189	  0.125661	  0.196086	  0.171055	  0.059816	  0.199944	  0.094709	  0.230339	  0.139951	  0.214049	  0.169084	  0.260963
  0.180842	  0.150463	  0.101037	  0.226519	  0.137740	  0.198522	  0.177555	  0.066655	  0.178017	  0.103710	  0.253973	  0.152948	  0.231801	  0.198054	  0.295112
  0.189805	  0.143566	  0.111769	  0.244209	  0.133980	  0.216900	  0.162354	  0.075988	  0.175241	  0.122732	  0.280984	  0.178465	  0.258547	  0.225783	  0.308489
  0.176160	  0.129012	  0.145461	  0.243345	  0.141090	  0.209609	  0.150485	  0.080326	  0.182468	  0.139723	  0.283449	  0.167261	  0.292501	  0.265761	  0.338494
  0.170696	  0.129877	  0.169988	  0.245831	  0.178826	  0.214171	  0.159722	  0.076600	  0.184367	  0.167255	  0.303757	  0.183423	  0.311748	  0.310061	  0.341244
  0.160535	  0.125175	  0.169892	  0.232870	  0.185404	  0.208312	  0.164349	  0.060440	  0.194116	  0.210487	  0.318006	  0.193663	  0.322742	  0.331398	  0.343719
  0.165539	  0.129007	  0.148329	  0.205262	  0.185967	  0.222881	  0.172860	  0.032507	  0.197254	  0.215511	  0.303381	  0.178185	  0.356836	  0.344719	  0.334670
  0.204308	  0.121993	  0.138105	  0.216847	  0.181254	  0.212894	  0.173109	  0.007992	  0.226351	  0.218187	  0.295743	  0.202554	  0.372205	  0.328828	  0.311325
  0.199437	  0.118130	  0.149637	  0.226541	  0.187594	  0.199851	  0.176107	  0.023893	  0.226160	  0.230535	  0.294135	  0.197541	  0.358640	  0.304350	  0.299391
  0.201824	  0.124264	  0.166452	  0.228785	  0.197563	  0.191862	  0.152024	 -0.007204	  0.196598	  0.228402	  0.308407	  0.207111	  0.347303	  0.288552	  0.299306
  0.181518	  0.104487	  0.181028	  0.235777	  0.186138	  0.198405	  0.147827	 -0.031530	  0.185763	  0.218643	  0.303005	  0.196166	  0.319346	  0.260314	  0.269349
  0.166788	  0.070532	  0.159141	  0.272074	  0.201763	  0.218357	  0.172532	 -0.011258	  0.154296	  0.204369	  0.299845	  0.189794	  0.308819	  0.237845	  0.256541
  0.171183	  0.086273	  0.160683	  0.291362	  0.202827	  0.200139	  0.204539	 -0.042297	  0.144181	  0.172977	  0.279559	  0.172927	  0.287712	  0.212959	  0.248539
  0.181060	  0.096969	  0.157994	  0.275483	  0.205957	  0.182777	  0.191936	 -0.078463	  0.151327	  0.159409	  0.231433	  0.144175	  0.238767	  0.220232	  0.221229
  0.190206	  0.094990	  0.186044	  0.279338	  0.201553	  0.182861	  0.173790	 -0.091162	  0.143424	  0.151284	  0.223280	  0.147486	  0.218507	  0.213678	  0.176586
  0.162913	  0.086919	  0.227296	  0.269113	  0.178333	  0.184651	  0.179395	 -0.087607	  0.141658	  0.146717	  0.224481	  0.105434	  0.206834	  0.189530	  0.136881
  0.143779	  0.066292	  0.227198	  0.274056	  0.184768	  0.201795	  0.168975	 -0.065814	  0.135068	  0.129814	  0.193100	  0.077564	  0.180347	  0.188729	  0.121343
  0.172089	  0.064632	  0.225975	  0.261214	  0.187965	  0.222595	  0.143671	 -0.051489	  0.088137	  0.119958	  0.188801	  0.103696	  0.154320	  0.193345	  0.087239
  0.203457	  0.052938	  0.205946	  0.264393	  0.186554	  0.235124	  0.118693	 -0.048638	  0.093785	  0.153662	  0.183270	  0.080052	  0.118140	  0.219821	  0.067508
  0.211210	  0.052683	  0.195650	  0.241794	  0.162601	  0.218972	  0.131352	 -0.022309	  0.116951	  0.133212	  0.162295	  0.084617	  0.133710	  0.184492	  0.071890
  0.195553	  0.075149	  0.172814	  0.224282	  0.154591	  0.212570	  0.144565	  0.009028	  0.121462	  0.114794	  0.105203	  0.098245	  0.146369	  0.201044	  0.095857
  0.199202	  0.101242	  0.180107	  0.206620	  0.154420	  0.190330	  0.160438	  0.038824	  0.120536	  0.117208	  0.065560	  0.115953	  0.164682	  0.224327	  0.095267
  0.202074	  0.101904	  0.189194	  0.205270	  0.161431	  0.167303	  0.194880	  0.040603	  0.124342	  0.099755	  0.089961	  0.146542	  0.181428	  0.236026	  0.084284
  0.006283	 -0.019293	  0.031797	  0.012674	 -0.051567	  0.085081	 -0.037939	 -0.028147	 -0.033132	 -0.018799	  0.004604	  0.047004	  0.027465	 -0.071937	 -0.013272
 -0.010512	 -0.014137	  0.031786	 -0.012006	 -0.032829	  0.072195	 -0.050103	 -0.014416	 -0.043425	 -0.009103	  0.004611	  0.024326	  0.015272	 -0.053857	 -0.000195
 -0.019514	 -0.023671	  0.018545	 -0.004881	 -0.036990	  0.054127	 -0.044338	  0.024356	 -0.044381	  0.000618	 -0.010012	  0.009614	  0.000485	 -0.053097	  0.004724
 -0.026406	 -0.050557	 -0.003593	 -0.001224	 -0.028202	  0.058734	 -0.062027	  0.049094	 -0.031887	  0.004794	 -0.017958	  0.002413	  0.005112	 -0.066391	  0.013142
 -0.013893	 -0.055039	 -0.028901	  0.014276	 -0.021677	  0.050860	 -0.049485	  0.022495	 -0.006858	  0.004313	 -0.011905	  0.005529	 -0.000624	 -0.037287	 -0.008472
 -0.012696	 -0.038505	 -0.031304	  0.060554	 -0.003417	  0.036248	 -0.034481	  0.019959	 -0.008832	 -0.015404	 -0.038378	  0.023503	 -0.004098	  0.003415	 -0.021457
 -0.019198	 -0.038152	 -0.028468	  0.062227	 -0.014974	 -0.002786	 -0.023447	  0.007023	  0.011548	 -0.001908	 -0.061322	  0.026066	 -0.018854	  0.032079	 -0.032107
  0.000636	 -0.053441	 -0.000865	  0.063181	 -0.012319	 -0.027349	 -0.025909	 -0.007534	  0.003604	  0.002988	 -0.077446	  0.011268	  0.015107	  0.011646	 -0.025895
  0.021293	 -0.073735	 -0.006465	  0.046828	 -0.024979	 -0.021651	  0.002791	 -0.004750	 -0.003337	 -0.011171	 -0.048908	  0.013147	  0.029829	  0.031592	 -0.021969
  0.006723	 -0.086496	 -0.026484	  0.016985	 -0.023962	 -0.025243	  0.005528	 -0.022888	 -0.008573	 -0.023503	  0.003982	  0.027527	  0.000182	  0.007854	 -0.021848
 -0.000632	 -0.078981	 -0.008391	 -0.011524	 -0.019930	 -0.024768	  0.008342	 -0.013058	 -0.014529	 -0.026220	  0.039907	  0.018377	 -0.035246	  0.012972	 -0.001656
 -0.001330	 -0.038935	  0.007027	 -0.012895	 -0.018261	 -0.016718	  0.031976	 -0.021623	 -0.001929	 -0.004265	  0.040186	  0.012356	 -0.049980	  0.012674	 -0.025227
 -0.014295	 -0.011994	  0.016317	 -0.025944	  0.010341	 -0.006080	  0.018748	  0.008322	 -0.004707	  0.024405	  0.017242	  0.017688	 -0.045873	  0.012344	 -0.016523
  0.017063	  0.017871	  0.036272	 -0.023405	  0.025796	 -0.002130	  0.021092	  0.025689	 -0.000228	  0.030969	  0.048584	  0.005835	 -0.037394	  0.012061	 -0.020808
  0.007585	  0.056605	  0.038924	 -0.014900	  0.052532	 -0.002297	  0.021630	  0.025481	  0.024046	  0.019126	  0.032960	 -0.036911	 -0.022880	  0.027934	  0.000782
 -0.005525	  0.084403	  0.044452	 -0.022677	  0.051191	 -0.018180	  0.040718	  0.006483	  0.014089	  0.006907	  0.002821	 -0.052740	  0.004584	  0.051555	  0.031345
  0.012202	  0.085788	  0.009612	 -0.025365	  0.021029	 -0.043044	  0.053370	 -0.009585	  0.009819	  0.039802	  0.015290	 -0.048754	  0.037977	  0.045445	  0.047906
  0.032854	  0.107744	 -0.015284	 -0.031078	  0.045075	 -0.061325	  0.046587	 -0.022935	  0.034794	  0.021195	  0.024971	 -0.021043	  0.041508	  0.024602	  0.049492
  0.016740	  0.117211	 -0.029786	 -0.044682	  0.042669	 -0.060187	  0.045065	 -0.033207	  0.046101	 -0.011482	  0.019053	 -0.023366	  0.022743	  0.006426	  0.039063
  0.002623	  0.113313	 -0.055190	 -0.046144	  0.040474	 -0.045487	  0.031883	 -0.010760	  0.057815	 -0.033263	  0.011719	 -0.061838	  0.014685	 -0.010029	  0.022974
 -0.003899	  0.138408	 -0.055182	 -0.056252	  0.052173	 -0.015252	  0.037227	 -0.011063	  0.046582	 -0.053943	  0.029924	 -0.055700	  0.041205	 -0.011699	  0.009400
  0.019600	  0.185088	 -0.054455	 -0.045624	  0.044923	  0.003513	  0.004150	 -0.023033	  0.018489	 -0.056987	  0.018070	 -0.057941	  0.037894	  0.003627	  0.006003
  0.036960	  0.157384	 -0.042396	 -0.035630	  0.035626	  0.027964	  0.009151	 -0.053018	  0.035161	 -0.044434	 -0.006516	 -0.095236	  0.008062	 -0.004667	 -0.008251
  0.045844	  0.143065	 -0.009455	 -0.049053	  0.063854	  0.050461	  0.032321	 -0.051759	  0.033744	 -0.041937	 -0.020879	 -0.104080	 -0.003375	 -0.007163	 -0.001004
  0.059763	  0.145492	 -0.018742	 -0.060474	  0.054021	  0.053906	  0.006120	 -0.024431	 -0.003917	 -0.025943	 -0.017742	 -0.123817	  0.025245	 -0.017836	  0.014361
  0.050863	  0.146162	 -0.012843	 -0.086433	  0.031380	  0.053234	  0.045564	 -0.010608	 -0.011990	  0.003403	  0.007980	 -0.118417	  0.014232	 -0.037218	 -0.020886
  0.037651	  0.145909	  0.014326	 -0.079007	  0.059093	  0.060661	  0.056259	 -0.027727	 -0.014896	 -0.001657	  0.000381	 -0.087443	 -0.012033	 -0.083121	 -0.050044
  0.023574	  0.097201	  0.015443	 -0.075892	  0.083125	  0.079553	  0.041129	 -0.043913	 -0.010373	 -0.000993	  0.009592	 -0.091139	  0.006863	 -0.084964	 -0.037330
  0.011243	  0.097147	  0.019769	 -0.096671	  0.076949	  0.075405	  0.027346	 -0.052374	 -0.010328	  0.019831	 -0.015384	 -0.072303	  0.018662	 -0.082739	 -0.006409
  0.003619	  0.123754	  0.012913	 -0.114329	  0.067339	  0.087489	  0.013016	 -0.057543	 -0.023324	  0.043420	 -0.010491	 -0.086247	  0.013610	 -0.084217	 -0.013523
 -0.015506	  0.166586	  0.010095	 -0.111399	  0.062802	  0.074504	 -0.004500	 -0.053754	 -0.021871	  0.050663	  0.010946	 -0.081939	  0.030863	 -0.087887	 -0.006646
 -0.011923	  0.177843	  0.007925	 -0.104052	  0.057343	  0.075301	 -0.022442	 -0.077069	 -0.026714	  0.036301	  0.029505	 -0.085143	  0.047667	 -0.078014	 -0.003241
 -0.017609	  0.167935	 -0.005725	 -0.118853	  0.028086	  0.057532	 -0.017885	 -0.111088	 -0.036631	  0.038630	  0.015812	 -0.063000	  0.040272	 -0.067725	 -0.007436
 -0.013308	  0.187941	  0.020393	 -0.115619	 -0.005659	  0.034168	 -0.020349	 -0.129050	 -0.059846	  0.026170	 -0.000047	 -0.056094	  0.039286	 -0.053898	 -0.002600
  0.027313	  0.169326	  0.018191	 -0.102842	 -0.014718	  0.037815	  0.010071	 -0.113895	 -0.059776	  0.041636	 -0.008899	 -0.063909	  0.036821	 -0.048894	 -0.009077
  0.022246	  0.147079	  0.019086	 -0.087080	 -0.016476	  0.037159	 -0.000964	 -0.094711	 -0.028090	  0.035953	 -0.023419	 -0.059523	  0.031924	 -0.053717	 -0.028211
  0.003098	  0.101864	  0.020525	 -0.079245	 -0.010266	  0.061861	  0.004708	 -0.086772	 -0.050265	  0.048308	 -0.034811	 -0.063943	  0.029324	 -0.049064	 -0.010948
  0.000926	  0.081365	 -0.004846	 -0.068162	 -0.036518	  0.084423	 -0.020996	 -0.079664	 -0.051823	  0.035451	 -0.042870	 -0.037874	  0.025071	 -0.044296	 -0.002503
 -0.018204	  0.064572	 -0.027633	 -0.048952	 -0.003747	  0.083307	 -0.048638	 -0.110297	 -0.022128	  0.024404	 -0.040069	 -0.009129	  0.009833	 -0.016493	  0.005313
 -0.020577	  0.052349	 -0.040376	 -0.057405	  0.006926	  0.094844	 -0.036267	 -0.078826	  0.008319	  0.032369	 -0.025412	  0.002478	 -0.018036	  0.006083	  0.022580
 -0.004881	  0.010536	 -0.041213	 -0.036475	  0.001018	  0.080582	 -0.015298	 -0.069364	  0.028315	  0.024474	 -0.028558	 -0.025261	 -0.040736	  0.020114	  0.043883
  0.017657	 -0.026162	 -0.039747	  0.002945	 -0.009047	  0.063227	 -0.005416	 -0.088871	  0.028984	  0.019342	 -0.043875	 -0.037002	 -0.054450	  0.043908	  0.055063
  0.016615	 -0.034333	 -0.003998	  0.018710	 -0.020803	  0.065976	 -0.002520	 -0.076432	  0.004523	 -0.002841	 -0.032732	 -0.040718	 -0.061058	  0.024687	  0.062840
 -0.001946	 -0.041258	  0.002527	  0.011530	 -0.041510	  0.064809	 -0.006883	 -0.061725	 -0.009262	 -0.013527	 -0.032346	 -0.043767	 -0.088418	 -0.001439	  0.073486
 -0.011234	 -0.035946	  0.022620	  0.002772	 -0.065378	  0.050016	 -0.020977	 -0.065735	 -0.001709	 -0.029962	 -0.052134	 -0.045537	 -0.100174	 -0.002964	  0.049725
  0.013690	 -0.041475	  0.048655	  0.005627	 -0.054256	  0.020772	 -0.018931	 -0.087124	  0.014975	 -0.016471	 -0.055736	 -0.049855	 -0.093871	 -0.030426	  0.025068
  0.015438	 -0.018255	  0.071266	  0.019819	 -0.046911	  0.023360	 -0.018581	 -0.110324	  0.039133	 -0.024099	 -0.034230	 -0.022068	 -0.055468	 -0.075689	  0.033433
 -0.011634	 -0.033525	  0.065497	  0.019995	 -0.036999	 -0.000378	 -0.022025	 -0.078209	  0.021195	 -0.021640	 -0.034033	  0.007556	 -0.041521	 -0.116306	  0.006654
 -0.016456	 -0.033556	  0.050141	  0.039384	 -0.040307	  0.001510	 -0.048015	 -0.057130	  0.027881	 -0.013392	 -0.058757	 -0.001889	 -0.037311	 -0.108431	 -0.000581
 -0.022916	 -0.010304	  0.044787	  0.056413	 -0.047137	  0.024812	 -0.051815	 -0.041339	  0.059619	 -0.032451	 -0.061325	  0.000592	 -0.030459	 -0.077077	 -0.001168
 -0.037534	  0.000004	  0.023956	  0.050338	 -0.054205	  0.030659	 -0.071275	 -0.025478	  0.071715	 -0.009581	 -0.031200	 -0.012312	 -0.038759	 -0.086495	 -0.022301
 -0.017283	 -0.015572	  0.021503	  0.078204	 -0.063337	  0.015944	 -0.079359	  0.007149	  0.085846	  0.003157	 -0.004285	 -0.024100	 -0.061980	 -0.094197	 -0.010788
  0.033452	 -0.005943	  0.008885	  0.077149	 -0.068241	  0.012401	 -0.036430	  0.024424	  0.097610	 -0.043231	  0.005516	 -0.028699	 -0.052839	 -0.119447	  0.011625
  0.019376	  0.032395	 -0.003097	  0.060662	 -0.072636	  0.024055	 -0.048984	  0.032303	  0.078669	 -0.075733	  0.006791	 -0.031937	 -0.013570	 -0.115322	 -0.004907
  0.012158	  0.050489	  0.005451	  0.037846	 -0.082848	  0.034485	 -0.042950	  0.050941	  0.053431	 -0.075867	 -0.001802	 -0.035798	  0.020664	 -0.076096	 -0.022431
  0.026740	  0.041487	  0.015596	  0.039775	 -0.062364	  0.021289	 -0.007607	  0.056014	  0.034793	 -0.063194	 -0.011836	 -0.030374	  0.003946	 -0.063572	  0.014407
  0.039923	  0.049592	  0.035045	  0.056492	 -0.045987	  0.046465	 -0.026666	  0.053241	  0.031191	 -0.012270	 -0.000473	 -0.016781	 -0.000467	 -0.055766	  0.026351
  0.048961	  0.054574	  0.040500	  0.063119	 -0.025896	  0.061867	 -0.037918	  0.036458	  0.023131	  0.023919	  0.014982	 -0.032341	  0.024455	 -0.045965	  0.036847
  0.008980	  0.053542	  0.021489	  0.057825	 -0.004371	  0.041185	 -0.037283	  0.021508	  0.018242	  0.021633	  0.042042	 -0.055022	  0.010156	 -0.025563	  0.052222
 -0.004691	  0.086551	  0.004434	  0.030929	  0.007436	  0.050563	 -0.056890	  0.019760	  0.019786	  0.016810	  0.051476	 -0.058541	 -0.020498	 -0.018993	  0.061423
 -0.027797	  0.079433	  0.028238	 -0.003598	  0.004367	  0.053142	 -0.033333	  0.018644	  0.051994	  0.039102	  0.049226	 -0.045629	 -0.019355	 -0.003642	  0.047146
 -0.047787	  0.090246	  0.053552	 -0.009719	  0.004600	  0.071094	 -0.006172	  0.051909	  0.038135	  0.059500	  0.046306	 -0.079239	  0.002012	  0.015657	  0.068887
 -0.034679	  0.074968	  0.034360	 -0.014454	  0.031403	  0.097873	 -0.018591	  0.052931	  0.005955	  0.050273	  0.026433	 -0.108493	  0.025750	  0.076399	  0.097835
 -0.041067	  0.087072	  0.014199	 -0.014071	  0.042536	  0.099291	 -0.022387	  0.011960	 -0.000019	  0.082454	 -0.010239	 -0.106919	  0.069791	  0.080627	  0.134857
 -0.038588	  0.122161	  0.041515	 -0.022776	  0.039633	  0.061144	 -0.045862	  0.008778	 -0.022508	  0.093388	  0.015140	 -0.102108	  0.054956	  0.053736	  0.145725
 -0.028342	  0.151667	  0.032459	 -0.057695	  0.062189	  0.056455	 -0.054544	 -0.001241	 -0.044286	  0.074313	  0.020556	 -0.089551	  0.071673	  0.027392	  0.152893
 -0.000728	  0.125212	 -0.006486	 -0.071573	  0.061328	  0.085263	 -0.020711	  0.002937	 -0.040291	  0.063322	  0.035117	 -0.084394	  0.052103	  0.024364	  0.164609
  0.015450	  0.099362	 -0.015123	 -0.060300	  0.052590	  0.093396	 -0.013982	  0.002082	 -0.034418	  0.051868	  0.042436	 -0.057271	  0.029184	  0.002019	  0.150568
  0.008009	  0.105590	 -0.010269	 -0.045041	  0.022599	  0.117169	 -0.034339	 -0.009046	 -0.038256	  0.032352	  0.065797	 -0.044213	  0.068035	 -0.009327	  0.147800
 -0.022852	  0.126615	  0.003694	 -0.025826	  0.015820	  0.107376	 -0.010757	 -0.008410	 -0.028180	  0.019837	  0.078555	 -0.031147	  0.069519	 -0.016789	  0.113529
 -0.012401	  0.132041	  0.006916	 -0.047394	  0.032124	  0.099567	  0.004673	 -0.020094	 -0.037388	  0.005890	  0.089850	 -0.023133	  0.057080	 -0.029176	  0.095008
  0.005998	  0.142131	 -0.001461	 -0.084765	  0.030658	  0.092665	  0.007392	 -0.011626	 -0.040547	  0.003582	  0.070161	 -0.021356	  0.064005	 -0.053778	  0.098768
  0.027820	  0.117950	 -0.001112	 -0.092640	  0.036589	  0.069935	  0.031401	  0.015828	 -0.051863	  0.019406	  0.052932	 -0.005824	  0.071921	 -0.078123	  0.072925
  0.044404	  0.103113	  0.004403	 -0.105849	  0.048830	  0.053854	  0.053886	  0.032421	 -0.055688	  0.031299	  0.039517	  0.009714	  0.062548	 -0.069592	  0.050328
  0.005413	  0.100856	  0.016263	 -0.129143	  0.030078	  0.059419	  0.047109	  0.000216	 -0.052331	  0.017390	  0.048002	  0.031038	  0.062798	 -0.068817	  0.035832
 -0.018867	  0.103939	  0.007201	 -0.133355	  0.006009	  0.034534	  0.011918	 -0.010300	 -0.030233	 -0.006973	  0.044895	  0.035437	  0.056808	 -0.061559	  0.002880
 -0.025645	  0.131399	 -0.004121	 -0.116685	  0.000689	  0.015197	  0.009628	  0.026141	 -0.038333	 -0.007171	 -0.001977	  0.025633	  0.034798	 -0.030183	 -0.031030
 -0.012006	  0.123105	  0.008764	 -0.108159	 -0.012871	  0.027681	  0.024496	  0.032221	 -0.052815	 -0.006574	 -0.018450	  0.007974	  0.027264	  0.004706	 -0.036945
 -0.003032	  0.103687	  0.001594	 -0.088965	 -0.003316	  0.028229	  0.006479	  0.034653	 -0.049496	 -0.001638	 -0.004531	 -0.005383	  0.034366	  0.029441	 -0.028832
  0.011478	  0.120820	  0.007226	 -0.062980	 -0.015785	  0.033925	  0.027811	  0.056141	 -0.026461	 -0.041206	  0.004294	 -0.010622	  0.043864	  0.023744	 -0.025825
  0.015301	  0.108502	  0.006477	 -0.032718	 -0.001228	  0.054902	  0.073087	  0.034086	  0.001760	 -0.043710	 -0.002570	  0.006037	  0.046421	 -0.010447	 -0.007728
 -0.010195	  0.101745	  0.008050	 -0.043791	 -0.014641	  0.095999	  0.099618	  0.027322	 -0.004178	 -0.039498	  0.010404	  0.010595	  0.055428	 -0.048063	  0.017581
 -0.023187	  0.094943	  0.011843	 -0.058550	 -0.013453	  0.122197	  0.072076	  0.052106	 -0.010226	 -0.035358	  0.002066	  0.003385	  0.019776	 -0.034524	  0.037625
 -0.038545	  0.104514	  0.002971	 -0.032879	 -0.000863	  0.113916	  0.049173	  0.089104	 -0.000723	 -0.041143	 -0.000981	  0.000150	  0.006731	 -0.037101	  0.046934
 -0.046886	  0.111526	 -0.000174	 -0.018285	  0.015736	  0.073148	  0.043105	  0.101793	 -0.007077	 -0.050086	 -0.016084	  0.031782	 -0.001963	 -0.078058	  0.067964
 -0.029109	  0.089470	  0.003862	 -0.020832	  0.018367	  0.079322	  0.048592	  0.095829	  0.003427	 -0.046725	 -0.043048	  0.023851	 -0.008110	 -0.076004	  0.079911
 -0.019584	  0.055706	 -0.005353	 -0.023714	  0.001812	  0.095676	  0.070583	  0.095234	  0.011928	 -0.073356	 -0.057603	  0.011724	 -0.000937	 -0.091807	  0.077399
  0.004752	  0.057406	 -0.005802	 -0.002697	  0.009131	  0.090745	  0.038492	  0.085689	  0.019369	 -0.061386	 -0.036694	  0.008841	  0.030950	 -0.071552	  0.083132
  0.019448	  0.064340	  0.014255	  0.013531	  0.011815	  0.048370	  0.027147	  0.056227	  0.051796	 -0.044287	 -0.037744	  0.038452	  0.026426	 -0.073533	  0.058251
  0.005683	  0.094583	  0.034226	  0.044701	  0.043404	  0.045585	 -0.007230	  0.030699	  0.069210	 -0.021112	 -0.016183	  0.018129	 -0.010687	 -0.077542	  0.035618
  0.013983	  0.120939	  0.013513	  0.031757	  0.036940	  0.033250	  0.000742	  0.013154	  0.080347	 -0.038480	 -0.025919	  0.007504	 -0.050372	 -0.068292	  0.054007
  0.022586	  0.121718	  0.031662	  0.028784	  0.012247	  0.059318	 -0.031279	  0.019493	  0.075704	 -0.053852	 -0.042868	 -0.006998	 -0.048992	 -0.050450	  0.063711
  0.055580	  0.109216	  0.013905	  0.025900	  0.019538	  0.069391	 -0.024072	  0.019523	  0.053710	 -0.056249	 -0.029465	 -0.034534	 -0.050617	 -0.043236	  0.084447
  0.037739	  0.095935	  0.020122	  0.035550	  0.022633	  0.041885	 -0.017532	  0.019543	  0.048827	 -0.056331	 -0.002490	 -0.027160	 -0.022980	 -0.013109	  0.119858
  0.034515	  0.087346	  0.029427	  0.028930	  0.025124	  0.014553	 -0.019846	  0.005544	  0.046390	 -0.071753	 -0.005114	 -0.049816	 -0.016938	 -0.005289	  0.114614
  0.063264	  0.097356	  0.031936	  0.009120	 -0.005607	  0.041807	 -0.021780	  0.010875	  0.045532	 -0.065516	  0.018702	 -0.060593	 -0.009073	 -0.002615	  0.088755
  0.071764	  0.128443	  0.015379	  0.034138	  0.015261	  0.046141	 -0.011729	 -0.005910	  0.030089	 -0.060770	  0.031365	 -0.045553	  0.013681	 -0.007337	  0.076133
  0.072438	  0.114079	 -0.004383	  0.043209	  0.024413	  0.074909	  0.008690	 -0.026812	  0.000781	 -0.039498	  0.036449	 -0.060668	  0.010716	 -0.007031	  0.078950
  0.071340	  0.098562	 -0.031523	  0.051779	  0.029374	  0.076294	 -0.009831	 -0.007616	  0.000992	 -0.032422	  0.034541	 -0.067406	  0.004468	  0.015135	  0.040340
  0.072782	  0.099621	 -0.044110	  0.038097	  0.048320	  0.096675	  0.036986	  0.008122	 -0.003140	 -0.046464	  0.030647	 -0.064194	 -0.004464	  0.006120	  0.011651
  0.047390	  0.073923	 -0.065717	  0.025505	  0.058957	  0.123080	  0.058745	  0.008183	 -0.020678	 -0.023270	  0.036889	 -0.056258	  0.020536	 -0.013405	 -0.000418
  0.061007	  0.100540	 -0.078183	  0.004504	  0.034778	  0.119106	  0.047699	  0.053036	 -0.045898	 -0.018247	  0.027868	 -0.054557	  0.035954	 -0.028770	 -0.017075
  0.055098	  0.114116	 -0.054888	 -0.005240	  0.030252	  0.110653	  0.058612	  0.056293	 -0.057803	 -0.007140	  0.041442	 -0.024775	  0.019412	 -0.038186	 -0.007051
  0.060075	  0.105054	 -0.052514	  0.005875	  0.041115	  0.114467	  0.077911	  0.033605	 -0.012880	 -0.005366	  0.043729	  0.006055	  0.017236	 -0.036685	  0.007719
  0.080207	  0.111789	 -0.097009	 -0.005533	  0.035735	  0.102881	  0.084943	  0.028460	 -0.002449	 -0.006916	  0.035596	 -0.002280	  0.068908	 -0.046108	  0.011707
  0.083699	  0.127628	 -0.085934	 -0.012749	  0.059732	  0.089203	  0.108023	  0.031905	 -0.017989	 -0.015167	  0.004512	  0.010971	  0.082771	 -0.053236	 -0.004176
  0.073913	  0.133266	 -0.076901	 -0.006735	  0.042013	  0.067574	  0.103691	  0.025523	  0.005533	 -0.018400	 -0.005090	  0.004775	  0.077706	 -0.061987	 -0.051857
  0.078814	  0.146578	 -0.056926	  0.023046	  0.042642	  0.079508	  0.096308	  0.009393	  0.018160	 -0.037198	  0.002243	 -0.011996	  0.080390	 -0.020876	 -0.069037
  0.077485	  0.132263	 -0.036471	  0.004078	  0.018524	  0.103185	  0.115190	  0.031984	  0.015115	 -0.055480	  0.000114	 -0.044918	  0.081107	 -0.015080	 -0.107772
  0.086314	  0.123458	 -0.063499	 -0.021845	 -0.002304	  0.091616	  0.084307	  0.058479	  0.001838	 -0.040131	 -0.013428	 -0.042351	  0.106118	 -0.041869	 -0.091007
  0.085891	  0.132478	 -0.076387	 -0.022737	  0.006352	  0.093118	  0.071094	  0.082486	 -0.002808	 -0.045234	 -0.013346	 -0.060189	  0.122878	 -0.041331	 -0.062883
  0.048634	  0.093559	 -0.065303	 -0.008094	  0.012551	  0.080126	  0.036641	  0.078706	 -0.005912	 -0.048817	 -0.001254	 -0.053035	  0.111756	 -0.023269	 -0.014276
  0.032380	  0.101020	 -0.074020	 -0.021510	 -0.003968	  0.069139	 -0.019610	  0.086956	 -0.023076	 -0.039212	 -0.010700	 -0.033726	  0.069933	 -0.050194	  0.050817
  0.003475	  0.095016	 -0.055015	 -0.037955	  0.027017	  0.046110	 -0.030760	  0.075885	 -0.047578	 -0.049995	 -0.013834	 -0.019177	  0.108172	 -0.075572	  0.072062
  0.007904	  0.087360	 -0.024777	 -0.034980	  0.046162	  0.018458	 -0.011654	  0.059285	 -0.043709	 -0.061204	 -0.025721	 -0.020232	  0.116860	 -0.084714	  0.056330
 -0.020579	  0.097108	 -0.025799	 -0.067538	  0.030798	 -0.003090	 -0.020037	  0.042773	 -0.033432	 -0.047801	 -0.008128	 -0.017651	  0.080532	 -0.079337	  0.062487
 -0.018783	  0.081215	 -0.045345	 -0.054061	  0.018210	 -0.008701	  0.002600	  0.041519	 -0.009447	 -0.057605	 -0.006370	 -0.024107	  0.030276	 -0.086798	  0.066705
 -0.019357	  0.063696	 -0.074594	 -0.034693	  0.026241	 -0.013806	  0.011319	  0.058547	 -0.010738	 -0.079355	 -0.009175	 -0.027905	  0.023477	 -0.077411	  0.058172
 -0.044574	  0.030201	 -0.054174	 -0.005804	 -0.006014	 -0.038948	 -0.025902	  0.065811	 -0.024197	 -0.055043	 -0.008304	 -0.021870	  0.024114	 -0.080729	  0.075630
 -0.030699	  0.023530	 -0.022263	  0.017090	 -0.037590	 -0.068716	 -0.037282	  0.039643	 -0.035874	 -0.044723	 -0.010949	 -0.007832	 -0.010099	 -0.092984	  0.069836
 -0.012431	  0.026856	 -0.008622	  0.020161	 -0.046811	 -0.037748	 -0.022012	 -0.010250	 -0.053263	 -0.080064	 -0.015182	  0.005854	 -0.006269	 -0.116094	  0.086322
 -0.036518	  0.045304	  0.016698	  0.030595	 -0.037776	 -0.011657	 -0.020819	 -0.020012	 -0.054296	 -0.058091	 -0.019478	  0.009138	  0.030265	 -0.109549	  0.101766
 -0.047444	  0.078383	  0.007796	  0.031788	 -0.030900	 -0.001941	 -0.002725	 -0.019203	 -0.063432	 -0.062076	  0.015174	  0.001170	  0.050026	 -0.103279	  0.119888
 -0.054853	  0.098966	  0.021619	  0.013971	 -0.013678	  0.019474	 -0.007357	 -0.023626	 -0.040379	 -0.067975	  0.037303	 -0.030355	  0.038273	 -0.059736	  0.113748
 -0.048833	  0.096664	  0.053071	  0.011367	 -0.014425	  0.035315	 -0.007263	  0.001689	 -0.042596	 -0.051937	  0.025319	 -0.019589	  0.034372	 -0.047911	  0.075216
 -0.059159	  0.064385	  0.015860	 -0.001430	 -0.034554	  0.024171	  0.010146	  0.022308	 -0.055105	 -0.056768	  0.015399	 -0.041357	  0.006861	 -0.043032	  0.065617
 -0.057659	  0.053002	 -0.004171	  0.011594	 -0.040759	  0.004800	  0.006082	 -0.016767	 -0.059388	 -0.056377	 -0.001712	 -0.040421	 -0.018685	 -0.035008	  0.026286
 -0.050394	  0.061405	  0.021865	  0.010137	 -0.050765	 -0.006692	  0.013960	 -0.047712	 -0.080025	 -0.058457	 -0.047930	 -0.004973	 -0.027450	 -0.039198	  0.005458
 -0.037689	  0.085387	  0.049251	 -0.015310	 -0.064062	  0.010002	  0.021521	 -0.089973	 -0.066449	 -0.062448	 -0.070141	  0.001385	 -0.048050	 -0.020522	  0.038023
 -0.034883	  0.065006	  0.057237	 -0.032226	 -0.058456	  0.033267	  0.016577	 -0.089780	 -0.070154	 -0.051216	 -0.036462	  0.017188	 -0.039236	 -0.010056	  0.032243
 -0.048214	  0.087656	  0.035682	 -0.022620	 -0.064365	  0.027104	  0.015928	 -0.070565	 -0.059389	 -0.062017	 -0.042754	 -0.005429	 -0.021607	 -0.037899	  0.031466
 -0.022134	  0.081987	  0.046359	 -0.039392	 -0.060484	  0.038548	  0.002967	 -0.057365	 -0.053906	 -0.070511	 -0.074142	 -0.022049	 -0.026333	 -0.036839	  0.036753
 -0.039920	  0.076117	  0.058830	 -0.035738	 -0.022784	  0.085291	  0.015695	 -0.058989	 -0.045484	 -0.082801	 -0.099507	  0.004449	 -0.032693	 -0.014435	  0.065547
 -0.036209	  0.096136	  0.055459	 -0.012464	  0.000206	  0.100486	  0.035728	 -0.052794	 -0.048434	 -0.044505	 -0.098188	  0.033715	 -0.014648	 -0.001074	  0.083010
 -0.028895	  0.109709	  0.050768	  0.005183	 -0.017999	  0.097891	  0.041385	 -0.045833	 -0.043058	 -0.022653	 -0.070385	  0.037744	  0.041615	  0.018003	  0.047399
  0.018272	  0.130597	  0.042449	  0.010139	 -0.047394	  0.095849	  0.036676	 -0.039348	 -0.000486	 -0.063904	 -0.061032	 -0.004005	  0.073558	  0.042472	  0.041700
  0.022126	  0.137419	  0.043910	 -0.000951	 -0.057711	  0.107890	  0.026661	 -0.077428	 -0.003214	 -0.089510	 -0.058646	 -0.033178	  0.075915	  0.082648	  0.025022
  0.045783	  0.143147	  0.039750	 -0.025391	 -0.042590	  0.102147	  0.033649	 -0.069633	 -0.008116	 -0.051444	 -0.052446	 -0.034875	  0.078085	  0.100299	  0.015518
  0.044732	  0.151796	  0.055984	 -0.023012	 -0.041258	  0.117060	  0.009673	 -0.063652	 -0.002081	 -0.027423	 -0.078905	 -0.030186	  0.072528	  0.117979	  0.025331
  0.037150	  0.131194	  0.040355	 -0.013547	 -0.059736	  0.104017	  0.028726	 -0.077152	  0.002038	 -0.012967	 -0.101267	 -0.054185	  0.050739	  0.146722	  0.037182
  0.043904	  0.106786	  0.023624	 -0.035026	 -0.039618	  0.077457	  0.032254	 -0.070935	  0.013260	 -0.031495	 -0.077818	 -0.072278	  0.057958	  0.169859	  0.041902
  0.024993	  0.120967	  0.040804	 -0.047381	 -0.015016	  0.074011	  0.027904	 -0.051382	  0.035077	 -0.078404	 -0.077136	 -0.050140	  0.060228	  0.157927	  0.054100
  0.026231	  0.122612	  0.040331	 -0.039940	 -0.006153	  0.079657	  0.031496	 -0.016281	  0.048088	 -0.065675	 -0.073175	 -0.062364	  0.031252	  0.165666	  0.061095
  0.030703	  0.109515	  0.032980	 -0.031671	  0.015124	  0.084061	  0.017936	 -0.017710	  0.049459	 -0.026090	 -0.073660	 -0.086425	  0.032262	  0.152093	  0.056367
  0.038100	  0.110238	  0.036814	 -0.043662	  0.040031	  0.113269	 -0.011392	 -0.012089	  0.044858	 -0.009773	 -0.054823	 -0.082324	  0.046456	  0.104679	  0.063630
  0.019336	  0.099450	  0.014994	 -0.084583	  0.062473	  0.092562	  0.002892	 -0.005674	  0.061135	 -0.000976	 -0.035479	 -0.043976	  0.071533	  0.081734	  0.082898
 -0.002957	  0.100909	  0.009170	 -0.099842	  0.066760	  0.075831	  0.022747	 -0.026488	  0.068336	  0.016034	 -0.015208	 -0.052020	  0.093472	  0.067606	  0.077319
  0.004131	  0.090397	  0.011176	 -0.103232	  0.058982	  0.088228	  0.028146	 -0.051412	  0.064027	 -0.002520	  0.005533	 -0.067511	  0.092888	  0.070055	  0.055790
  0.009062	  0.105627	  0.038598	 -0.101505	  0.045681	  0.054400	  0.027270	 -0.040942	  0.042159	 -0.024519	  0.051768	 -0.035861	  0.078235	  0.045806	  0.051619
  0.023213	  0.117935	  0.032474	 -0.092923	  0.018769	  0.065440	  0.029970	 -0.028572	  0.048252	 -0.030669	  0.067108	 -0.024869	  0.083922	  0.053357	  0.034546
 -0.002649	  0.128247	  0.016130	 -0.060116	  0.025414	  0.063953	  0.043509	 -0.014110	  0.050780	 -0.019601	  0.074387	 -0.012055	  0.086605	  0.032957	  0.038471
 -0.000808	  0.129160	 -0.010488	 -0.024553	  0.046116	  0.074566	  0.054938	 -0.024979	  0.051573	 -0.013879	  0.060600	 -0.015177	  0.088339	  0.011105	  0.034503
  0.003735	  0.105817	 -0.022038	 -0.057098	  0.057731	  0.080657	  0.050303	 -0.045409	  0.054713	 -0.021395	  0.054277	 -0.004118	  0.063612	  0.020975	  0.052153
  0.010211	  0.113161	 -0.008441	 -0.077276	  0.059699	  0.070718	  0.045846	 -0.067886	  0.041019	 -0.008304	  0.086970	 -0.014843	  0.067944	  0.023350	  0.080425
  0.050762	  0.102223	 -0.006290	 -0.039099	  0.063244	  0.043468	  0.045385	 -0.066966	  0.032356	 -0.017034	  0.080910	 -0.031252	  0.094020	  0.027182	  0.100610
  0.068312	  0.091563	  0.028742	 -0.035448	  0.040321	  0.042684	  0.064929	 -0.056777	  0.030005	 -0.009483	  0.108100	 -0.025191	  0.095363	  0.017012	  0.098978
  0.072369	  0.093637	  0.057330	 -0.029924	  0.034510	  0.088729	  0.037113	 -0.047591	  0.034817	  0.002547	  0.133849	 -0.060456	  0.049964	  0.012649	  0.078454
  0.036478	  0.101416	  0.057003	 -0.021148	  0.038908	  0.088648	  0.053248	 -0.067695	  0.035776	  0.000807	  0.127491	 -0.072439	  0.052830	 -0.003952	  0.084882
  0.003852	  0.083637	  0.014877	  0.007658	  0.025585	  0.078809	  0.063755	 -0.053488	  0.050261	 -0.015362	  0.101380	 -0.063521	  0.040693	 -0.036999	  0.072626
 -0.032196	  0.074214	 -0.010160	  0.030424	  0.035992	  0.076751	  0.061080	 -0.050160	  0.065973	 -0.015754	  0.067274	 -0.063087	  0.043609	 -0.024071	  0.055690
 -0.046298	  0.091644	  0.009668	  0.040188	  0.051383	  0.088933	  0.053036	 -0.034473	  0.034018	 -0.019603	  0.023723	 -0.045160	  0.010138	 -0.014232	  0.062368
 -0.044375	  0.130518	 -0.016967	  0.056902	  0.042688	  0.079580	  0.044459	 -0.025238	  0.022457	 -0.016662	  0.030335	 -0.069082	  0.007323	 -0.021084	  0.066530
 -0.020710	  0.138656	 -0.033999	  0.045772	  0.014312	  0.085706	  0.044821	 -0.011318	  0.012802	  0.006172	  0.053492	 -0.066531	  0.041274	 -0.043331	  0.071999
  0.006046	  0.144717	  0.002826	  0.005531	  0.009909	  0.096992	  0.043549	  0.006671	 -0.000144	 -0.000639	  0.060026	 -0.069262	  0.019087	 -0.077954	  0.067053
  0.023466	  0.139839	  0.008750	  0.009589	  0.007439	  0.074080	  0.053722	  0.034285	  0.007130	 -0.020291	  0.030159	 -0.065211	  0.000176	 -0.064139	  0.075304
  0.026839	  0.109446	  0.000251	  0.001262	 -0.002060	  0.038545	  0.024730	  0.041124	  0.013707	 -0.029184	 -0.008304	 -0.064040	  0.023502	 -0.041311	  0.060719
  0.019614	  0.105775	  0.017955	 -0.016178	  0.002834	  0.012968	  0.042501	  0.044041	  0.014949	 -0.028702	 -0.000038	 -0.061643	  0.047941	 -0.020784	  0.061044
  0.039644	  0.148624	  0.022589	 -0.015847	  0.000927	 -0.000621	  0.065925	  0.055350	  0.004488	 -0.010420	  0.026978	 -0.036871	  0.037118	 -0.008549	  0.044586
  0.040133	  0.165303	  0.057786	  0.008009	 -0.012895	  0.007494	  0.045167	  0.074207	  0.006408	 -0.006143	  0.054354	 -0.053222	  0.038301	 -0.004714	  0.017306
  0.022303	  0.176242	  0.064300	  0.017776	 -0.005044	 -0.006384	  0.046240	  0.069999	  0.009080	 -0.006201	  0.055183	 -0.052336	  0.032026	 -0.005596	  0.021511
  0.013722	  0.138410	  0.056232	  0.023521	 -0.044028	 -0.021043	  0.032015	  0.089487	  0.024974	  0.005252	  0.072283	 -0.036212	  0.046830	  0.013536	  0.004520
  0.021785	  0.121502	  0.070243	  0.022643	 -0.063989	 -0.016243	  0.042513	  0.092656	  0.053652	  0.004014	  0.070519	 -0.020644	  0.049867	  0.012005	  0.032692
  0.023864	  0.121164	  0.094922	  0.026145	 -0.058302	  0.033390	  0.036335	  0.118696	  0.043021	  0.004401	  0.038576	 -0.009046	  0.065557	  0.000601	  0.033987
  0.018469	  0.103967	  0.085913	  0.033070	 -0.059451	  0.054260	  0.052371	  0.118471	  0.021869	  0.008499	  0.029355	 -0.029134	  0.063045	  0.033473	  0.018975
  0.041910	  0.067207	  0.095150	  0.053682	 -0.083390	  0.048539	  0.085098	  0.090670	  0.011933	  0.007779	  0.022000	 -0.064132	  0.058651	  0.059468	 -0.020906
  0.065698	  0.039571	  0.101097	  0.044541	 -0.113049	  0.043256	  0.095720	  0.090679	  0.026207	  0.010487	  0.051447	 -0.082909	  0.053994	  0.026449	 -0.049459
  0.070705	  0.036264	  0.088182	  0.016479	 -0.083889	  0.040192	  0.086370	  0.058663	  0.007755	  0.031599	  0.068984	 -0.098540	  0.025158	  0.041292	 -0.052071
  0.083280	  0.062520	  0.059679	 -0.028839	 -0.073794	  0.046454	  0.073621	  0.028100	 -0.016874	  0.043046	  0.055153	 -0.075492	  0.003465	  0.055217	 -0.030362
  0.078058	  0.061482	  0.013209	 -0.020298	 -0.084638	  0.051185	  0.108040	  0.030270	 -0.028654	  0.040875	  0.039902	 -0.049637	  0.008714	  0.045055	 -0.000326
  0.064091	  0.036834	  0.002840	  0.001813	 -0.115207	  0.066235	  0.087536	  0.019549	 -0.006318	  0.030010	  0.013281	 -0.046669	  0.004611	  0.026149	 -0.049151
  0.043587	  0.016429	 -0.004661	 -0.011687	 -0.123226	  0.073178	  0.053397	  0.026245	 -0.032351	  0.033217	  0.020085	 -0.044384	  0.006567	 -0.016031	 -0.067630
  0.038464	 -0.022125	 -0.009667	  0.007158	 -0.103904	  0.064607	  0.035924	  0.023590	 -0.042894	  0.024605	  0.041037	 -0.056649	  0.027578	 -0.040680	 -0.068031
  0.026797	 -0.020162	  0.000997	 -0.030928	 -0.082341	  0.070038	  0.055141	  0.015101	 -0.038292	  0.046428	  0.028064	 -0.071533	  0.043156	 -0.042245	 -0.063638
  0.022987	 -0.028567	 -0.005349	 -0.036600	 -0.076473	  0.090928	  0.093186	  0.009014	 -0.055765	  0.042399	  0.042323	 -0.062592	  0.053581	 -0.053479	 -0.040334
  0.025505	 -0.019208	  0.004541	 -0.029003	 -0.083673	  0.081070	  0.092779	  0.011449	 -0.061345	  0.001405	  0.045641	 -0.050639	  0.079182	 -0.098497	 -0.006493
  0.034121	  0.005120	 -0.006782	 -0.045097	 -0.063864	  0.081919	  0.076874	 -0.029391	 -0.049861	 -0.007862	  0.045089	 -0.063215	  0.066988	 -0.109292	  0.005591
  0.005883	  0.012391	 -0.004421	 -0.047339	 -0.083940	  0.094662	  0.070718	 -0.051467	 -0.073684	 -0.016583	  0.030014	 -0.066825	  0.041041	 -0.106304	  0.039948
 -0.016258	  0.035335	 -0.001020	 -0.033382	 -0.112579	  0.094573	  0.040624	 -0.059179	 -0.088410	 -0.036538	  0.048904	 -0.048817	  0.025824	 -0.079934	  0.052509
 -0.001647	  0.046559	 -0.004853	 -0.024016	 -0.080520	  0.085902	  0.048665	 -0.097808	 -0.051166	 -0.058334	  0.038444	 -0.034619	  0.053792	 -0.038339	  0.049908
  0.011364	  0.061618	  0.000946	 -0.019185	 -0.074748	  0.090186	  0.039538	 -0.097478	 -0.039664	 -0.068643	  0.004665	 -0.039653	  0.040574	 -0.043776	  0.049267
  0.014933	  0.063147	  0.022999	 -0.048821	 -0.097301	  0.098624	  0.029729	 -0.056110	 -0.024668	 -0.036576	  0.002977	 -0.067348	  0.035294	 -0.036282	  0.047295
 -0.004930	  0.058920	  0.036888	 -0.044175	 -0.109685	  0.119374	  0.019410	 -0.049477	 -0.015271	 -0.042627	 -0.008332	 -0.042521	  0.049050	 -0.022588	  0.024241
  0.016318	  0.045733	  0.031406	 -0.025244	 -0.113918	  0.119467	 -0.013569	 -0.044933	 -0.007302	 -0.038971	  0.005790	 -0.053721	  0.054985	 -0.013403	  0.016303
  0.064705	  0.071085	  0.050576	 -0.027637	 -0.109950	  0.112058	 -0.008655	 -0.010523	 -0.011992	 -0.008667	 -0.001637	 -0.081836	  0.073620	 -0.001692	  0.020779
  0.063405	  0.093433	  0.063677	 -0.030620	 -0.096018	  0.107387	 -0.003575	 -0.037861	 -0.020749	 -0.022039	  0.031418	 -0.098488	  0.090669	 -0.006803	  0.023720
  0.076377	  0.112681	  0.038174	 -0.030074	 -0.114224	  0.089870	 -0.016369	 -0.075484	 -0.010450	 -0.044954	  0.058017	 -0.079947	  0.100997	  0.015469	  0.032917
  0.103045	  0.138777	  0.022963	 -0.015531	 -0.115459	  0.092057	 -0.018162	 -0.050710	 -0.007721	 -0.048943	  0.057882	 -0.065445	  0.110964	  0.027707	  0.024704
  0.113528	  0.153955	  0.015275	 -0.025469	 -0.120749	  0.075408	  0.009573	 -0.018625	 -0.018758	 -0.029391	  0.064486	 -0.064571	  0.096250	  0.036948	  0.026777
  0.106613	  0.145347	  0.005560	 -0.018724	 -0.115099	  0.077571	  0.003952	 -0.026756	 -0.021776	 -0.033975	  0.051235	 -0.046432	  0.081940	  0.079915	  0.054674
  0.100924	  0.143971	 -0.013543	 -0.003277	 -0.101028	  0.065192	 -0.004274	 -0.059682	  0.011622	 -0.026271	  0.034469	 -0.023295	  0.090323	  0.068535	  0.095558
  0.083160	  0.150896	 -0.010322	  0.008250	 -0.110260	  0.047695	  0.016516	 -0.059231	 -0.021066	 -0.020233	  0.008342	 -0.039976	  0.066345	  0.049604	  0.119435
  0.057219	  0.141598	  0.003935	 -0.014126	 -0.097734	  0.041624	  0.040275	 -0.054443	 -0.078051	 -0.035441	 -0.007834	 -0.037866	  0.036815	  0.083349	  0.126860
  0.063573	  0.130282	  0.007789	 -0.004063	 -0.082304	  0.031048	  0.030822	 -0.061755	 -0.067407	 -0.040727	  0.014585	 -0.025199	  0.042952	  0.085571	  0.141587
  0.080720	  0.107882	 -0.008187	 -0.010208	 -0.085654	  0.048233	  0.030796	 -0.062272	 -0.039811	 -0.000470	  0.049727	 -0.032501	  0.084577	  0.094837	  0.130435
  0.090390	  0.089508	 -0.034897	 -0.009319	 -0.107404	  0.054855	  0.032471	 -0.057748	 -0.009726	  0.012444	  0.046456	 -0.035765	  0.083849	  0.091903	  0.114855
  0.068496	  0.060170	 -0.018227	 -0.012877	 -0.105199	  0.077888	  0.022103	 -0.054625	 -0.022531	  0.035196	  0.031078	 -0.041542	  0.085276	  0.086326	  0.121013
  0.029856	  0.062112	 -0.015004	 -0.012955	 -0.082599	  0.084833	  0.016976	 -0.044931	 -0.050944	  0.039433	  0.034260	 -0.065658	  0.120220	  0.088107	  0.112917
  0.029282	  0.075970	 -0.001362	 -0.001524	 -0.107605	  0.064728	  0.024054	 -0.010367	 -0.056025	  0.047183	  0.047337	 -0.083092	  0.108750	  0.090654	  0.102855
  0.040671	  0.098919	  0.024122	 -0.020000	 -0.126779	  0.043761	  0.025898	 -0.001789	 -0.065747	  0.038253	  0.020964	 -0.098857	  0.099162	  0.070027	  0.090123
  0.058388	  0.099056	  0.007810	 -0.005922	 -0.125516	  0.053757	  0.024996	 -0.000733	 -0.077418	  0.033122	  0.021891	 -0.069108	  0.091317	  0.060053	  0.082843
  0.036377	  0.095928	 -0.028375	 -0.006318	 -0.104566	  0.054342	 -0.007428	  0.000968	 -0.049107	  0.037208	  0.007882	 -0.042691	  0.060584	  0.073058	  0.080323
  0.033397	  0.099396	 -0.032194	  0.019271	 -0.062352	  0.055334	  0.036976	 -0.005645	 -0.042152	  0.036212	 -0.016614	 -0.045116	  0.049517	  0.075322	  0.074360
  0.037759	  0.116601	 -0.015499	  0.007898	 -0.037052	  0.081262	  0.037315	 -0.013190	 -0.049005	  0.041718	  0.010094	 -0.039661	  0.053725	  0.053566	  0.052771
