:RUN-1	DP I-O	5:32 PM	TEMP: NaN	HR: NaN
Level Step Size:5.00	Start dB SPL: 20	Stop dB SPL: 80	# Buffers Averaged: 8.00	Update Interval:5	Ear:Left	Etymotics Gain:40	Ipsi Driver:Starship	
:NOTES-
:CHAMBER-Bach
:CFTS Version: V2.37.2 (R3379)
:dB	f1(Hz)	f2(Hz)	f1(dB)	f2(dB)	2f1-f2(dB)	2f1-f2Nse(dB)	f2-f1(dB)	f2-f1Nse(dB)	2f1-f2Phase Shox (1)	PostexposureTime(min)
:DATA
 20.00	3340.00	4000.00	 30.07	 20.21	 -4.78	 -4.66	  7.54	  9.23	  0.00	   NaN
 25.00	3340.00	4000.00	 35.03	 24.98	  1.10	 -2.06	 12.42	 11.50	  0.00	   NaN
 30.00	3340.00	4000.00	 40.01	 29.97	 -2.84	 -5.35	  6.81	  8.51	  0.00	   NaN
 35.00	3340.00	4000.00	 45.02	 34.96	 -1.70	 -2.35	 11.48	 11.55	  0.00	   NaN
 40.00	3340.00	4000.00	 50.02	 39.99	 -4.04	 -5.23	  9.56	  8.30	  0.00	   NaN
 45.00	3340.00	4000.00	 55.00	 44.98	 -2.16	 -2.83	 14.47	 12.79	  0.00	   NaN
 50.00	3340.00	4000.00	 60.01	 49.99	  3.09	  3.98	 25.20	 25.70	  0.00	   NaN
 55.00	3340.00	4000.00	 65.01	 55.00	 -3.12	 -0.76	 11.91	 14.61	  0.00	   NaN
 60.00	3340.00	4000.00	 70.01	 59.99	  2.38	 -0.22	 13.15	 14.34	  0.00	   NaN
 65.00	3340.00	4000.00	 75.02	 65.00	 -1.26	 -3.75	  9.00	 12.21	  0.00	   NaN
 70.00	3340.00	4000.00	 80.02	 70.00	 -2.44	 -0.33	 14.58	 12.34	  0.00	   NaN
 75.00	3340.00	4000.00	 85.03	 75.00	  0.96	 -0.72	 20.61	 14.32	  0.00	   NaN
 80.00	3340.00	4000.00	 90.05	 80.01	 -2.06	 -1.41	 32.53	 11.23	  0.00	   NaN
 20.00	6660.00	8000.00	 30.02	 20.29	 -8.13	 -9.72	  6.49	  5.83	  0.00	   NaN
 25.00	6660.00	8000.00	 34.99	 24.96	 -7.86	 -7.07	  9.82	  8.81	  0.00	   NaN
 30.00	6660.00	8000.00	 39.99	 30.13	-13.49	-12.60	  3.39	  2.29	  0.00	   NaN
 35.00	6660.00	8000.00	 44.98	 34.97	 -8.14	 -8.22	  3.53	  5.76	  0.00	   NaN
 40.00	6660.00	8000.00	 49.98	 39.95	-11.08	-12.10	  3.19	  2.03	  0.00	   NaN
 45.00	6660.00	8000.00	 54.97	 44.96	 -5.38	 -9.80	  2.16	  3.65	  0.00	   NaN
 50.00	6660.00	8000.00	 59.97	 49.98	  0.73	 -8.75	  6.87	  8.11	  0.00	   NaN
 55.00	6660.00	8000.00	 64.97	 54.98	  1.32	-13.17	  2.88	  1.13	  0.00	   NaN
 60.00	6660.00	8000.00	 69.98	 59.99	  4.07	-13.33	  7.69	  4.23	  0.00	   NaN
 65.00	6660.00	8000.00	 74.99	 64.99	  6.46	 -5.64	 11.68	  9.39	  0.00	   NaN
 70.00	6660.00	8000.00	 80.00	 69.99	  9.41	 -7.22	  9.70	  6.83	  0.00	   NaN
 75.00	6660.00	8000.00	 85.02	 75.00	 13.02	-12.76	 15.00	 -0.28	  0.00	   NaN
 80.00	6660.00	8000.00	 90.07	 80.04	 20.64	 -9.38	 25.54	  1.01	  0.00	   NaN
 20.00	13340.00	16000.00	 29.97	 19.56	 -3.13	 -3.70	 -0.87	 -2.89	  0.00	   NaN
 25.00	13340.00	16000.00	 34.98	 24.73	-10.61	 -5.65	 -7.68	 -6.12	  0.00	   NaN
 30.00	13340.00	16000.00	 39.97	 29.91	  2.36	 -3.45	 -0.23	  1.62	  0.00	   NaN
 35.00	13340.00	16000.00	 44.96	 35.00	  9.13	 -5.94	 -3.87	 -4.92	  0.00	   NaN
 40.00	13340.00	16000.00	 49.96	 39.94	 17.48	 -5.26	  0.35	 -2.84	  0.00	   NaN
 45.00	13340.00	16000.00	 54.97	 44.92	 23.09	 -4.10	  3.38	  3.20	  0.00	   NaN
 50.00	13340.00	16000.00	 59.97	 49.93	 27.40	 -5.70	 -1.66	 -1.96	  0.00	   NaN
 55.00	13340.00	16000.00	 64.95	 54.92	 29.75	 -7.44	 -2.27	 -3.14	  0.00	   NaN
 60.00	13340.00	16000.00	 69.93	 59.92	 30.18	 -6.52	 -3.15	 -6.93	  0.00	   NaN
 65.00	13340.00	16000.00	 74.95	 64.93	 30.37	 -8.20	 -5.33	 -4.08	  0.00	   NaN
 70.00	13340.00	16000.00	 79.97	 69.92	 32.35	 -4.03	 -0.82	 -2.58	  0.00	   NaN
 75.00	13340.00	16000.00	 85.01	 74.90	 36.16	 -3.76	  0.34	 -0.86	  0.00	   NaN
 80.00	13340.00	16000.00	 90.10	 79.91	 42.66	 -3.38	  8.36	  0.01	  0.00	   NaN
 20.00	26660.00	32000.00	 29.97	 20.19	  2.53	  3.45	 -7.31	 -8.04	  0.00	   NaN
 25.00	26660.00	32000.00	 34.95	 25.02	  1.98	  3.02	 -8.25	 -8.17	  0.00	   NaN
 30.00	26660.00	32000.00	 39.96	 29.96	  3.79	  2.80	-10.53	 -7.68	  0.00	   NaN
 35.00	26660.00	32000.00	 44.98	 35.10	  1.76	  1.54	-10.52	-10.45	  0.00	   NaN
 40.00	26660.00	32000.00	 49.97	 40.05	  5.26	  0.60	-13.51	 -9.19	  0.00	   NaN
 45.00	26660.00	32000.00	 54.96	 45.08	 11.37	  1.99	-11.48	 -8.51	  0.00	   NaN
 50.00	26660.00	32000.00	 59.96	 50.08	 15.07	  3.91	 -4.41	 -7.87	  0.00	   NaN
 55.00	26660.00	32000.00	 64.96	 55.06	 19.46	  2.31	 -5.04	 -7.97	  0.00	   NaN
 60.00	26660.00	32000.00	 69.96	 60.04	 20.59	  4.35	 -5.19	 -6.77	  0.00	   NaN
 65.00	26660.00	32000.00	 74.96	 65.04	 20.55	  3.67	-12.78	-10.55	  0.00	   NaN
 70.00	26660.00	32000.00	 79.97	 70.04	 18.00	  3.12	 -5.60	 -9.56	  0.00	   NaN
 75.00	26660.00	32000.00	 84.96	 75.04	 22.84	  2.21	  1.03	-12.08	  0.00	   NaN
 80.00	26660.00	32000.00	 89.99	 80.03	 31.79	  2.11	  7.12	-10.59	  0.00	   NaN
 20.00	37760.00	45300.00	 30.15	 19.96	 -2.51	 -6.31	 -5.62	 -7.75	  0.00	   NaN
 25.00	37760.00	45300.00	 35.09	 24.27	 -8.53	 -4.20	 -4.70	 -6.70	  0.00	   NaN
 30.00	37760.00	45300.00	 40.09	 29.63	 -1.64	 -4.43	 -9.07	 -7.23	  0.00	   NaN
 35.00	37760.00	45300.00	 45.06	 35.02	 -5.84	 -4.76	 -5.90	 -5.81	  0.00	   NaN
 40.00	37760.00	45300.00	 50.00	 39.98	 -5.04	 -3.10	 -2.75	 -6.49	  0.00	   NaN
 45.00	37760.00	45300.00	 54.99	 45.00	 -2.36	 -2.58	 -7.46	 -6.51	  0.00	   NaN
 50.00	37760.00	45300.00	 60.02	 50.01	 -2.81	 -4.50	 -4.81	 -7.76	  0.00	   NaN
 55.00	37760.00	45300.00	 65.02	 55.01	 -2.79	 -3.99	 -5.64	 -6.88	  0.00	   NaN
 60.00	37760.00	45300.00	 70.02	 60.02	  2.65	 -2.37	 -4.06	 -4.48	  0.00	   NaN
 65.00	37760.00	45300.00	 75.01	 65.01	  6.30	 -2.83	 -2.06	 -3.77	  0.00	   NaN
 70.00	37760.00	45300.00	 80.01	 70.01	  8.62	 -5.35	 -4.18	 -5.45	  0.00	   NaN
 75.00	37760.00	45300.00	 85.02	 75.01	  7.86	 -5.11	 -5.77	 -7.75	  0.00	   NaN
 80.00	37760.00	45300.00	 90.02	 80.00	  9.50	 -5.30	 -1.48	 -5.56	  0.00	   NaN
